public/data/weather/current/archive/(253.23)current-temp-surface-level-gfs-1.0.json
{"header": {"discipline":0,"disciplineName":"Meteorological products","gribEdition":2,"gribLength":61787,"center":7,"centerName":"US National Weather Service - NCEP(WMC)","subcenter":0,"refTime":"2014-11-30T06:00:00.000Z","significanceOfRT":1,"significanceOfRTName":"Start of forecast","productStatus":0,"productStatusName":"Operational products","productType":1,"productTypeName":"Forecast products","productDefinitionTemplate":0,"productDefinitionTemplateName":"Analysis/forecast at horizontal level/layer at a point in time","parameterCategory":0,"parameterCategoryName":"Temperature","parameterNumber":0,"parameterNumberName":"Temperature","parameterUnit":"K","genProcessType":2,"genProcessTypeName":"Forecast","forecastTime":6,"surface1Type":103,"surface1TypeName":"Specified height level above ground","surface1Value":2,"surface2Type":255,"surface2TypeName":"Missing","surface2Value":0,"gridDefinitionTemplate":0,"gridDefinitionTemplateName":"Latitude_Longitude","numberPoints":65160,"shape":6,"shapeName":"Earth spherical with radius of 6,371,229.0 m","gridUnits":"degrees","resolution":48,"winds":"true","scanMode":0,"nx":360,"ny":181,"basicAngle":0,"subDivisions":0,"lo1":0,"la1":90,"lo2":359,"la2":-90,"dx":1,"dy":1}, "data":
[rows 46 to 91 of 181, columns 0 to 95 of 360]
82,243,175,44,148,2,78,253,264,38,70,180,198,247,61,236,33,17,42,147,236,190,40,26,83,205,200,108,222,232,135,217,71,174,249,105,158,233,218,96,9,273,0,270,119,1,162,198,238,183,196,217,213,17,161,26,206,141,69,12,17,0,112,151,245,26,207,180,112,219,177,65,115,179,89,4,249,6,170,139,46,49,54,256,88,4,222,59,129,171,242,34,112,22,187,242
27,133,72,226,125,255,189,107,5,230,88,22,77,138,53,111,206,235,41,227,92,147,239,238,123,238,110,156,188,43,234,215,120,245,138,162,117,45,4,229,133,50,14,110,252,216,92,22,161,185,0,45,11,189,205,59,226,43,184,19,252,135,220,2,19,273,12,135,40,229,250,38,262,88,98,129,221,11,46,174,152,6,125,109,135,97,122,158,22,10,86,59,127,123,200,225
163,129,40,118,44,168,97,240,14,56,64,166,100,168,78,201,172,231,227,187,207,104,254,23,90,123,65,53,163,201,115,114,15,28,136,263,137,70,150,271,137,88,96,11,162,97,58,132,221,100,220,22,187,44,48,228,5,57,188,253,1,153,85,147,17,77,262,15,160,159,190,232,109,140,212,155,247,239,93,239,231,152,118,46,48,24,75,219,257,251,196,81,243,158,11,154
28,9,3,260,106,62,261,199,160,68,179,21,65,207,199,223,126,16,61,263,31,262,22,130,53,145,29,221,145,37,40,81,248,101,33,3,245,265,172,258,152,149,0,203,150,60,124,73,71,157,50,14,61,199,181,256,167,44,161,94,115,134,145,205,182,9,210,12,195,132,148,92,118,125,119,166,16,35,5,139,194,15,149,132,108,29,209,205,51,136,5,247,25,36,253,177
43,174,183,155,120,18,171,22,266,1,51,236,154,22,182,145,228,8,182,27,193,203,58,241,124,92,133,43,6,237,24,259,250,267,205,83,99,246,197,257,124,27,187,135,196,5,76,139,118,43,26,8,181,29,83,259,209,197,113,74,217,85,121,10,73,215,249,1,175,199,148,185,270,122,175,198,63,126,91,92,128,32,173,219,269,3,185,19,253,97,121,264,259,153,56,61
123,211,153,121,185,11,240,108,96,42,259,21,55,186,126,137,253,156,85,124,213,83,237,86,215,230,48,160,82,86,45,263,132,248,109,90,18,225,97,158,15,67,191,106,155,32,84,43,69,202,134,213,20,137,243,5,223,194,245,236,77,94,247,123,184,235,26,29,260,111,100,253,61,174,224,181,124,264,184,123,212,244,51,154,144,182,186,197,163,18,273,268,79,54,114,104
42,17,80,70,212,113,227,19,118,157,181,208,92,272,149,165,50,207,82,167,14,204,150,209,138,153,6,62,57,261,70,121,226,127,48,222,193,98,37,14,250,77,115,69,10,178,203,159,125,25,103,185,145,132,213,106,246,60,122,91,40,91,60,260,261,172,57,92,27,164,100,72,159,77,49,174,67,133,4,154,83,122,40,140,75,267,119,64,168,115,240,140,172,158,30,262
96,140,184,128,170,204,69,5,204,59,38,119,150,128,223,225,169,40,232,243,194,140,56,71,142,242,247,270,47,28,18,210,6,15,107,25,161,118,193,257,261,14,14,156,97,196,51,249,73,120,76,80,241,176,103,91,52,100,134,127,72,109,94,81,125,159,217,9,83,74,91,9,206,31,154,205,116,198,203,149,129,97,29,100,248,271,44,201,8,117,6,115,98,19,89,234
70,107,154,141,36,95,268,115,159,269,73,161,81,31,74,192,250,136,34,148,208,76,25,193,266,3,2,222,137,4,136,188,100,227,74,190,69,77,107,127,143,92,229,229,191,138,129,37,128,159,165,237,29,131,200,161,155,175,131,198,7,134,251,5,0,40,153,175,83,224,77,262,148,31,22,146,229,256,54,47,50,254,268,240,88,105,71,26,3,234,123,227,255,112,186,67
228,81,69,213,24,19,34,195,10,24,228,124,237,126,264,28,108,117,131,127,148,58,190,190,252,228,169,69,155,215,51,90,123,166,18,151,11,113,46,73,233,70,178,213,201,207,90,231,200,81,204,154,163,15,213,3,179,105,179,169,258,105,38,69,128,5,129,144,151,11,172,60,50,191,54,32,183,63,154,79,239,256,202,55,188,249,155,7,137,176,237,240,172,225,23,130
117,198,242,70,80,16,233,138,152,24,6,117,107,223,177,4,203,242,20,197,231,62,160,175,73,133,113,101,101,141,76,85,118,167,88,211,221,66,121,244,186,122,138,102,122,231,102,43,132,206,231,55,147,1,136,234,62,269,37,14,218,12,149,67,260,228,107,251,0,8,251,86,66,60,18,25,239,118,60,239,218,228,21,227,194,139,147,86,5,118,74,232,197,47,83,207
164,129,60,178,67,94,177,111,126,251,120,106,35,156,205,4,228,122,233,171,57,121,46,265,99,72,188,25,85,30,76,208,114,220,225,78,101,94,232,232,55,89,249,47,131,178,9,120,28,184,233,148,262,189,220,161,58,61,17,246,18,271,204,0,156,53,161,125,260,259,139,6,144,214,104,64,107,103,11,42,66,192,113,64,13,12,196,196,229,107,5,48,138,268,145,27
14,270,119,53,3,68,170,271,42,238,143,125,130,190,240,87,83,154,140,147,42,185,200,76,268,143,227,168,19,60,36,210,23,209,224,267,94,56,249,197,114,131,214,268,116,40,28,203,73,226,35,190,29,24,49,85,58,138,154,143,253,176,143,138,25,74,232,198,171,205,172,211,39,181,220,93,193,194,224,134,266,43,93,74,49,199,70,139,223,149,199,237,236,254,230,61
143,188,136,255,256,93,166,217,269,16,132,119,236,243,86,171,166,48,136,76,257,124,28,12,72,95,206,88,71,12,224,10,240,136,273,217,59,166,91,198,246,117,28,85,167,155,255,198,57,70,267,108,95,253,232,46,236,205,179,62,117,4,151,30,135,161,128,177,33,261,125,220,59,101,64,113,160,259,108,273,4,241,249,208,249,211,157,71,18,190,241,156,174,230,15,81
78,33,213,203,216,250,148,106,238,131,231,48,223,165,62,9,110,176,156,85,20,32,86,166,10,244,153,13,232,63,250,52,106,183,101,167,74,2,208,151,244,206,40,160,236,239,62,270,48,124,191,165,158,132,117,122,49,114,147,95,221,87,228,218,269,53,254,268,102,11,40,119,5,123,29,136,100,215,195,104,89,268,221,107,256,152,211,217,260,225,216,160,192,107,93,26
93,132,47,227,1,181,213,80,212,134,235,249,224,83,92,97,253,14,211,211,144,207,241,17,96,45,124,181,243,260,271,133,66,228,12,182,254,270,230,53,72,207,148,90,66,115,199,109,252,226,107,24,144,6,109,265,135,30,0,123,47,34,249,258,28,45,60,197,181,35,70,5,8,213,71,235,143,103,56,79,32,148,151,125,116,160,97,69,236,80,87,216,179,186,59,87
105,212,74,163,2,124,260,116,264,255,242,171,146,106,222,214,21,30,237,209,66,163,119,251,24,235,134,220,210,80,10,239,5,45,53,103,174,49,162,34,140,259,11,156,143,156,63,186,151,191,221,106,140,121,249,231,122,186,20,271,174,203,14,257,272,94,96,5,29,136,150,161,72,229,255,90,137,237,112,64,189,78,222,253,158,134,96,116,52,187,73,140,115,153,228,72
189,65,100,29,197,209,65,4,269,106,187,132,146,213,203,17,12,268,252,267,29,226,234,264,147,140,132,145,162,68,93,236,57,38,254,168,188,134,188,21,15,105,47,126,273,99,23,245,18,258,162,148,143,192,56,167,31,122,247,94,166,176,212,89,145,128,120,258,42,221,165,109,190,2,99,152,211,78,247,0,251,4,227,272,111,97,46,139,105,245,247,167,9,226,185,75
162,159,146,157,228,106,127,53,42,137,93,152,108,91,220,156,236,244,30,217,77,249,31,268,23,201,6,18,43,223,163,76,46,220,1,218,210,248,150,83,163,80,38,269,94,99,110,77,78,164,54,30,101,101,126,259,124,247,149,176,149,187,184,153,271,177,119,267,176,58,54,173,222,271,178,131,232,75,250,7,33,233,90,180,41,255,72,210,91,208,255,27,139,264,241,223
146,183,264,115,98,268,127,107,150,153,3,266,105,164,213,67,2,271,148,20,98,163,217,196,120,38,32,79,58,253,244,45,36,80,50,257,88,60,157,86,131,70,192,164,198,49,15,13,198,55,196,92,137,139,186,119,111,201,95,158,56,153,225,252,63,64,264,158,268,63,156,135,62,41,196,158,173,227,166,128,225,154,205,89,271,171,77,254,83,220,66,212,166,203,12,207
26,34,34,204,244,261,251,87,165,79,110,175,240,38,126,54,86,127,151,186,143,271,173,43,44,27,227,190,103,215,47,149,73,114,52,212,18,234,206,89,64,188,125,249,213,126,23,112,267,199,5,195,83,43,125,64,121,262,140,134,158,16,156,32,224,117,49,200,80,261,176,46,55,35,199,13,69,138,233,99,103,175,234,135,272,8,214,92,42,196,215,52,113,88,52,118
21,172,56,18,31,88,165,259,202,64,176,205,99,266,15,148,168,201,242,169,230,208,264,260,46,32,14,236,252,212,69,57,232,144,196,172,246,57,208,200,112,246,113,147,36,183,217,255,147,191,90,243,156,221,138,5,185,116,20,101,86,56,122,90,136,264,85,102,80,55,134,3,230,13,115,140,205,3,244,221,1,115,32,267,87,75,13,267,208,61,26,56,125,160,213,206
17,233,15,187,203,236,17,19,16,17,189,35,128,163,180,81,99,158,10,32,104,253,227,5,69,52,2,179,169,14,97,93,103,271,92,26,262,92,256,243,189,103,197,104,146,131,252,189,132,272,225,211,98,222,74,147,239,54,212,119,150,192,49,177,183,200,95,246,67,9,141,222,122,75,52,147,10,2,272,122,15,213,154,120,228,117,48,85,104,27,61,230,61,259,182,123
169,145,241,223,144,259,240,256,48,231,147,142,101,120,107,162,110,272,162,56,132,46,217,64,252,141,271,141,174,214,120,49,243,26,124,19,140,38,168,77,108,269,21,130,211,226,61,117,227,64,79,178,6,111,5,137,143,36,20,149,85,19,197,145,246,189,107,171,88,269,32,74,133,213,71,163,46,10,222,49,220,101,93,214,66,136,204,90,222,229,249,169,103,12,160,118
242,170,217,249,149,218,67,138,179,273,35,168,179,120,234,258,194,13,16,147,144,115,72,72,189,90,87,119,153,62,8,180,131,61,270,61,191,189,71,15,193,165,52,227,60,178,52,99,54,147,239,248,106,132,94,234,1,257,186,203,77,152,219,240,219,103,25,44,219,183,225,236,96,184,76,227,73,1,88,1,128,237,142,89,146,259,129,165,18,273,236,39,139,126,207,104
160,47,21,210,167,258,241,201,255,159,212,15,105,187,113,32,194,101,78,88,79,60,251,128,255,188,97,216,67,78,161,30,141,92,52,5,105,202,37,43,254,235,159,86,220,143,108,242,24,118,120,108,228,156,12,54,183,174,188,215,248,129,207,133,50,268,77,63,139,155,250,173,61,27,166,254,198,205,5,78,94,241,85,152,222,171,158,11,157,11,107,109,91,44,48,0
64,40,271,249,168,64,56,84,149,102,225,87,30,92,181,50,99,187,273,139,214,200,68,122,260,59,227,101,247,36,216,158,270,157,20,62,99,159,180,46,2,102,235,35,239,156,82,156,128,67,236,16,137,225,55,122,179,204,48,248,32,52,14,214,74,141,2,268,59,176,37,105,160,34,218,86,243,87,115,71,234,260,22,10,7,176,72,103,176,162,80,116,244,267,88,32
124,68,241,262,163,84,131,29,64,180,131,239,130,131,226,8,92,250,181,254,74,14,267,32,166,265,211,217,15,77,6,232,135,51,107,273,206,28,102,182,197,6,183,102,80,272,36,80,223,3,269,50,164,1,22,125,62,20,34,49,266,67,252,78,63,42,132,88,192,148,147,261,103,182,6,100,155,199,53,118,76,123,145,263,150,213,99,215,238,35,196,164,267,180,99,34
138,15,217,240,180,161,62,124,178,162,1,19,222,51,45,261,55,155,248,262,19,7,197,121,52,163,144,154,161,205,193,161,8,177,15,267,160,137,188,167,218,101,219,199,78,206,156,33,77,266,42,25,72,43,139,155,200,221,2,247,131,18,132,23,2,232,1,139,260,15,209,248,56,246,184,180,249,225,77,131,237,175,9,165,85,127,229,30,109,191,265,168,161,127,269,174
4,174,13,190,58,8,77,69,3,252,161,67,142,3,218,161,125,128,181,111,8,13,62,156,109,15,239,74,273,135,108,150,138,253,84,217,218,25,153,182,261,246,119,114,6,95,255,265,210,167,96,258,176,257,213,146,212,251,26,248,42,120,224,127,261,17,47,85,74,86,9,197,5,140,105,56,3,161,62,19,48,18,220,79,173,112,96,178,255,37,15,241,171,160,182,56
164,225,43,144,3,237,172,95,53,186,153,3,7,244,120,68,201,273,87,199,15,175,21,152,244,272,183,250,84,231,46,74,142,46,152,241,241,130,249,139,196,259,222,89,163,123,258,98,120,258,145,143,22,73,181,247,238,24,100,150,184,271,257,180,63,58,16,217,164,8,227,95,249,167,157,117,114,152,9,174,105,253,239,164,191,243,139,104,37,100,99,36,32,209,99,123
10,255,101,107,155,146,73,63,44,154,39,131,0,135,111,194,57,36,249,66,35,42,242,72,209,201,196,209,191,25,139,34,210,206,171,56,129,166,216,136,252,105,225,267,18,237,111,39,36,214,247,151,9,246,105,188,37,220,192,31,146,105,155,196,262,78,129,152,198,271,73,5,271,89,121,230,59,62,127,253,35,24,114,237,234,72,171,60,89,202,209,100,111,147,68,103
25,42,257,262,198,172,156,159,214,225,156,191,10,98,82,218,129,194,137,239,67,77,88,257,224,181,57,198,268,266,176,75,115,97,240,245,226,37,26,114,50,244,87,26,12,178,212,204,228,155,0,189,18,131,252,171,10,124,79,94,128,75,81,142,224,185,13,3,131,126,9,234,46,235,59,105,184,228,2,56,13,214,174,234,189,50,3,264,9,61,199,30,181,54,262,194
244,119,45,213,210,247,186,23,18,124,33,191,193,67,8,252,195,175,110,139,141,177,18,108,4,136,17,242,202,72,51,190,181,245,84,212,53,108,135,269,114,81,178,236,2,197,167,273,197,271,257,133,12,124,52,235,149,151,197,141,61,199,118,99,111,249,161,122,80,123,233,106,59,35,189,148,250,15,157,131,270,196,15,217,232,2,142,44,63,252,248,35,263,262,195,29
172,237,41,184,101,111,83,244,108,24,157,28,226,178,164,219,114,264,59,46,14,156,124,34,153,151,101,203,87,265,160,231,54,41,235,159,136,253,1,168,153,99,74,101,45,170,129,71,134,135,237,95,86,183,190,161,54,116,40,48,10,114,88,250,81,86,197,123,3,223,195,159,16,64,115,80,263,248,244,224,185,25,101,117,24,204,219,63,219,215,257,165,76,117,190,231
63,272,82,133,37,133,188,27,240,14,187,105,206,52,116,237,269,37,101,146,56,153,191,5,49,229,213,229,165,41,255,26,130,263,102,147,117,172,119,162,189,153,59,261,14,113,45,103,150,258,18,208,99,7,43,202,218,125,54,228,266,109,209,215,155,214,249,108,151,90,237,31,142,47,80,83,75,228,164,10,21,234,26,258,207,170,60,205,65,83,264,208,218,110,144,196
81,151,122,267,145,113,18,269,135,5,114,201,77,126,38,147,210,232,122,135,265,111,252,151,52,269,219,108,92,27,37,94,153,213,188,117,39,47,261,59,250,16,151,260,113,167,205,24,209,75,192,40,13,170,261,120,230,232,158,39,246,219,242,127,81,52,230,71,248,9,207,73,29,174,101,123,219,165,226,124,12,62,121,63,104,12,236,186,53,64,222,37,231,251,175,86
107,252,97,161,200,175,266,28,1,53,175,154,83,97,9,172,104,241,225,31,49,81,20,179,234,85,17,165,39,3,237,242,120,3,70,201,157,191,173,22,189,197,11,183,106,120,191,223,175,80,193,60,192,76,99,203,101,243,77,46,107,37,158,104,159,10,12,214,71,262,71,135,123,48,118,116,97,67,247,145,131,256,151,198,167,118,240,176,231,42,28,34,167,8,201,101
265,133,52,32,232,41,152,135,99,60,137,112,252,262,182,162,157,18,128,248,252,42,205,204,215,112,24,216,15,25,252,112,140,97,46,101,111,129,145,69,167,41,233,93,83,51,219,73,15,34,107,157,213,46,127,196,175,53,203,266,125,127,16,210,243,195,37,27,175,157,165,148,235,154,118,217,100,257,28,206,144,214,37,18,204,105,236,39,10,88,29,264,254,154,70,169
180,196,104,190,220,151,89,54,79,188,186,7,39,217,45,62,206,174,230,157,4,110,34,161,20,133,197,163,27,172,122,41,110,104,91,30,217,218,252,18,237,10,75,169,120,207,107,11,156,56,59,225,235,111,89,224,218,219,158,242,50,11,188,14,224,266,183,111,208,251,164,251,127,62,24,83,51,9,243,147,132,7,134,17,145,111,149,218,94,61,172,57,123,105,259,153
88,133,247,182,141,61,265,80,50,214,194,82,36,10,135,102,211,11,59,70,201,191,109,263,221,28,80,29,63,257,106,73,152,36,98,265,195,90,42,176,203,190,132,247,37,38,120,16,270,217,43,273,11,247,9,232,22,258,250,271,177,138,205,135,42,255,241,204,206,97,86,117,260,253,244,147,108,187,100,12,135,130,184,120,220,13,250,221,19,111,192,88,248,37,87,264
124,258,26,264,7,123,32,244,129,81,90,128,131,158,109,236,224,74,114,107,137,116,17,230,27,229,266,139,2,124,7,169,37,205,184,34,108,95,133,137,78,213,141,88,186,151,245,180,169,31,251,109,262,223,126,159,90,206,264,254,124,256,217,124,212,149,102,128,194,149,224,72,72,99,65,213,224,30,218,193,44,240,264,109,23,113,204,31,53,119,85,259,152,122,164,140
81,60,113,59,271,256,237,8,162,73,160,21,213,43,167,175,50,49,178,62,125,107,6,261,12,105,17,195,208,108,7,241,265,31,201,190,144,242,214,26,134,165,8,3,164,145,131,165,85,134,17,71,140,14,103,70,69,78,35,166,54,27,237,20,224,30,12,235,225,102,180,6,254,232,238,97,140,168,242,52,58,115,133,84,253,91,220,127,115,126,23,269,20,152,4,264
23,115,269,208,117,72,147,125,251,57,215,54,265,138,41,145,91,135,128,82,191,67,106,228,118,187,212,79,135,196,255,95,200,149,18,65,183,257,181,31,35,101,169,193,183,75,137,265,84,90,171,223,171,9,232,97,135,62,232,255,50,219,31,169,125,108,169,223,254,74,163,29,55,212,267,53,34,253,233,254,55,118,20,23,257,21,64,172,11,29,51,47,197,80,260,144
2,259,71,166,6,177,37,166,29,233,224,78,187,53,80,168,69,254,3,66,15,122,137,74,229,131,33,262,218,101,202,210,26,248,168,89,63,208,55,170,35,13,65,25,220,159,57,207,91,194,179,181,71,40,107,148,72,140,248,99,98,48,125,6,35,99,43,78,101,84,241,141,89,185,171,61,2,157,144,65,159,228,201,72,89,15,163,171,233,56,23,8,249,102,264,146
126,98,30,47,81,153,265,164,184,57,104,111,52,27,66,48,219,1,223,188,113,52,30,175,57,156,219,137,39,52,117,209,200,240,260,174,80,93,8,196,208,120,91,238,25,77,30,106,119,265,153,235,238,219,193,113,187,58,8,21,110,118,4,166,36,212,125,0,195,107,65,3,185,230,54,64,248,268,119,102,253,52,83,126,157,15,234,42,246,207,68,266,48,68,190,231
