public/data/weather/current/archive/(253.23)current-temp-surface-level-gfs-1.0.json
{"header": {"discipline":0,"disciplineName":"Meteorological products","gribEdition":2,"gribLength":61787,"center":7,"centerName":"US National Weather Service - NCEP(WMC)","subcenter":0,"refTime":"2014-11-30T06:00:00.000Z","significanceOfRT":1,"significanceOfRTName":"Start of forecast","productStatus":0,"productStatusName":"Operational products","productType":1,"productTypeName":"Forecast products","productDefinitionTemplate":0,"productDefinitionTemplateName":"Analysis/forecast at horizontal level/layer at a point in time","parameterCategory":0,"parameterCategoryName":"Temperature","parameterNumber":0,"parameterNumberName":"Temperature","parameterUnit":"K","genProcessType":2,"genProcessTypeName":"Forecast","forecastTime":6,"surface1Type":103,"surface1TypeName":"Specified height level above ground","surface1Value":2,"surface2Type":255,"surface2TypeName":"Missing","surface2Value":0,"gridDefinitionTemplate":0,"gridDefinitionTemplateName":"Latitude_Longitude","numberPoints":65160,"shape":6,"shapeName":"Earth spherical with radius of 6,371,229.0 m","gridUnits":"degrees","resolution":48,"winds":"true","scanMode":0,"nx":360,"ny":181,"basicAngle":0,"subDivisions":0,"lo1":0,"la1":90,"lo2":359,"la2":-90,"dx":1,"dy":1}, "data":
[rows 92 to 137 of 181, columns 0 to 95 of 360]
25,141,151,172,162,139,111,156,198,184,41,216,179,92,38,152,188,207,89,209,69,109,135,177,20,220,194,273,161,120,125,101,224,88,235,16,205,227,40,46,264,121,262,133,143,70,40,113,222,4,70,273,250,246,254,78,4,13,247,153,15,151,234,202,193,125,213,201,33,56,79,111,241,33,113,259,170,146,110,254,107,18,4,209,79,12,27,8,250,44,54,201,22,247,235,249
111,91,49,272,273,235,122,30,183,51,116,225,194,151,232,152,211,210,46,269,206,239,24,235,181,256,92,150,237,176,32,210,143,141,191,176,230,103,227,221,85,94,66,111,88,92,162,11,169,73,45,74,244,18,222,34,228,117,208,158,215,173,158,152,45,81,76,2,189,264,214,253,249,131,228,46,56,44,197,196,161,273,42,12,25,146,200,93,98,260,28,263,166,246,199,259
86,105,9,151,170,170,273,89,238,247,29,190,53,156,250,55,97,131,64,111,94,108,77,26,235,92,80,63,261,83,113,49,241,151,256,108,52,236,12,28,23,81,200,138,192,246,186,114,261,238,15,122,247,65,261,271,4,9,172,49,58,54,124,83,172,7,144,120,258,85,216,135,47,132,58,213,94,104,140,209,48,52,70,113,251,163,78,263,183,179,171,129,6,128,246,45
45,103,82,267,3,33,27,46,46,218,263,251,102,101,94,94,147,133,176,17,170,263,269,71,231,77,122,115,76,60,237,170,79,211,240,136,135,203,258,172,186,68,209,225,32,108,226,101,99,28,38,236,204,67,68,269,242,156,181,40,221,197,161,78,156,102,156,12,183,183,17,13,92,242,220,23,261,113,118,41,261,211,234,266,5,241,72,137,12,167,228,115,255,128,89,272
124,149,200,81,124,70,134,199,224,257,57,234,73,135,193,234,16,220,110,238,251,180,0,194,164,186,220,129,62,259,189,113,73,86,76,37,175,48,174,113,209,162,154,116,164,235,207,3,152,50,2,12,18,163,26,132,212,188,157,63,193,47,196,33,107,50,86,95,222,255,51,247,82,105,240,32,154,212,89,246,131,137,145,159,233,233,176,99,180,157,166,272,92,27,28,198
236,265,1,205,149,227,23,134,192,145,116,85,164,32,56,39,169,96,91,12,271,16,88,196,98,218,140,106,5,2,202,100,132,156,252,175,99,152,80,143,122,234,113,200,52,149,44,47,135,215,166,235,229,243,243,236,37,223,255,215,161,171,195,158,63,262,57,239,22,31,226,85,255,141,245,117,79,87,123,82,69,244,223,240,233,190,72,121,180,264,168,111,213,248,52,177
253,238,36,205,134,46,118,76,106,255,229,220,202,160,252,265,15,266,185,57,212,34,69,15,146,229,122,135,259,244,114,10,21,117,144,197,167,177,252,152,151,83,261,86,105,231,219,80,235,221,80,159,9,209,200,45,22,254,156,115,176,17,221,244,172,174,157,233,65,207,94,114,143,20,216,252,161,197,138,109,195,94,241,246,216,83,24,189,112,103,185,168,227,229,99,87
19,220,245,69,4,260,113,178,232,161,205,124,156,86,99,184,199,47,76,30,97,113,209,41,172,269,255,88,177,209,212,52,270,99,64,55,163,237,7,79,98,54,224,222,96,186,126,94,17,105,164,177,268,75,4,209,22,217,176,5,144,148,270,121,117,269,117,173,2,29,186,86,114,190,116,95,142,163,62,38,115,177,139,168,151,45,74,28,190,21,45,216,157,156,94,39
17,131,164,196,223,87,232,190,74,26,174,17,189,207,66,121,159,187,32,243,4,242,166,26,72,17,190,186,90,204,31,161,95,20,112,155,102,65,269,123,15,196,231,175,23,111,77,223,235,33,246,122,107,105,271,9,57,127,115,111,198,134,127,147,114,56,55,257,46,203,60,213,30,166,101,173,121,127,89,51,165,169,168,15,61,59,239,107,78,117,225,123,124,94,24,236
101,134,46,126,6,238,37,107,227,267,88,32,97,191,223,242,35,162,139,257,4,145,164,182,124,204,94,75,121,163,80,37,10,207,263,119,13,146,225,26,182,203,167,217,126,185,38,41,95,163,99,44,134,160,73,21,183,168,79,47,11,149,232,252,256,96,272,226,32,10,6,139,250,15,73,198,204,205,39,182,204,121,81,225,112,55,8,171,119,257,128,18,51,187,257,108
220,65,63,85,24,105,203,181,232,144,233,222,169,186,49,25,195,8,221,161,238,74,182,200,226,242,91,83,225,250,41,243,20,182,70,139,271,48,60,147,202,142,270,177,22,221,198,220,228,254,157,7,96,140,223,40,123,75,31,103,145,248,97,35,103,31,41,272,106,207,111,166,167,96,45,92,115,127,62,259,96,148,136,261,166,76,80,237,151,218,253,50,217,156,108,162
242,55,197,48,266,90,173,197,178,28,222,259,270,44,238,211,257,187,147,206,139,115,48,39,79,271,118,210,129,173,146,256,261,90,142,7,191,243,19,121,88,55,234,254,149,166,125,262,79,49,246,163,99,243,135,255,103,125,16,182,219,144,180,194,102,75,159,70,202,273,117,268,149,98,267,154,270,41,234,252,121,55,20,28,266,49,230,160,37,225,226,33,266,140,231,244
166,50,224,178,243,218,268,242,6,154,55,236,27,200,232,207,14,71,226,255,200,262,207,159,154,156,10,237,119,27,226,168,229,133,18,248,126,245,77,187,12,91,123,130,54,90,69,167,22,95,140,113,152,48,247,38,82,35,111,80,245,132,254,270,221,250,234,31,217,149,271,71,176,242,271,169,183,59,1,99,97,232,254,156,234,202,104,261,64,176,219,242,230,158,26,68
141,231,101,103,44,145,223,253,146,83,186,35,266,59,136,51,176,201,31,223,265,47,183,242,99,228,271,215,130,52,250,256,68,82,180,103,18,217,217,145,97,196,216,137,167,223,18,105,23,271,105,74,127,115,49,273,269,242,251,178,177,142,19,94,111,198,130,157,265,86,261,240,203,166,61,197,94,204,165,66,207,249,58,261,201,112,162,119,234,89,191,100,88,13,255,138
115,90,205,266,0,137,88,207,54,216,199,92,115,142,205,227,220,48,52,200,254,258,62,258,83,143,230,261,93,168,108,131,188,105,118,64,38,119,165,53,168,185,159,265,127,1,168,96,197,1,47,125,95,265,103,7,143,129,80,0,162,189,234,69,132,69,119,60,115,24,36,210,101,257,266,57,100,31,14,128,212,114,90,241,161,130,225,173,46,21,2,2,70,97,45,253
189,138,18,88,206,233,46,138,100,76,176,257,18,121,70,5,79,210,28,106,208,180,239,177,25,157,244,118,82,189,16,166,215,180,52,146,23,215,264,245,255,196,161,20,172,44,223,195,158,141,66,9,70,170,19,227,16,149,190,262,273,14,113,231,38,161,88,118,30,77,180,75,82,193,49,6,256,69,8,104,192,114,128,101,175,211,191,5,190,135,69,95,67,256,17,262
35,182,28,34,99,195,221,268,251,232,100,124,258,14,179,91,112,73,217,209,37,250,102,44,255,175,93,44,58,63,226,36,240,190,52,158,249,148,102,82,117,264,163,191,116,255,86,76,45,180,96,95,109,200,138,233,66,17,155,243,115,8,90,234,12,160,101,261,7,95,202,109,169,27,148,72,82,83,151,263,205,76,88,41,213,212,121,213,113,23,89,184,205,237,52,61
131,103,4,224,92,16,246,245,191,53,260,197,30,205,1,126,209,9,15,237,114,115,219,240,4,263,86,152,241,245,234,245,185,144,151,7,135,210,134,192,267,221,202,236,41,187,245,240,184,110,118,247,152,163,41,76,1,238,260,64,127,260,229,80,83,68,79,176,248,273,181,9,82,216,167,91,2,163,100,131,91,224,247,0,138,56,86,186,195,200,180,160,21,197,158,131
204,247,184,210,170,56,0,56,170,239,15,245,107,204,199,106,27,268,91,216,186,144,49,86,105,14,96,0,269,193,103,27,148,95,211,227,119,6,225,260,273,100,46,48,5,122,145,73,246,88,38,125,71,217,169,137,13,26,140,219,43,149,241,87,184,35,227,235,111,40,220,271,65,189,32,93,192,60,73,212,45,144,113,91,115,214,183,147,140,248,21,181,209,130,20,186
212,247,26,34,7,228,58,32,92,134,47,30,188,39,141,73,266,26,134,207,83,119,119,216,46,165,49,245,255,185,253,184,148,41,197,238,127,42,123,109,112,95,55,190,158,2,173,136,39,235,204,224,187,232,207,9,46,150,213,133,214,269,128,251,199,117,267,218,43,239,127,153,97,116,158,99,218,21,113,264,145,140,145,166,4,67,143,87,60,264,84,117,162,270,131,254
138,179,64,93,206,270,191,206,114,50,36,199,72,175,163,47,255,182,94,146,134,251,234,147,159,12,135,146,214,248,96,82,44,224,65,94,108,249,128,158,246,20,116,248,167,130,201,34,186,170,69,130,259,132,81,246,111,138,226,15,168,97,143,216,3,111,148,189,158,272,213,238,174,230,120,79,167,9,179,149,121,159,111,149,171,15,58,36,149,223,177,19,163,245,93,254
177,227,36,243,197,114,80,97,22,225,203,73,135,176,68,271,100,216,52,30,140,29,246,46,163,116,19,164,161,114,9,235,4,165,69,71,126,149,9,85,100,90,37,68,113,2,147,133,15,46,87,130,193,244,26,183,132,191,242,221,165,205,146,33,267,259,111,117,69,134,269,140,23,84,133,98,214,15,8,125,114,258,206,76,54,35,132,169,225,86,91,215,44,126,191,210
233,148,167,171,225,141,35,174,115,150,265,66,185,149,150,273,47,263,115,208,58,18,206,238,31,130,229,33,183,166,188,126,135,239,248,221,53,53,56,92,80,26,101,259,60,229,152,27,111,88,129,148,20,94,246,171,23,50,165,143,100,100,136,191,150,183,132,93,153,102,81,28,103,226,23,195,10,263,262,222,51,217,71,155,35,47,258,188,114,166,227,262,95,98,235,222
135,231,39,1,28,36,205,177,115,193,156,172,48,266,221,101,259,248,81,15,200,52,162,109,144,60,179,204,183,137,238,40,125,44,110,272,4,212,140,98,80,164,96,50,256,26,92,165,177,102,269,138,67,203,138,216,102,30,69,130,255,73,205,172,221,246,118,69,22,65,140,44,147,93,167,163,235,149,112,265,104,206,137,58,142,216,226,181,273,110,192,211,67,112,162,233
240,1,179,181,248,212,265,166,239,177,13,115,28,209,241,195,187,131,112,95,43,147,138,125,12,268,38,176,68,131,111,255,247,98,59,70,23,123,30,72,32,242,112,179,255,7,7,246,54,112,115,197,210,71,177,82,101,43,55,222,22,262,67,15,100,122,132,219,68,162,187,68,108,100,19,256,216,137,149,56,20,142,159,55,9,117,130,198,73,9,186,13,225,260,181,185
112,195,102,183,75,173,240,109,77,126,67,128,205,163,12,161,125,171,192,16,260,45,175,21,3,166,83,106,189,203,128,196,219,223,197,6,240,159,264,13,28,254,57,29,251,52,45,116,134,35,34,18,65,106,236,247,112,233,265,231,176,122,58,109,254,132,146,210,115,238,142,28,33,247,224,129,147,219,250,101,26,42,58,125,117,175,233,13,0,58,136,74,126,19,166,127
151,251,12,34,105,230,178,53,223,72,254,223,243,149,175,210,251,264,78,207,14,232,132,247,137,103,187,28,19,70,152,11,225,32,31,22,234,44,189,239,185,6,81,114,251,207,5,167,71,6,48,112,65,141,120,126,132,231,174,259,268,220,107,183,128,117,166,128,66,59,71,46,159,62,78,228,55,21,53,249,116,63,222,195,163,154,183,173,95,128,264,264,60,10,122,248
96,246,197,75,56,154,99,166,156,5,94,161,36,192,137,6,149,106,188,10,120,95,152,63,106,51,248,165,63,246,202,135,187,112,67,82,272,134,227,225,208,242,258,27,80,216,21,130,41,204,139,265,228,172,112,253,3,204,183,78,112,273,95,209,239,200,156,188,231,138,123,72,130,132,178,175,166,155,48,182,3,207,58,170,230,259,27,199,35,27,199,43,224,172,188,90
204,146,263,9,72,173,170,196,214,151,269,152,21,56,225,221,189,66,96,211,3,241,99,225,203,21,154,121,117,218,235,134,260,127,194,0,107,272,30,123,9,171,182,124,222,99,182,34,173,244,219,272,203,161,187,76,167,204,108,35,78,96,1,135,228,36,208,240,211,165,249,204,208,240,260,170,109,74,102,6,219,178,102,167,231,191,246,77,103,93,152,123,140,30,117,262
155,134,72,179,94,249,172,161,245,205,60,209,133,261,257,217,207,70,163,239,25,223,224,190,176,67,202,213,133,217,125,163,166,224,48,93,206,249,219,64,243,245,263,200,191,112,228,28,178,200,239,125,126,242,89,197,260,86,7,258,239,154,263,251,193,156,58,228,61,79,268,135,12,254,196,188,68,196,217,220,157,39,144,113,40,120,142,148,94,40,70,23,5,140,39,130
56,59,96,236,142,92,176,46,6,52,185,15,88,129,107,216,271,193,112,227,19,31,56,70,255,170,242,165,38,222,136,39,53,35,227,51,191,65,264,33,35,217,238,51,232,261,13,139,104,143,119,173,218,79,159,107,180,164,208,37,273,131,116,124,74,198,80,9,141,245,211,197,156,95,231,6,234,238,153,126,257,203,91,127,130,219,146,227,225,77,204,28,47,106,125,127
46,163,110,267,225,109,80,76,1,250,235,25,181,143,198,220,150,235,139,198,260,170,7,213,16,133,50,35,64,68,152,176,186,269,87,162,59,121,211,212,108,240,92,40,8,252,147,248,74,15,212,258,86,33,168,176,10,168,30,209,110,138,119,209,66,62,247,169,262,197,4,88,75,242,184,127,57,25,57,230,194,23,41,153,102,229,55,39,156,266,162,149,257,245,192,61
273,111,125,24,18,90,50,111,269,89,31,142,148,223,239,255,107,192,0,130,222,213,58,214,65,42,202,31,160,184,13,0,226,200,60,173,218,163,124,270,236,127,81,124,78,253,262,91,57,23,177,202,129,238,148,208,230,235,140,44,209,24,161,71,227,270,41,25,19,217,23,86,113,253,163,203,241,217,117,62,10,26,138,146,148,134,130,210,23,89,111,139,101,224,72,52
135,177,147,104,83,109,272,119,223,176,116,268,144,14,0,119,185,269,211,124,33,156,228,26,224,213,112,54,196,33,191,79,257,112,251,136,63,131,126,54,224,65,206,98,34,260,248,176,222,247,48,150,236,239,85,3,142,205,244,198,164,93,53,1,78,242,235,105,208,228,198,267,100,76,210,83,78,225,61,132,4,56,101,247,121,90,10,129,76,266,90,191,49,17,19,266
249,90,165,233,257,59,128,119,151,269,173,125,23,231,256,161,79,145,138,256,172,195,251,39,223,30,176,210,216,201,22,139,75,213,267,55,165,197,253,221,148,241,229,130,177,8,239,16,164,67,208,68,142,193,35,23,111,21,49,71,183,263,48,11,228,47,231,18,46,257,73,70,51,34,150,82,82,158,0,49,173,270,18,33,113,95,235,0,254,64,228,230,214,234,238,129
248,15,35,220,194,87,158,229,148,271,215,88,146,119,145,39,154,217,240,257,229,149,261,15,211,222,51,206,157,254,250,99,110,107,41,203,147,115,136,141,54,20,258,124,185,33,54,138,180,203,222,40,257,237,27,168,78,230,119,118,31,250,123,185,131,180,71,3,133,36,225,255,203,220,185,270,84,248,2,235,43,190,92,35,180,190,67,139,87,218,74,151,37,244,181,170
1,266,124,264,94,33,150,142,76,125,59,270,223,132,93,24,105,204,91,185,52,216,219,241,111,265,62,43,107,190,171,142,158,239,80,0,138,220,105,14,241,253,176,154,236,179,271,255,97,38,260,174,99,217,35,62,231,4,18,140,92,61,158,257,13,2,96,227,137,220,21,112,238,196,241,3,236,226,229,128,0,48,223,106,156,259,179,273,245,251,169,134,152,127,61,227
249,108,108,106,179,107,51,23,130,80,76,55,122,247,157,225,40,92,258,205,48,111,14,18,100,35,243,148,193,75,71,50,62,209,197,114,86,15,245,95,105,76,144,31,95,201,118,128,191,161,273,116,102,272,205,178,225,199,72,155,121,191,170,241,33,171,173,142,162,65,169,162,66,64,84,99,87,162,26,219,3,97,108,169,178,16,74,95,94,263,156,127,106,89,80,227
266,19,135,94,67,12,134,189,43,186,13,109,135,46,125,247,113,229,102,23,222,194,128,52,175,78,245,256,100,36,236,42,197,43,45,137,172,75,227,157,160,189,150,128,234,80,255,13,225,194,187,206,57,226,146,149,177,1,170,97,164,144,75,234,158,265,181,60,260,205,240,192,83,222,191,252,75,142,217,148,154,85,214,217,36,151,129,216,186,52,148,150,66,190,185,53
17,93,52,52,138,140,156,150,64,169,171,55,13,134,96,16,13,25,145,207,36,163,93,8,216,213,7,82,261,187,244,47,143,51,77,74,48,131,64,269,113,239,80,155,47,141,175,154,238,116,193,270,169,174,125,152,120,62,114,54,149,109,233,5,259,155,39,229,129,148,86,247,145,222,186,61,92,135,256,103,214,268,69,254,2,207,252,127,219,130,25,243,117,88,110,126
193,8,178,30,136,135,154,273,225,93,133,271,79,77,132,13,140,90,38,260,112,170,117,104,136,164,119,37,264,58,83,243,19,232,234,206,117,106,246,25,15,49,150,133,160,95,198,33,76,0,258,174,137,15,133,104,50,201,70,215,13,232,118,142,85,100,34,151,119,101,110,182,243,204,170,89,49,29,92,123,94,203,33,148,250,253,76,265,122,93,58,210,159,214,225,155
70,40,75,105,37,47,249,181,96,71,251,7,24,79,156,143,131,105,105,185,134,193,90,27,154,237,102,219,3,197,228,256,267,25,16,171,245,259,205,82,168,115,94,157,53,37,10,44,227,96,50,249,258,115,169,197,177,32,101,18,52,236,217,127,218,233,132,80,112,106,204,20,47,235,20,193,268,5,219,115,16,23,245,150,55,89,194,227,48,245,38,236,0,146,162,95
147,242,250,60,203,15,258,81,264,142,165,159,85,132,6,98,249,269,62,13,77,240,160,234,181,109,147,89,145,204,54,28,234,113,264,54,2,17,224,238,96,211,225,206,217,272,166,61,66,61,26,170,174,189,100,269,226,198,220,231,196,61,179,21,70,59,185,197,150,264,263,42,263,195,83,61,242,84,119,258,28,270,208,152,179,12,271,163,204,117,59,50,102,100,18,98
74,78,211,109,236,65,137,71,143,107,238,166,233,205,18,215,248,76,115,3,11,126,104,154,118,66,124,15,259,87,91,58,255,37,169,165,135,120,233,230,220,17,35,269,80,143,189,157,167,271,164,270,265,146,271,85,41,160,124,219,116,82,19,146,53,123,113,244,71,80,181,114,34,98,124,19,74,53,178,55,6,178,151,109,210,67,62,130,32,231,52,250,210,227,126,268
263,117,261,29,44,241,146,100,168,26,247,186,45,219,213,205,242,76,212,180,95,226,40,250,101,228,257,140,73,259,21,35,146,108,77,125,241,15,73,216,243,247,148,273,127,120,101,72,146,46,19,6,207,249,27,4,240,155,30,262,87,97,256,67,69,194,211,93,110,133,152,81,273,265,124,96,30,222,174,169,133,253,32,59,133,190,45,125,239,165,255,7,113,259,115,237
120,67,54,44,63,51,165,107,271,65,84,72,161,61,31,243,25,15,56,146,116,124,167,243,158,106,200,260,14,73,231,140,206,198,10,115,64,30,243,120,201,34,182,87,14,215,219,248,128,30,118,2,101,156,10,142,252,240,167,201,40,4,49,38,78,8,185,59,200,149,91,98,90,264,206,224,170,120,218,160,219,269,139,46,242,241,152,270,7,136,159,107,189,188,211,4
