public/data/weather/current/archive/(253.23)current-temp-surface-level-gfs-1.0.json
{"header": {"discipline":0,"disciplineName":"Meteorological products","gribEdition":2,"gribLength":61787,"center":7,"centerName":"US National Weather Service - NCEP(WMC)","subcenter":0,"refTime":"2014-11-30T06:00:00.000Z","significanceOfRT":1,"significanceOfRTName":"Start of forecast","productStatus":0,"productStatusName":"Operational products","productType":1,"productTypeName":"Forecast products","productDefinitionTemplate":0,"productDefinitionTemplateName":"Analysis/forecast at horizontal level/layer at a point in time","parameterCategory":0,"parameterCategoryName":"Temperature","parameterNumber":0,"parameterNumberName":"Temperature","parameterUnit":"K","genProcessType":2,"genProcessTypeName":"Forecast","forecastTime":6,"surface1Type":103,"surface1TypeName":"Specified height level above ground","surface1Value":2,"surface2Type":255,"surface2TypeName":"Missing","surface2Value":0,"gridDefinitionTemplate":0,"gridDefinitionTemplateName":"Latitude_Longitude","numberPoints":65160,"shape":6,"shapeName":"Earth spherical with radius of 6,371,229.0 m","gridUnits":"degrees","resolution":48,"winds":"true","scanMode":0,"nx":360,"ny":181,"basicAngle":0,"subDivisions":0,"lo1":0,"la1":90,"lo2":359,"la2":-90,"dx":1,"dy":1}, "data":
[rows 92 to 137 of 181, columns 192 to 287 of 360]
234,201,86,47,258,143,146,96,98,155,121,140,8,64,7,103,122,204,168,273,253,250,35,23,206,20,45,229,256,110,74,206,31,0,208,16,256,234,78,44,88,175,105,133,83,207,90,126,248,124,246,171,266,6,12,203,32,58,97,153,149,60,107,104,228,120,219,228,34,222,109,153,226,232,222,143,27,4,71,134,148,197,219,138,264,146,224,231,172,203,110,272,105,105,129,216
85,248,174,105,132,260,199,263,235,14,73,94,23,68,225,227,25,228,56,265,117,156,50,175,250,110,108,122,2,227,108,169,138,26,272,68,145,221,62,75,57,13,150,226,165,97,267,65,148,52,84,152,31,142,76,50,117,149,163,178,198,109,237,59,88,92,206,243,199,234,94,10,17,258,225,43,100,103,6,272,171,94,17,123,221,65,34,180,7,59,198,259,136,94,166,226
131,61,109,167,179,127,2,0,93,164,69,52,23,165,252,215,219,200,200,117,247,116,14,31,191,215,158,178,3,196,51,251,95,210,118,62,226,252,220,242,2,149,267,209,141,221,192,17,55,198,237,159,162,117,86,163,75,253,255,35,130,192,73,168,269,219,134,114,227,202,260,140,64,222,195,224,28,128,137,169,25,22,26,31,270,272,210,268,2,197,45,182,74,269,22,39
259,8,198,32,23,246,117,192,15,125,193,218,49,231,270,35,122,264,228,191,3,235,11,207,238,30,152,209,25,141,73,192,130,99,223,142,99,89,34,84,19,165,13,134,255,272,97,120,49,229,40,182,77,169,253,98,178,228,196,32,238,20,237,54,88,66,156,96,180,21,209,80,231,126,9,65,197,122,60,253,227,230,28,77,103,41,6,1,146,185,186,39,231,85,207,147
143,191,252,28,196,228,15,263,215,258,256,18,206,69,220,38,89,198,58,66,23,124,106,171,46,216,158,200,182,180,22,139,108,213,177,96,236,24,43,140,153,59,230,37,257,142,201,13,81,159,204,112,254,239,265,61,52,96,253,118,214,177,202,235,210,84,25,147,134,53,154,173,261,101,154,120,57,112,66,49,210,94,123,91,177,271,54,80,30,41,53,226,227,142,272,230
73,60,236,109,22,60,75,65,69,135,257,162,118,204,45,24,62,76,223,250,254,39,4,154,52,189,267,153,193,246,93,216,138,64,257,184,189,111,203,133,171,48,245,115,248,21,151,219,107,91,9,144,201,52,13,112,84,270,67,36,207,72,80,249,153,152,259,108,105,127,187,122,42,50,240,195,228,11,140,179,253,163,266,65,65,254,184,159,232,243,258,150,102,198,257,41
53,42,30,260,226,207,216,12,258,201,28,65,1,207,164,70,77,15,8,127,91,246,247,265,220,42,238,71,264,141,100,34,171,99,194,241,216,76,117,148,271,228,43,78,2,225,135,263,180,167,173,23,14,93,273,8,271,86,243,62,30,144,57,158,36,166,120,25,163,100,52,22,195,14,88,9,131,242,201,221,186,72,1,176,160,229,217,78,167,62,255,210,48,125,202,145
219,260,180,34,124,155,94,4,134,48,197,135,29,105,112,257,86,32,267,42,258,52,133,165,92,270,258,169,236,181,70,54,137,83,231,25,265,156,201,143,174,123,263,121,106,10,19,273,145,7,194,192,97,61,88,119,228,241,88,102,124,187,90,97,63,247,56,102,39,207,15,16,181,250,44,107,25,56,208,75,227,270,151,85,101,203,56,114,227,237,65,72,263,151,198,30
149,21,161,244,137,154,120,213,53,70,50,153,21,177,16,227,67,108,50,170,109,256,98,244,171,35,75,248,60,35,129,256,53,172,265,266,167,229,44,272,30,17,233,30,2,237,47,175,227,19,19,111,104,5,27,15,22,23,113,156,257,81,117,93,149,203,112,64,248,106,151,109,83,13,14,32,225,159,54,15,63,41,226,37,2,49,252,236,204,225,156,153,183,1,56,30
232,179,78,140,188,248,250,195,65,185,23,82,101,256,30,266,202,146,180,161,270,51,268,9,265,227,113,149,6,254,148,96,244,130,111,218,31,148,176,7,270,255,114,9,28,153,54,132,162,98,73,111,121,89,85,92,106,251,111,231,11,127,54,131,141,130,132,188,103,162,7,145,130,182,51,153,195,12,200,15,258,82,7,252,76,110,196,255,252,125,10,242,0,78,188,163
144,19,88,189,73,168,224,239,0,261,228,53,131,184,132,37,69,138,183,191,26,156,165,90,83,196,22,111,109,189,143,225,1,10,117,74,229,99,189,52,135,89,122,262,220,68,21,150,244,239,139,22,65,99,100,185,39,273,61,254,72,0,259,101,59,68,137,163,121,13,254,159,145,256,132,162,94,211,22,171,5,39,255,65,213,125,227,173,15,34,203,76,232,96,37,47
34,237,192,186,102,101,14,1,158,10,249,166,107,235,68,228,124,42,238,86,225,137,100,142,138,107,194,4,52,107,230,24,162,32,173,264,162,69,143,188,53,180,196,220,94,64,203,189,43,230,181,101,20,137,250,87,173,249,232,16,167,45,42,175,178,149,126,126,151,256,252,223,130,96,123,42,203,95,210,154,269,129,32,136,42,55,121,149,255,65,113,131,43,261,253,235
260,198,106,163,141,65,254,165,18,145,264,243,8,182,225,244,106,92,120,147,130,153,67,162,215,106,227,151,161,191,77,11,143,250,226,245,193,65,181,219,63,31,20,202,116,130,9,25,144,63,69,4,78,58,184,134,94,134,74,271,159,143,55,243,111,199,89,58,88,131,103,258,130,253,156,38,38,203,66,129,152,221,51,98,189,120,114,175,90,197,77,97,230,137,235,256
84,27,195,247,201,240,149,210,127,167,192,209,64,72,265,82,114,265,19,201,188,110,270,188,107,256,89,270,65,92,10,18,69,217,73,206,170,15,223,91,263,189,25,36,143,265,77,29,32,40,182,216,49,121,202,203,234,6,217,10,130,273,97,59,211,26,63,102,250,99,239,218,71,269,198,7,57,230,27,0,189,249,241,34,40,6,117,151,64,231,126,116,133,150,154,211
187,65,59,182,211,205,134,78,253,125,153,264,232,101,228,213,204,250,131,38,230,50,118,257,54,95,94,22,236,198,198,54,201,49,139,23,186,177,114,12,149,210,99,151,243,204,189,11,83,65,234,263,160,59,207,6,59,88,201,242,255,117,123,146,167,220,122,40,168,47,34,100,136,113,30,33,65,8,215,172,18,259,61,56,262,214,37,195,125,60,197,202,178,1,76,94
182,182,171,219,126,236,62,52,135,7,158,177,173,166,190,193,206,234,155,11,240,107,12,171,75,253,196,84,54,209,240,266,240,63,242,174,195,18,98,31,187,133,4,132,245,232,115,265,175,245,184,147,22,257,95,37,241,212,64,210,124,260,71,81,188,26,5,182,186,106,67,35,230,238,237,168,21,178,116,92,223,73,47,218,189,10,71,146,234,138,41,142,132,20,26,242
40,201,181,198,227,184,66,152,75,4,18,42,167,57,193,20,197,201,133,183,95,179,207,118,135,196,66,178,17,269,11,85,105,235,16,128,35,225,33,53,249,198,241,66,121,265,11,13,239,9,217,117,232,99,159,135,176,140,1,193,241,187,157,215,21,124,154,240,155,112,19,218,116,148,94,229,82,210,208,236,38,233,167,116,92,170,196,225,137,67,112,114,218,166,21,163
26,260,25,136,78,211,152,239,4,170,129,267,149,50,136,48,104,163,5,145,245,90,208,79,254,18,60,273,73,19,20,266,162,231,52,170,167,87,213,257,235,67,137,165,104,4,221,32,209,170,244,62,168,226,125,151,144,31,174,220,253,220,10,154,72,185,256,181,242,44,43,153,46,148,73,6,35,245,84,224,152,52,206,268,38,130,151,232,246,200,212,226,256,32,32,74
217,2,64,64,222,245,260,79,7,198,189,13,159,129,254,110,16,205,256,229,205,53,14,19,72,268,75,259,242,260,125,221,73,99,9,162,225,175,177,48,78,170,232,133,116,211,263,54,135,50,22,68,90,74,10,75,77,243,241,116,112,149,52,245,134,225,244,151,32,187,191,218,129,54,149,19,112,37,47,237,232,8,153,196,102,202,254,7,117,137,105,134,55,99,270,80
1,272,127,61,1,248,208,187,78,215,123,50,241,148,95,1,51,148,223,248,117,36,182,168,57,102,178,104,17,41,255,149,94,242,118,193,213,174,195,189,158,225,156,234,48,267,202,79,142,180,23,156,2,111,77,223,147,249,166,59,156,163,264,65,222,48,86,51,121,119,51,113,193,215,204,195,46,184,172,2,160,176,39,171,194,119,109,94,7,136,174,115,92,269,5,145
1,238,105,174,97,110,188,40,11,80,47,8,70,101,28,67,117,179,179,69,238,142,32,30,268,175,88,29,11,255,38,39,262,216,90,195,93,158,257,128,232,148,43,157,251,69,253,197,90,147,134,221,192,229,247,148,104,265,147,273,95,44,161,81,66,263,193,60,52,262,216,265,203,212,82,270,91,240,189,27,77,91,30,258,209,169,247,234,190,214,223,267,223,138,181,199
36,75,42,216,30,204,144,153,204,212,22,54,224,255,127,255,218,152,137,215,215,69,216,145,68,221,117,177,160,133,175,251,33,156,199,69,116,3,233,147,260,244,118,253,18,112,273,123,159,128,268,183,7,108,227,235,108,140,66,247,262,242,165,58,264,96,9,101,109,63,78,252,48,181,144,58,257,159,106,125,141,5,148,127,5,229,249,48,264,137,100,264,117,118,148,171
224,271,5,133,222,123,165,153,1,220,46,236,74,204,60,51,239,50,68,18,95,172,238,157,160,60,11,141,44,250,261,62,204,158,229,249,57,54,148,236,5,253,104,219,220,2,65,156,77,81,221,195,89,204,49,139,40,241,215,166,213,74,17,56,23,80,7,91,47,193,213,257,17,83,10,126,271,76,25,254,35,211,43,95,11,49,98,83,252,75,155,52,12,42,7,76
35,174,86,0,117,84,263,220,70,250,190,256,75,214,9,18,106,252,145,30,51,142,238,241,139,96,177,36,40,183,243,127,130,27,197,73,96,239,92,95,46,51,246,35,127,47,153,86,167,227,19,69,13,261,217,2,186,176,195,134,36,42,104,227,243,192,228,44,82,160,130,253,261,112,78,47,77,271,199,61,187,169,263,224,21,111,228,167,11,180,260,115,46,219,204,212
97,266,10,11,216,2,137,141,100,98,114,7,215,143,245,243,74,86,56,87,270,130,95,115,178,106,224,163,137,28,66,194,51,183,117,10,257,8,144,29,268,24,64,88,179,122,7,150,269,268,25,208,83,138,119,117,150,246,158,110,42,217,157,3,205,177,217,221,221,46,254,145,82,267,70,195,22,267,215,207,176,229,152,179,234,263,143,25,175,23,272,88,10,95,181,212
265,13,124,214,66,86,174,48,125,34,176,34,154,232,264,213,6,212,87,202,146,178,136,177,234,55,155,141,146,141,247,210,193,145,31,207,67,168,115,272,167,112,255,110,175,83,59,61,91,176,178,226,244,32,107,31,71,124,87,251,98,37,23,13,56,90,6,70,114,251,217,8,31,176,125,267,208,53,233,112,27,118,190,174,71,14,95,74,45,86,265,143,49,133,224,1
149,105,234,89,85,265,40,24,39,159,175,92,148,176,72,6,203,129,61,85,244,129,194,23,2,235,17,262,46,191,185,271,109,239,79,224,252,118,271,239,113,227,220,49,30,134,180,12,42,172,237,209,56,122,115,56,196,90,159,26,214,103,112,236,99,118,46,122,189,15,206,255,236,122,72,144,223,51,78,3,193,179,57,72,212,210,42,8,235,98,115,2,230,172,71,235
252,146,157,269,124,194,71,133,44,80,140,84,113,248,171,113,82,235,32,128,153,119,31,142,212,238,2,212,124,129,41,169,124,250,174,230,117,0,152,143,42,127,36,268,104,264,169,238,260,272,151,165,3,35,0,236,36,141,240,54,57,136,11,94,175,54,97,168,65,0,19,118,65,20,40,252,138,152,105,245,190,129,251,8,121,10,112,103,42,183,115,62,201,29,152,45
34,222,93,147,180,86,13,191,259,223,157,73,43,29,236,254,12,69,55,24,142,117,64,57,267,258,87,117,61,17,85,20,245,126,85,53,84,14,77,194,216,42,19,86,123,208,34,82,225,34,179,270,59,122,179,94,79,153,232,186,13,113,86,221,229,147,246,244,266,212,257,61,208,14,51,271,183,86,172,1,149,128,144,11,111,163,207,167,15,135,24,138,8,115,273,168
223,191,206,257,46,29,242,97,147,162,136,99,205,259,251,150,230,185,105,269,230,211,155,140,169,224,102,258,260,29,236,270,76,147,21,119,78,46,9,263,245,157,140,135,248,227,80,247,240,44,209,168,82,151,234,27,60,54,254,219,150,65,195,141,199,176,117,72,76,187,125,153,13,208,0,27,181,265,126,84,228,223,263,88,181,148,24,193,94,240,179,26,249,243,205,249
196,160,186,52,111,168,190,196,137,48,61,248,140,155,123,131,229,154,5,29,217,117,211,219,218,105,154,221,23,91,134,128,36,125,167,105,89,58,121,78,113,228,110,218,231,199,13,38,107,12,31,81,129,21,223,134,245,220,44,73,48,5,193,119,14,201,92,269,216,44,249,241,12,200,181,247,81,93,225,20,111,266,200,265,259,47,227,180,83,7,193,102,80,187,58,132
5,80,189,265,60,219,24,174,231,263,224,270,157,247,213,147,86,262,165,191,120,117,191,57,118,259,218,85,261,245,21,154,86,123,198,267,182,227,67,218,12,91,86,140,244,203,214,28,56,247,99,265,223,56,23,117,249,241,263,264,193,248,273,258,17,101,74,120,103,200,200,245,252,44,15,37,54,10,153,108,69,261,145,261,87,15,245,224,165,19,94,254,62,133,65,129
96,197,158,78,62,136,176,19,143,159,113,114,249,223,173,14,235,79,229,134,61,221,212,253,233,252,73,69,107,210,125,60,259,206,258,169,243,214,147,196,101,237,21,260,184,0,190,36,191,132,42,49,186,131,190,78,173,220,154,246,102,107,251,92,225,203,135,32,46,199,75,45,128,44,130,51,253,210,202,64,77,120,257,183,174,238,68,228,35,32,213,163,33,122,232,96
111,11,52,194,138,242,250,49,23,243,118,196,23,25,178,117,203,192,163,12,142,59,114,166,251,209,51,124,68,236,217,246,64,254,231,236,245,14,204,243,188,120,22,181,70,130,223,58,150,0,73,0,42,28,106,136,185,211,185,198,198,270,151,147,104,84,178,102,161,257,240,136,169,212,164,203,260,241,183,150,272,81,247,94,125,145,98,21,230,222,134,155,36,83,137,177
173,197,105,165,247,125,223,248,148,174,7,47,53,233,30,226,15,162,256,225,76,207,145,38,216,86,157,119,187,176,137,252,139,127,161,117,104,1,1,89,163,33,128,152,5,115,124,46,8,169,102,123,221,247,102,168,37,241,198,11,84,57,70,180,113,37,264,90,232,93,134,87,138,113,262,23,5,72,47,220,76,7,227,131,236,266,56,266,179,54,173,206,10,258,195,242
67,161,104,26,239,132,124,86,16,137,138,62,122,38,243,235,30,83,107,262,81,61,105,171,43,22,161,219,255,16,51,12,84,0,79,143,48,59,12,171,155,40,152,23,20,124,273,112,94,93,173,84,95,188,153,272,59,270,209,189,97,110,34,268,75,197,101,66,205,158,63,109,127,208,183,105,5,213,130,167,159,186,239,127,17,136,18,191,46,173,91,218,255,269,69,218
143,4,37,232,108,254,78,86,130,236,84,162,98,16,78,131,65,55,63,107,253,101,200,168,77,24,0,157,87,32,51,55,220,168,0,229,92,259,149,255,218,200,215,134,66,120,70,90,32,255,127,240,109,183,250,176,26,212,11,50,69,196,250,185,131,187,149,138,198,119,176,216,105,222,125,201,41,186,104,215,176,25,41,10,220,245,62,11,21,257,225,14,201,191,189,78
204,126,242,136,188,133,246,222,50,58,70,126,122,207,68,9,224,48,240,130,193,189,240,226,132,62,148,19,44,54,46,44,121,53,50,254,85,75,36,137,84,136,9,266,33,263,218,157,263,93,263,59,184,62,0,158,222,3,142,82,231,66,30,136,137,109,141,213,252,244,143,228,245,27,161,144,202,26,77,88,246,189,90,112,26,118,246,226,186,208,259,211,123,145,261,31
78,255,69,261,162,208,84,65,219,227,30,80,42,228,134,44,100,124,190,269,46,220,178,20,255,141,257,183,238,68,150,90,105,121,103,50,143,141,152,195,199,184,152,39,202,222,267,116,73,90,68,19,242,84,181,62,104,138,244,149,135,165,224,206,71,266,180,103,270,124,136,19,64,162,165,98,205,241,245,172,196,169,127,75,196,223,180,183,219,131,58,79,91,182,39,133
125,36,99,163,169,120,84,124,188,206,155,29,145,124,45,269,64,4,6,47,259,56,35,79,269,7,7,42,202,226,136,198,271,173,209,79,211,106,242,222,161,250,164,109,87,110,168,203,173,112,31,48,129,228,224,212,241,153,150,103,269,56,23,79,179,77,32,26,211,11,101,91,212,173,217,214,158,94,161,30,166,177,21,215,50,91,23,40,51,103,214,199,203,163,210,207
0,177,245,162,183,195,179,183,213,83,38,39,170,22,159,188,45,142,189,72,179,232,226,171,15,137,15,202,138,30,8,70,149,250,199,230,205,96,138,254,183,32,129,32,190,247,272,144,195,177,121,110,186,78,112,172,95,267,117,120,233,270,86,149,265,67,139,113,254,15,48,33,271,250,13,70,59,78,16,233,0,18,246,54,129,127,18,198,62,85,37,157,163,53,61,18
241,82,13,193,232,240,59,40,33,83,51,248,2,115,163,195,254,142,192,97,56,44,48,176,27,222,171,18,145,195,119,11,272,128,34,243,199,263,174,202,58,273,129,116,222,51,46,159,134,81,165,208,171,0,109,12,41,2,107,23,249,158,219,190,209,171,143,33,13,149,112,212,79,146,44,210,32,58,123,97,83,188,212,132,117,79,64,37,257,158,246,250,250,222,213,192
267,8,30,87,5,84,114,197,123,173,97,96,36,31,112,136,59,127,201,56,252,245,25,103,69,262,189,176,201,53,130,160,197,7,80,125,21,104,113,13,24,70,267,52,167,198,22,217,230,147,13,140,202,230,193,5,66,204,54,165,142,148,215,91,162,272,151,18,236,187,3,72,104,17,210,72,64,92,189,65,268,31,238,140,101,75,118,273,138,78,73,123,43,44,10,52
127,267,176,144,251,48,186,52,106,24,257,100,231,115,109,232,183,143,7,261,94,24,69,70,166,216,249,9,138,97,246,64,37,73,169,47,182,54,216,21,29,39,4,256,66,77,179,115,119,136,197,33,52,216,108,2,95,147,268,222,68,204,140,120,249,249,119,267,126,215,185,17,163,255,38,62,206,115,239,7,126,136,148,61,192,190,1,269,233,3,31,107,155,161,17,137
222,104,250,6,133,115,50,106,82,267,218,17,269,1,272,94,232,189,229,147,217,124,188,102,183,19,68,92,153,272,96,2,5,166,270,224,269,142,124,17,250,245,126,79,146,111,160,95,273,49,255,236,185,173,27,201,72,38,255,13,183,225,60,9,89,103,261,25,59,42,121,26,199,256,159,267,89,244,7,24,187,111,70,10,84,111,69,191,85,147,167,124,217,177,159,197
23,146,157,268,214,231,208,165,74,29,142,247,145,235,165,108,170,56,94,259,128,128,218,78,64,259,252,89,120,162,241,68,104,250,60,169,47,19,170,204,240,239,114,36,249,20,46,215,171,159,207,222,227,163,121,22,118,237,136,17,271,80,187,166,109,166,112,122,58,97,150,107,116,230,236,83,116,113,45,85,149,267,88,247,19,144,108,165,87,74,10,185,126,251,160,211
