public/data/weather/current/archive/(253.23)current-temp-surface-level-gfs-1.0.json
{"header": {"discipline":0,"disciplineName":"Meteorological products","gribEdition":2,"gribLength":61787,"center":7,"centerName":"US National Weather Service - NCEP(WMC)","subcenter":0,"refTime":"2014-11-30T06:00:00.000Z","significanceOfRT":1,"significanceOfRTName":"Start of forecast","productStatus":0,"productStatusName":"Operational products","productType":1,"productTypeName":"Forecast products","productDefinitionTemplate":0,"productDefinitionTemplateName":"Analysis/forecast at horizontal level/layer at a point in time","parameterCategory":0,"parameterCategoryName":"Temperature","parameterNumber":0,"parameterNumberName":"Temperature","parameterUnit":"K","genProcessType":2,"genProcessTypeName":"Forecast","forecastTime":6,"surface1Type":103,"surface1TypeName":"Specified height level above ground","surface1Value":2,"surface2Type":255,"surface2TypeName":"Missing","surface2Value":0,"gridDefinitionTemplate":0,"gridDefinitionTemplateName":"Latitude_Longitude","numberPoints":65160,"shape":6,"shapeName":"Earth spherical with radius of 6,371,229.0 m","gridUnits":"degrees","resolution":48,"winds":"true","scanMode":0,"nx":360,"ny":181,"basicAngle":0,"subDivisions":0,"lo1":0,"la1":90,"lo2":359,"la2":-90,"dx":1,"dy":1}, "data":
[rows 92 to 137 of 181, columns 96 to 191 of 360]
81,45,70,15,121,196,244,98,50,184,92,14,257,152,27,20,74,83,270,8,213,133,158,97,262,272,224,255,28,185,204,204,239,233,182,166,273,3,208,82,97,77,160,212,128,215,201,238,64,165,240,216,50,149,44,269,190,137,76,1,40,25,18,45,272,17,264,250,231,132,126,13,8,54,184,220,271,40,199,123,191,136,222,21,32,29,181,245,113,98,93,214,82,246,9,47
16,246,262,96,163,8,168,227,60,197,34,129,126,58,242,13,194,265,232,63,233,41,203,218,123,16,196,232,48,174,202,84,242,119,221,262,160,205,179,166,249,271,225,225,207,28,146,223,7,81,22,89,184,115,241,165,243,122,165,197,98,31,85,182,250,121,229,160,249,209,149,70,78,231,93,76,45,45,211,62,123,244,120,228,97,239,44,28,82,36,142,119,43,217,85,224
49,80,169,138,125,69,87,231,34,273,23,34,72,38,67,223,125,133,6,138,223,133,254,206,216,60,184,107,160,43,38,101,181,31,133,239,26,218,28,40,202,8,41,197,250,7,267,49,112,19,248,36,44,12,188,228,10,3,121,258,194,246,35,237,16,52,256,152,137,62,247,122,133,176,98,233,66,258,258,12,92,52,167,272,110,235,217,84,28,234,123,93,152,216,174,118
76,126,25,226,72,234,118,59,9,220,218,271,6,223,117,176,6,264,22,233,161,72,272,107,258,18,14,178,200,125,107,99,213,67,198,14,78,48,22,187,205,24,270,207,20,71,156,139,219,15,270,117,114,254,95,170,97,68,131,209,159,220,186,30,57,184,249,110,58,117,110,27,201,53,125,136,186,181,230,70,121,175,27,192,209,150,83,122,27,273,135,178,65,76,97,243
227,188,82,26,88,147,105,151,75,39,57,10,176,105,237,191,137,266,110,265,85,23,236,99,141,29,167,190,158,22,21,226,78,106,136,251,233,55,188,29,90,39,98,32,196,37,132,220,12,125,133,203,102,148,269,41,257,94,10,233,145,91,211,256,52,131,92,75,117,13,42,26,72,131,267,177,109,31,213,78,49,224,104,120,205,243,89,12,239,36,245,202,152,26,150,113
101,184,153,229,236,118,67,61,171,178,136,223,211,227,144,8,237,6,52,26,198,258,190,73,26,114,215,234,55,51,105,49,28,45,222,196,260,123,169,11,167,49,235,95,194,232,239,95,146,71,187,15,204,216,142,88,230,197,165,217,254,6,269,66,230,265,213,11,7,57,209,68,48,60,14,252,224,106,84,253,85,52,230,119,165,93,83,87,42,68,270,262,76,225,112,206
43,210,30,191,76,81,187,170,139,198,46,132,214,8,215,167,19,8,49,106,148,99,187,170,54,148,11,242,62,142,14,2,251,227,9,245,6,80,185,235,111,207,21,115,101,101,127,80,7,144,200,218,216,257,68,240,162,175,111,76,138,107,39,3,199,176,138,128,207,0,132,114,228,46,57,71,102,136,33,237,15,109,99,114,196,23,203,83,97,272,180,255,80,43,94,0
178,17,197,137,16,90,151,208,23,129,217,13,43,187,196,46,82,61,66,36,108,134,215,79,121,85,175,75,8,101,122,192,122,27,121,216,258,56,16,20,235,133,223,101,248,69,33,227,259,162,201,156,19,47,237,126,120,257,226,96,188,145,160,158,217,12,134,26,4,253,90,110,192,244,74,138,62,59,74,66,183,68,177,55,260,50,190,187,20,172,154,15,259,216,26,222
193,229,79,69,219,169,37,150,208,120,149,159,118,48,92,263,265,250,51,211,171,24,16,126,224,50,51,246,23,22,228,83,104,141,163,260,109,221,162,170,67,52,159,267,247,33,99,70,178,52,189,149,159,2,63,251,187,226,86,78,254,96,155,112,136,205,66,101,58,2,62,4,107,236,213,151,184,111,129,266,197,207,153,256,121,47,38,97,214,62,168,272,131,89,158,166
255,80,150,99,272,268,158,36,23,174,268,65,215,247,161,252,221,71,26,130,2,269,91,25,4,34,21,38,233,70,86,223,132,263,212,116,106,123,99,207,263,261,31,270,217,173,163,271,175,134,227,201,185,14,66,129,21,91,49,14,140,240,112,111,78,76,270,175,117,230,93,251,26,193,178,258,233,70,147,263,230,148,31,186,60,265,213,173,106,247,223,21,99,209,227,210
209,242,9,173,67,77,60,0,154,206,219,213,223,19,177,178,229,56,222,22,238,191,188,82,56,145,58,14,201,78,10,161,76,224,2,88,17,174,103,112,111,62,92,45,254,231,165,49,266,243,112,11,259,158,100,179,44,271,119,134,95,65,187,83,232,239,217,49,6,2,41,59,235,2,45,29,176,20,251,151,57,171,126,98,167,101,57,29,142,147,152,174,32,208,130,124
261,175,194,188,256,107,86,196,202,4,92,159,110,58,49,229,43,20,185,260,192,171,164,23,192,167,4,137,234,199,90,162,184,273,241,269,106,158,260,179,105,224,174,140,173,264,26,157,134,145,16,176,91,123,131,260,39,172,155,272,61,82,227,90,84,37,53,7,141,212,141,33,76,128,25,214,46,234,105,16,39,78,220,44,244,88,245,75,222,63,38,174,253,223,179,9
229,248,170,205,170,26,245,151,18,78,27,188,4,207,49,49,106,187,62,64,273,10,110,54,235,85,233,273,239,105,17,58,85,134,66,63,210,22,38,104,66,198,241,233,156,2,194,36,54,52,173,74,101,240,184,192,72,116,215,114,262,77,154,4,113,22,113,111,120,263,22,156,164,13,63,46,200,70,260,99,103,211,49,112,201,26,185,48,18,145,38,226,13,181,143,31
231,184,15,138,103,235,193,258,164,252,12,7,44,93,270,117,50,264,148,53,195,265,171,150,131,29,73,231,136,61,101,229,165,30,172,162,106,99,53,231,184,188,100,38,10,18,48,208,72,23,130,96,263,128,190,167,110,21,64,94,115,238,230,64,54,155,221,218,98,61,154,4,116,91,69,8,48,80,271,129,56,224,236,160,161,264,257,238,102,155,155,100,100,72,170,40
263,12,152,2,159,247,108,13,246,211,130,52,49,21,88,60,112,111,22,158,38,39,2,120,100,17,47,222,124,51,33,207,59,144,252,134,99,102,273,83,269,131,200,142,49,32,176,114,147,134,205,241,43,138,37,121,126,4,215,139,223,24,146,52,50,64,36,105,151,203,80,74,36,130,23,130,147,137,73,61,181,9,152,158,264,224,116,78,3,127,168,93,213,102,146,29
91,112,253,96,3,98,2,132,272,159,3,97,224,186,206,118,43,209,174,122,268,103,140,74,103,5,156,12,259,6,169,169,58,181,248,264,151,80,35,64,10,169,72,125,92,199,208,4,16,95,229,50,194,100,160,245,111,100,2,259,44,206,145,82,38,157,97,180,71,178,121,150,220,253,26,145,173,149,99,26,48,177,115,255,90,38,113,110,108,152,170,158,204,122,253,43
86,106,71,51,106,230,169,137,148,44,268,243,142,253,101,105,150,26,197,113,245,258,66,140,170,50,61,268,77,75,43,78,272,75,183,189,136,183,0,195,44,125,49,235,270,267,44,107,252,66,23,139,179,233,71,255,54,255,114,73,87,133,182,138,146,261,148,111,108,185,176,82,225,119,55,138,84,104,191,39,85,267,70,129,108,56,176,45,150,124,167,43,69,75,169,91
86,37,49,212,130,253,83,103,183,19,211,177,139,135,11,251,16,177,214,103,45,203,30,239,151,118,260,42,112,47,182,233,171,56,63,169,212,10,99,216,110,64,187,94,39,74,159,33,175,55,42,52,169,240,213,85,146,232,249,119,118,66,259,158,194,39,15,41,182,142,13,239,70,26,220,245,120,107,190,256,167,4,7,142,50,205,203,239,38,38,29,67,100,75,0,72
82,67,170,273,246,41,262,101,171,126,98,217,218,196,166,241,149,81,94,232,107,244,258,271,234,265,267,115,130,41,137,149,30,253,259,245,179,89,256,51,85,21,179,187,23,85,190,168,91,85,173,112,175,193,272,264,14,87,244,24,115,138,272,188,92,31,152,42,155,126,226,134,54,220,257,117,140,231,99,238,139,47,95,151,66,261,273,202,30,236,214,7,105,36,124,119
188,266,141,54,147,179,222,259,20,175,170,267,6,132,15,190,206,224,269,256,8,261,148,140,127,180,216,246,90,109,98,267,3,209,86,243,239,55,244,180,266,211,85,153,218,158,262,103,192,114,253,24,39,181,9,185,21,238,14,88,98,273,11,268,33,229,240,45,169,29,73,80,213,50,174,53,48,249,0,176,4,184,271,273,119,272,176,261,33,85,131,119,239,248,69,23
229,55,123,157,60,113,211,185,158,109,31,192,148,180,120,82,40,34,214,20,76,267,135,102,84,234,214,241,27,20,52,116,144,108,179,58,205,71,167,236,63,96,111,174,44,130,164,243,186,176,228,143,101,158,236,63,205,160,74,239,181,188,157,135,237,53,99,109,26,273,43,112,84,83,8,203,163,167,72,95,269,60,164,89,180,218,55,76,224,15,136,222,33,225,97,146
241,45,140,184,107,0,124,79,128,149,252,247,269,64,193,166,177,73,41,173,116,54,212,154,117,220,131,181,250,100,154,158,9,146,216,66,110,136,95,20,26,134,188,44,2,239,269,242,56,114,44,272,34,5,62,190,91,248,230,252,174,49,83,37,4,120,243,110,205,85,100,37,15,16,163,194,10,256,27,184,37,89,264,165,272,35,66,219,169,164,75,145,183,97,54,219
256,205,242,257,269,262,218,237,83,117,163,55,254,261,175,162,193,173,87,170,66,47,143,10,139,248,46,20,190,210,108,231,32,113,210,65,154,252,252,107,271,91,150,241,4,48,128,192,260,16,40,252,198,265,60,169,180,136,60,52,87,88,109,106,190,232,36,57,263,117,193,189,258,124,10,5,3,182,149,71,272,159,240,202,181,263,209,26,125,84,203,65,84,51,38,27
107,20,266,208,85,250,126,162,86,108,199,63,56,38,259,123,99,99,134,202,120,20,23,109,222,252,262,12,72,186,27,30,104,119,88,271,81,212,199,49,95,148,4,197,167,49,83,229,2,104,238,31,205,133,59,145,243,192,16,266,204,211,106,240,199,52,85,106,61,271,20,62,107,85,127,30,68,178,261,232,257,102,193,203,19,236,142,74,124,146,116,204,253,130,127,165
88,176,70,200,62,173,210,113,208,102,185,224,144,73,255,197,262,9,268,108,94,148,237,9,96,135,87,158,261,93,39,238,175,224,185,142,85,199,156,110,270,8,7,1,253,218,74,210,141,178,242,169,91,162,218,209,49,79,37,26,22,13,175,77,171,143,22,234,11,150,106,238,55,172,63,175,258,252,113,208,197,190,57,80,90,246,118,102,68,174,101,55,217,133,118,86
203,246,126,210,126,37,137,10,8,212,54,77,84,262,125,144,259,52,209,56,236,39,73,156,126,238,93,25,61,95,156,101,111,10,238,17,56,162,52,202,16,30,249,132,87,61,168,271,246,26,180,51,14,263,273,83,245,184,184,259,255,111,28,195,251,18,70,256,261,31,227,230,188,141,153,135,45,258,195,257,264,271,132,190,98,42,72,76,117,48,192,71,266,246,243,190
67,198,17,201,17,34,46,138,131,272,25,263,159,174,77,95,94,98,156,239,97,43,227,243,26,108,57,141,114,173,231,68,168,255,30,226,223,199,95,15,144,59,233,118,40,52,27,219,258,171,267,128,228,40,134,192,92,44,75,72,262,131,103,24,186,201,3,12,228,149,38,96,66,148,65,245,59,46,58,154,164,239,236,60,211,12,104,71,219,127,143,201,181,11,232,34
262,108,106,164,10,240,146,181,48,88,247,208,226,80,125,19,155,149,213,182,101,165,223,242,211,164,233,161,7,207,62,217,240,134,145,107,88,136,138,169,30,80,197,218,222,80,139,255,204,210,97,152,225,2,210,0,4,242,3,56,110,90,77,50,109,233,89,213,259,6,83,70,203,8,236,263,88,256,209,96,117,170,37,134,143,62,249,95,230,66,239,32,32,159,176,54
10,78,10,209,261,241,98,82,74,195,272,257,229,120,86,112,169,104,29,270,155,46,231,17,253,47,201,55,248,68,257,25,82,256,53,145,126,174,8,192,64,273,196,260,97,126,171,273,26,21,128,226,139,72,187,37,134,25,160,138,50,107,149,62,76,248,59,99,4,31,253,129,140,260,20,135,236,210,83,273,178,122,215,5,123,128,110,125,202,157,133,64,269,205,92,106
102,117,175,138,6,62,179,3,2,34,78,49,3,131,221,105,229,218,82,213,180,197,195,92,240,241,76,134,269,47,265,153,6,219,204,141,160,193,199,187,79,200,106,244,251,72,39,215,115,21,58,222,240,111,128,244,85,44,26,205,62,64,79,34,201,229,187,181,162,86,6,79,273,103,1,265,270,57,181,164,76,10,10,225,1,176,149,130,118,214,82,262,102,218,151,272
103,121,18,187,135,17,30,242,180,252,265,167,190,156,1,199,92,258,12,267,199,18,220,113,75,113,239,58,36,164,237,245,248,65,80,178,143,61,257,182,16,170,141,199,99,158,246,172,136,16,172,176,69,139,229,27,14,33,88,180,257,138,151,43,83,125,170,170,8,248,238,144,237,95,84,70,266,125,225,117,26,204,251,220,233,125,156,168,4,25,6,190,57,38,152,134
241,83,122,78,70,136,255,266,217,104,178,17,103,180,71,129,141,125,271,4,207,268,224,70,229,226,29,47,83,136,229,61,100,19,183,118,46,139,237,39,251,211,192,64,148,228,124,78,244,186,27,272,42,41,202,256,192,126,58,208,271,119,222,268,253,136,164,81,31,12,255,218,143,63,240,51,61,185,12,238,219,172,64,3,74,106,115,133,75,202,166,129,193,268,269,34
236,218,273,43,31,130,205,151,203,186,202,250,124,168,89,51,235,241,190,216,206,182,94,90,174,271,153,155,225,236,242,265,82,115,11,149,88,32,57,138,58,73,4,202,96,123,212,44,37,265,194,134,272,98,227,112,60,198,96,236,149,180,225,262,157,82,97,10,90,118,135,174,272,40,155,45,258,193,14,46,211,157,138,48,153,102,12,56,52,90,68,35,123,267,145,119
48,193,226,202,2,205,155,102,1,231,178,24,225,108,246,71,53,97,16,114,149,45,89,259,208,255,115,250,44,176,227,64,9,15,205,92,146,32,231,232,192,103,30,64,148,228,19,89,206,74,127,48,209,258,112,73,49,56,15,169,22,94,140,171,230,267,209,171,176,192,48,117,59,70,128,227,27,92,250,204,268,187,224,92,139,79,107,98,241,24,124,109,60,25,212,64
74,169,53,198,167,94,27,156,164,242,219,222,145,186,92,245,126,113,202,126,0,152,98,19,177,125,193,86,33,247,132,38,96,18,183,170,52,160,50,253,20,4,214,224,93,261,261,96,263,130,31,103,9,179,90,180,148,179,84,266,110,230,103,42,136,142,28,171,130,26,248,139,119,270,107,207,151,248,186,167,11,59,126,204,229,174,139,112,28,72,19,263,191,30,254,141
66,219,73,98,72,1,60,135,174,267,97,121,220,146,57,269,103,81,98,154,228,78,78,163,241,14,199,122,101,160,56,154,177,36,158,98,51,183,88,29,248,179,242,28,69,136,167,261,72,272,36,14,14,157,166,127,5,45,267,49,92,199,5,215,97,268,152,231,159,1,45,190,146,172,56,106,101,200,229,91,239,60,263,23,72,61,66,2,87,87,269,47,38,250,16,126
166,77,139,5,87,68,72,248,236,61,230,74,155,120,183,130,254,94,137,69,167,245,90,245,240,18,172,225,55,12,91,162,172,239,15,169,119,15,149,250,12,149,222,137,105,175,155,27,124,182,241,141,197,262,165,86,167,71,132,7,166,36,55,92,257,16,20,203,260,258,269,80,23,267,180,14,254,212,38,96,242,182,54,257,267,133,41,140,77,218,111,207,234,198,105,154
265,220,13,78,0,162,207,64,268,68,256,218,183,107,105,211,263,231,236,127,61,32,21,171,192,110,108,131,85,85,52,220,249,70,182,28,123,227,167,135,103,188,30,199,174,188,150,247,59,101,170,125,185,42,54,28,10,140,201,17,13,162,191,110,233,187,127,81,78,75,65,124,217,155,187,16,80,191,77,146,248,117,99,26,181,19,76,246,150,232,149,115,22,225,105,93
176,150,134,262,59,30,255,244,253,103,88,127,225,56,156,67,28,68,26,135,229,195,20,212,29,246,188,27,186,66,210,43,62,111,69,44,219,252,68,105,130,266,31,56,101,151,239,44,124,251,256,104,114,172,239,34,10,147,220,204,196,113,90,94,112,100,102,80,134,136,86,209,70,220,233,2,205,83,242,177,145,249,190,170,89,81,184,232,1,166,107,217,102,123,12,208
65,151,262,207,257,44,156,128,58,193,103,46,78,188,188,123,211,179,67,221,181,74,105,132,221,31,138,260,114,76,53,224,99,7,15,94,35,104,132,104,64,42,36,113,60,173,155,110,162,192,188,82,17,98,158,175,176,116,213,249,102,107,216,90,231,80,20,192,195,55,193,206,264,106,26,157,217,176,51,138,48,246,64,46,163,1,54,136,135,142,27,131,80,243,105,185
10,157,39,181,272,161,50,94,266,257,213,9,135,33,240,176,211,204,38,81,146,22,192,94,241,270,67,68,239,153,178,84,163,65,108,103,213,250,4,198,87,152,167,267,271,173,77,91,273,119,43,41,122,102,247,113,41,135,39,50,36,6,81,99,208,33,256,118,201,134,255,179,245,269,182,252,108,38,205,4,213,163,180,192,235,237,244,25,0,127,214,19,189,210,21,208
45,234,106,48,91,100,225,186,245,15,11,19,69,136,56,76,191,15,268,138,19,262,243,124,88,13,244,99,32,199,177,265,178,12,3,258,60,103,75,116,215,142,31,189,207,190,99,38,29,236,135,145,205,137,151,126,190,108,4,24,239,40,90,258,46,0,124,160,240,24,93,115,215,208,109,158,71,198,179,44,142,157,222,241,162,65,137,105,109,129,53,73,149,174,58,161
59,111,213,93,43,73,181,158,130,178,62,135,19,63,158,119,145,196,58,65,248,90,216,25,100,187,104,61,90,17,227,81,71,102,97,119,226,110,195,17,168,221,32,157,40,84,34,215,59,89,264,201,270,213,214,79,115,217,216,244,57,205,139,1,30,226,62,31,203,116,251,95,266,45,251,81,148,230,236,220,12,153,111,232,121,251,13,105,174,43,89,257,150,104,147,165
205,271,147,151,5,107,93,208,169,103,103,87,55,197,171,90,80,5,103,123,222,45,74,112,49,40,185,272,53,224,187,26,101,15,100,14,218,26,9,63,16,79,48,168,58,258,165,141,99,120,142,250,191,172,27,52,163,69,125,11,79,12,197,147,126,2,191,81,109,166,157,183,184,270,24,261,174,272,120,115,264,140,195,159,14,85,232,234,254,12,62,20,148,113,43,24
59,243,178,250,160,175,176,171,64,71,134,264,84,228,127,81,133,271,227,236,253,152,236,130,80,260,46,189,8,248,16,134,144,38,196,193,188,251,151,110,9,39,233,157,241,172,89,6,116,11,30,64,117,224,134,260,43,147,249,234,230,73,55,142,238,92,19,220,118,160,221,265,269,202,27,172,74,13,153,21,135,142,232,99,214,153,60,77,201,125,208,273,126,260,247,100
233,227,188,229,106,218,181,15,3,198,51,57,88,241,135,199,86,220,225,138,68,243,42,9,131,44,236,195,32,149,169,264,127,132,226,102,230,95,234,147,244,49,78,107,143,196,102,53,189,246,94,1,257,25,61,51,213,131,51,81,26,166,263,105,66,227,57,194,117,76,251,86,171,248,58,185,171,120,271,269,189,242,17,70,242,216,152,175,134,168,214,137,232,261,57,42
