public/data/weather/current/archive/(half)current-wind_actual-surface-level-gfs-1.0.json
{"header": {"discipline":0,"disciplineName":"Meteorological products","gribEdition":2,"gribLength":106356,"center":7,"centerName":"US National Weather Service - NCEP(WMC)","subcenter":0,"refTime":"2014-12-15T00:00:00.000Z","significanceOfRT":1,"significanceOfRTName":"Start of forecast","productStatus":0,"productStatusName":"Operational products","productType":1,"productTypeName":"Forecast products","productDefinitionTemplate":0,"productDefinitionTemplateName":"Analysis/forecast at horizontal level/layer at a point in time","parameterCategory":2,"parameterCategoryName":"Momentum","parameterNumber":2,"parameterNumberName":"U-component_of_wind","parameterUnit":"m.s-1","genProcessType":2,"genProcessTypeName":"Forecast","forecastTime":0,"surface1Type":103,"surface1TypeName":"Specified height level above ground","surface1Value":10.0,"surface2Type":255,"surface2TypeName":"Missing","surface2Value":0.0,"gridDefinitionTemplate":30,"gridDefinitionTemplateName":"Lambert_Conformal","numberPoints":151987,"shape":6,"shapeName":"Earth spherical with radius of 6,371,229.0 m","gridUnits":"m","resolution":8,"winds":"relative","scanMode":64,"nx":451,"ny":337,"lo1":233.862,"la1":16.281,"dx":13545.0,"dy":13545.0,"spLon":0.0,"spLat":0.0,"laD":25.0,"loV":265.0,"projectionFlag":0,"latin1":25.0,"latin2":25.0}, "data":
[rows 0 to 25 of 337, columns 120 to 179 of 451]
-3.699298,-3.449298,-3.449298,-3.574298,-3.449298,-3.449298,-3.324298,-3.199298,-3.199298,-3.074298,-3.074298,-2.949298,-2.949298,-2.824298,-2.824298,-2.699298,-2.574298,-2.449298,-2.324298,-2.199298,-2.074298,-1.8242979,-1.6992979,-1.4492979,-1.3242979,-1.1992979,-0.9492979,-0.6992979,-0.5742979,-0.4492979,-0.3242979,-0.1992979,-0.074297905,0.050702095,0.050702095,0.3007021,0.5507021,0.8007021,0.9257021,1.3007021,1.5507021,1.8007021,2.050702,2.300702,2.550702,2.675702,2.800702,2.550702,2.050702,1.5507021,1.3007021,0.9257021,0.6757021,0.1757021,-0.074297905,0.3007021,0.4257021,-0.3242979,-0.5742979,0.5507021
-3.574298,-3.574298,-3.449298,-3.449298,-3.324298,-3.324298,-3.199298,-3.074298,-3.074298,-2.949298,-2.949298,-2.824298,-2.824298,-2.824298,-2.699298,-2.699298,-2.574298,-2.449298,-2.324298,-2.199298,-2.074298,-1.9492979,-1.6992979,-1.5742979,-1.3242979,-1.1992979,-0.9492979,-0.8242979,-0.5742979,-0.4492979,-0.3242979,-0.1992979,-0.074297905,-0.074297905,0.050702095,0.1757021,0.4257021,0.8007021,1.0507021,1.3007021,1.5507021,1.8007021,2.050702,2.300702,2.550702,2.675702,2.800702,2.550702,1.9257021,1.4257021,1.4257021,1.1757021,0.9257021,0.5507021,0.050702095,-0.1992979,-0.074297905,-0.9492979,-0.9492979,0.050702095
-3.449298,-3.449298,-3.324298,-3.324298,-3.199298,-3.199298,-3.074298,-2.949298,-2.949298,-2.824298,-2.824298,-2.699298,-2.699298,-2.699298,-2.699298,-2.574298,-2.574298,-2.449298,-2.324298,-2.199298,-2.074298,-1.9492979,-1.8242979,-1.5742979,-1.3242979,-1.1992979,-0.9492979,-0.8242979,-0.5742979,-0.4492979,-0.3242979,-0.1992979,-0.1992979,-0.074297905,-0.074297905,0.1757021,0.4257021,0.6757021,1.0507021,1.3007021,1.5507021,1.8007021,2.050702,2.300702,2.425702,2.675702,2.800702,2.425702,1.6757021,1.1757021,1.0507021,0.8007021,0.6757021,1.0507021,1.0507021,0.4257021,0.050702095,-0.1992979,0.050702095,0.3007021
-3.324298,-3.199298,-3.199298,-3.199298,-3.074298,-3.074298,-2.949298,-2.824298,-2.699298,-2.699298,-2.699298,-2.574298,-2.574298,-2.574298,-2.574298,-2.574298,-2.574298,-2.324298,-2.199298,-2.199298,-2.074298,-1.9492979,-1.6992979,-1.5742979,-1.3242979,-1.1992979,-0.9492979,-0.8242979,-0.5742979,-0.4492979,-0.4492979,-0.3242979,-0.1992979,-0.074297905,-0.074297905,0.1757021,0.4257021,0.6757021,0.9257021,1.1757021,1.4257021,1.6757021,1.9257021,2.175702,2.300702,2.675702,2.675702,1.8007021,1.1757021,1.0507021,0.9257021,0.5507021,0.4257021,0.9257021,1.3007021,1.1757021,0.8007021,0.6757021,0.6757021,0.3007021
-3.074298,-3.074298,-3.074298,-3.074298,-2.949298,-2.824298,-2.824298,-2.699298,-2.574298,-2.574298,-2.574298,-2.574298,-2.449298,-2.449298,-2.449298,-2.449298,-2.449298,-2.324298,-2.199298,-2.074298,-1.9492979,-1.8242979,-1.6992979,-1.4492979,-1.3242979,-1.1992979,-0.9492979,-0.6992979,-0.5742979,-0.5742979,-0.4492979,-0.4492979,-0.3242979,-0.1992979,-0.074297905,0.050702095,0.4257021,0.5507021,0.8007021,1.0507021,1.3007021,1.5507021,1.8007021,1.9257021,2.300702,2.550702,2.175702,1.6757021,1.3007021,1.1757021,0.8007021,0.3007021,0.3007021,-0.074297905,0.1757021,0.8007021,0.5507021,0.5507021,0.5507021,0.050702095
-2.949298,-2.949298,-2.949298,-2.949298,-2.824298,-2.699298,-2.699298,-2.574298,-2.449298,-2.449298,-2.324298,-2.449298,-2.324298,-2.324298,-2.324298,-2.324298,-2.324298,-2.199298,-2.074298,-2.074298,-1.9492979,-1.6992979,-1.5742979,-1.4492979,-1.3242979,-1.0742979,-0.9492979,-0.6992979,-0.5742979,-0.5742979,-0.5742979,-0.4492979,-0.3242979,-0.1992979,-0.074297905,0.050702095,0.3007021,0.5507021,0.6757021,0.9257021,1.1757021,1.4257021,1.5507021,1.8007021,2.300702,2.550702,2.300702,1.6757021,1.1757021,1.3007021,0.8007021,0.4257021,0.3007021,-0.3242979,-0.3242979,0.050702095,-0.074297905,-0.074297905,0.1757021,-0.3242979
-2.824298,-2.824298,-2.824298,-2.699298,-2.699298,-2.574298,-2.449298,-2.449298,-2.324298,-2.324298,-2.199298,-2.199298,-2.199298,-2.199298,-2.199298,-2.199298,-2.199298,-2.074298,-2.074298,-1.9492979,-1.8242979,-1.6992979,-1.4492979,-1.3242979,-1.1992979,-0.9492979,-0.8242979,-0.6992979,-0.5742979,-0.4492979,-0.4492979,-0.4492979,-0.3242979,-0.3242979,-0.1992979,-0.074297905,0.1757021,0.3007021,0.5507021,0.8007021,1.0507021,1.1757021,1.4257021,1.6757021,2.425702,2.550702,2.300702,1.6757021,1.0507021,0.8007021,0.4257021,0.1757021,-0.1992979,-0.4492979,-0.5742979,-0.3242979,0.050702095,-0.3242979,-0.074297905,-0.3242979
-2.699298,-2.699298,-2.574298,-2.574298,-2.574298,-2.449298,-2.324298,-2.324298,-2.199298,-2.074298,-2.074298,-2.074298,-2.074298,-2.074298,-2.074298,-2.074298,-2.074298,-1.9492979,-1.9492979,-1.8242979,-1.6992979,-1.5742979,-1.4492979,-1.1992979,-1.0742979,-0.9492979,-0.8242979,-0.5742979,-0.5742979,-0.4492979,-0.4492979,-0.4492979,-0.4492979,-0.3242979,-0.3242979,-0.074297905,0.050702095,0.3007021,0.4257021,0.6757021,0.9257021,1.0507021,1.0507021,1.5507021,2.425702,2.300702,1.4257021,0.6757021,0.1757021,-0.1992979,-0.074297905,-0.4492979,-1.0742979,-1.0742979,-0.9492979,-0.5742979,-0.3242979,-0.4492979,-0.1992979,-0.1992979
-2.574298,-2.574298,-2.449298,-2.449298,-2.324298,-2.324298,-2.199298,-2.074298,-1.9492979,-1.9492979,-1.9492979,-1.9492979,-1.8242979,-1.8242979,-1.8242979,-1.8242979,-1.9492979,-1.8242979,-1.6992979,-1.6992979,-1.5742979,-1.4492979,-1.3242979,-1.1992979,-0.9492979,-0.8242979,-0.6992979,-0.5742979,-0.4492979,-0.4492979,-0.3242979,-0.4492979,-0.4492979,-0.4492979,-0.3242979,-0.1992979,-0.074297905,0.1757021,0.3007021,0.5507021,0.6757021,0.8007021,0.8007021,1.0507021,1.1757021,0.3007021,-0.4492979,-0.9492979,-1.8242979,-1.4492979,-0.9492979,-1.0742979,-1.6992979,-1.8242979,-1.3242979,-0.6992979,-0.6992979,-0.8242979,-0.3242979,0.050702095
-2.449298,-2.449298,-2.324298,-2.324298,-2.199298,-2.074298,-2.074298,-1.9492979,-1.8242979,-1.8242979,-1.8242979,-1.6992979,-1.6992979,-1.6992979,-1.6992979,-1.6992979,-1.6992979,-1.6992979,-1.5742979,-1.5742979,-1.4492979,-1.3242979,-1.1992979,-1.0742979,-0.8242979,-0.6992979,-0.5742979,-0.4492979,-0.4492979,-0.4492979,-0.3242979,-0.3242979,-0.4492979,-0.4492979,-0.3242979,-0.1992979,-0.074297905,0.050702095,0.1757021,0.4257021,0.5507021,0.6757021,0.5507021,0.1757021,-0.3242979,-0.9492979,-0.9492979,-1.1992979,-1.4492979,-2.324298,-2.574298,-1.6992979,-1.9492979,-2.074298,-1.1992979,-0.6992979,-0.8242979,-0.6992979,-0.1992979,0.1757021
-2.324298,-2.324298,-2.199298,-2.199298,-2.074298,-1.9492979,-1.8242979,-1.8242979,-1.6992979,-1.6992979,-1.6992979,-1.5742979,-1.5742979,-1.4492979,-1.4492979,-1.4492979,-1.4492979,-1.4492979,-1.4492979,-1.3242979,-1.3242979,-1.1992979,-0.9492979,-0.8242979,-0.6992979,-0.5742979,-0.4492979,-0.4492979,-0.3242979,-0.3242979,-0.3242979,-0.3242979,-0.3242979,-0.4492979,-0.3242979,-0.3242979,-0.1992979,-0.074297905,0.1757021,0.3007021,0.4257021,0.5507021,0.5507021,0.1757021,-0.074297905,0.4257021,1.1757021,0.8007021,0.050702095,-1.1992979,-2.324298,-1.6992979,-1.9492979,-2.074298,-0.9492979,-0.4492979,-0.5742979,-0.3242979,-0.074297905,0.3007021
-2.199298,-2.074298,-2.074298,-2.074298,-2.074298,-1.8242979,-1.6992979,-1.6992979,-1.5742979,-1.5742979,-1.5742979,-1.4492979,-1.3242979,-1.3242979,-1.1992979,-1.1992979,-1.1992979,-1.1992979,-1.1992979,-1.1992979,-1.0742979,-1.0742979,-0.8242979,-0.6992979,-0.5742979,-0.4492979,-0.3242979,-0.3242979,-0.1992979,-0.3242979,-0.3242979,-0.3242979,-0.3242979,-0.3242979,-0.3242979,-0.3242979,-0.1992979,-0.074297905,0.050702095,0.3007021,0.4257021,0.5507021,0.5507021,0.4257021,0.3007021,0.8007021,1.5507021,1.6757021,0.8007021,0.1757021,-0.4492979,-0.8242979,-1.1992979,-1.0742979,-0.1992979,-0.1992979,-0.3242979,-0.1992979,0.1757021,0.3007021
-2.074298,-1.9492979,-1.9492979,-1.9492979,-1.9492979,-1.8242979,-1.6992979,-1.5742979,-1.5742979,-1.5742979,-1.4492979,-1.1992979,-1.1992979,-1.0742979,-1.0742979,-0.9492979,-0.9492979,-0.9492979,-0.9492979,-0.9492979,-0.9492979,-0.8242979,-0.6992979,-0.5742979,-0.4492979,-0.3242979,-0.1992979,-0.1992979,-0.1992979,-0.1992979,-0.1992979,-0.1992979,-0.3242979,-0.3242979,-0.3242979,-0.3242979,-0.1992979,-0.074297905,0.050702095,0.1757021,0.4257021,0.5507021,0.6757021,0.5507021,0.4257021,0.1757021,0.1757021,0.5507021,0.4257021,0.1757021,0.4257021,1.0507021,0.9257021,0.6757021,0.4257021,-0.074297905,-0.3242979,0.050702095,0.6757021,0.8007021
-1.9492979,-1.9492979,-1.9492979,-1.9492979,-1.8242979,-1.6992979,-1.5742979,-1.5742979,-1.4492979,-1.4492979,-1.1992979,-1.0742979,-1.0742979,-0.9492979,-0.9492979,-0.8242979,-0.8242979,-0.6992979,-0.6992979,-0.6992979,-0.6992979,-0.6992979,-0.5742979,-0.4492979,-0.3242979,-0.1992979,-0.1992979,-0.1992979,-0.1992979,-0.1992979,-0.1992979,-0.1992979,-0.1992979,-0.1992979,-0.1992979,-0.1992979,-0.1992979,-0.1992979,0.050702095,0.1757021,0.4257021,0.5507021,0.6757021,0.8007021,0.6757021,0.4257021,0.050702095,-0.1992979,-0.074297905,-0.074297905,0.6757021,1.8007021,1.6757021,0.9257021,0.5507021,0.3007021,0.3007021,0.8007021,0.8007021,0.8007021
-1.8242979,-1.9492979,-1.9492979,-1.8242979,-1.6992979,-1.5742979,-1.4492979,-1.4492979,-1.3242979,-1.1992979,-1.0742979,-0.9492979,-0.8242979,-0.8242979,-0.6992979,-0.8242979,-0.6992979,-0.5742979,-0.4492979,-0.4492979,-0.5742979,-0.5742979,-0.4492979,-0.3242979,-0.1992979,-0.074297905,-0.074297905,-0.074297905,-0.074297905,-0.074297905,-0.074297905,-0.074297905,-0.074297905,-0.1992979,-0.1992979,-0.1992979,-0.1992979,-0.074297905,0.050702095,0.1757021,0.4257021,0.5507021,0.8007021,1.0507021,1.0507021,0.8007021,0.6757021,0.4257021,-0.074297905,-0.074297905,0.8007021,1.6757021,1.0507021,0.3007021,0.1757021,0.4257021,0.9257021,1.4257021,0.5507021,0.050702095
-1.8242979,-1.9492979,-1.8242979,-1.6992979,-1.5742979,-1.5742979,-1.4492979,-1.3242979,-1.1992979,-0.9492979,-0.8242979,-0.8242979,-0.6992979,-0.5742979,-0.4492979,-0.6992979,-0.8242979,-0.6992979,-0.3242979,-0.1992979,-0.3242979,-0.3242979,-0.3242979,-0.1992979,-0.074297905,0.050702095,0.050702095,0.050702095,0.050702095,0.050702095,-0.074297905,0.050702095,-0.074297905,-0.074297905,-0.074297905,-0.074297905,-0.074297905,-0.074297905,0.050702095,0.1757021,0.4257021,0.6757021,0.9257021,1.1757021,1.3007021,1.3007021,1.0507021,0.9257021,0.9257021,0.8007021,0.9257021,1.1757021,0.5507021,-0.1992979,-0.074297905,0.3007021,1.1757021,1.4257021,0.050702095,-0.6992979
-1.6992979,-1.8242979,-1.8242979,-1.5742979,-1.5742979,-1.4492979,-1.3242979,-1.1992979,-0.9492979,-0.8242979,-0.6992979,-0.6992979,-0.5742979,-0.1992979,-0.1992979,-0.5742979,-0.8242979,-0.6992979,-0.3242979,-0.074297905,0.050702095,-0.074297905,-0.074297905,-0.074297905,0.050702095,0.050702095,0.1757021,0.1757021,0.1757021,0.050702095,0.050702095,0.050702095,0.050702095,0.050702095,0.050702095,-0.074297905,0.050702095,0.050702095,0.1757021,0.1757021,0.4257021,0.6757021,1.0507021,1.3007021,1.5507021,1.6757021,1.6757021,1.6757021,1.3007021,0.9257021,0.8007021,0.8007021,0.4257021,-0.074297905,0.5507021,1.0507021,1.4257021,1.1757021,0.1757021,-0.5742979
-1.6992979,-1.8242979,-1.6992979,-1.5742979,-1.4492979,-1.3242979,-1.1992979,-1.0742979,-0.9492979,-0.6992979,-0.5742979,-0.4492979,-0.3242979,-0.074297905,-0.074297905,-0.3242979,-0.5742979,-0.6992979,-0.4492979,0.050702095,0.3007021,0.1757021,0.1757021,0.1757021,0.1757021,0.1757021,0.3007021,0.1757021,0.1757021,0.1757021,0.1757021,0.1757021,0.1757021,0.1757021,0.050702095,0.050702095,0.1757021,0.3007021,0.3007021,0.3007021,0.4257021,0.8007021,1.1757021,1.4257021,1.8007021,2.050702,2.175702,2.175702,1.5507021,0.6757021,0.6757021,1.0507021,1.0507021,0.6757021,1.4257021,2.050702,1.4257021,0.9257021,0.8007021,0.1757021
-1.5742979,-1.5742979,-1.5742979,-1.4492979,-1.3242979,-1.1992979,-1.0742979,-0.9492979,-0.8242979,-0.5742979,-0.4492979,-0.3242979,-0.1992979,0.050702095,-0.074297905,-0.1992979,-0.3242979,-0.5742979,-0.4492979,0.050702095,0.4257021,0.4257021,0.3007021,0.3007021,0.3007021,0.3007021,0.3007021,0.3007021,0.1757021,0.3007021,0.3007021,0.3007021,0.3007021,0.1757021,0.1757021,0.1757021,0.3007021,0.4257021,0.4257021,0.4257021,0.5507021,0.9257021,1.3007021,1.6757021,2.050702,2.300702,2.800702,2.550702,1.4257021,1.1757021,1.4257021,2.050702,2.050702,1.5507021,2.300702,2.300702,1.4257021,1.4257021,1.4257021,0.9257021
-1.4492979,-1.4492979,-1.4492979,-1.3242979,-1.3242979,-1.1992979,-0.9492979,-0.8242979,-0.8242979,-0.5742979,-0.3242979,-0.1992979,0.050702095,0.1757021,-0.074297905,-0.1992979,-0.1992979,-0.4492979,-0.3242979,0.050702095,0.4257021,0.4257021,0.4257021,0.5507021,0.5507021,0.5507021,0.4257021,0.3007021,0.3007021,0.4257021,0.4257021,0.4257021,0.4257021,0.4257021,0.3007021,0.3007021,0.3007021,0.5507021,0.6757021,0.6757021,0.8007021,1.1757021,1.5507021,1.8007021,2.175702,2.675702,2.925702,2.550702,2.050702,2.050702,2.175702,2.675702,2.675702,2.175702,2.925702,2.300702,1.6757021,2.050702,1.9257021,1.6757021
-1.3242979,-1.3242979,-1.1992979,-1.1992979,-1.1992979,-1.0742979,-0.9492979,-0.8242979,-0.6992979,-0.5742979,-0.3242979,-0.074297905,0.1757021,0.4257021,0.050702095,-0.074297905,-0.074297905,-0.3242979,-0.3242979,0.1757021,0.4257021,0.4257021,0.5507021,0.6757021,0.6757021,0.5507021,0.5507021,0.4257021,0.4257021,0.5507021,0.5507021,0.5507021,0.5507021,0.5507021,0.4257021,0.4257021,0.4257021,0.5507021,0.8007021,0.9257021,1.1757021,1.4257021,1.8007021,2.050702,2.425702,2.675702,2.425702,2.300702,2.550702,2.550702,2.425702,2.675702,3.050702,2.925702,3.050702,2.675702,2.425702,2.300702,2.425702,2.050702
-1.1992979,-1.0742979,-1.0742979,-1.0742979,-1.0742979,-0.9492979,-0.8242979,-0.6992979,-0.5742979,-0.4492979,-0.3242979,-0.074297905,0.3007021,0.4257021,0.1757021,-0.074297905,-0.074297905,-0.3242979,-0.3242979,0.050702095,0.3007021,0.4257021,0.5507021,0.8007021,0.8007021,0.6757021,0.6757021,0.5507021,0.5507021,0.5507021,0.5507021,0.5507021,0.6757021,0.6757021,0.5507021,0.5507021,0.5507021,0.6757021,0.9257021,1.1757021,1.4257021,1.6757021,2.050702,2.300702,2.675702,2.800702,2.300702,2.300702,2.550702,2.425702,2.050702,2.675702,3.425702,3.300702,2.800702,3.050702,2.675702,2.675702,2.800702,2.175702
-0.9492979,-0.9492979,-0.9492979,-0.9492979,-0.9492979,-0.8242979,-0.6992979,-0.5742979,-0.4492979,-0.3242979,-0.1992979,0.050702095,0.4257021,0.5507021,0.3007021,0.050702095,-0.074297905,-0.1992979,-0.3242979,-0.1992979,0.1757021,0.3007021,0.5507021,0.8007021,1.0507021,0.9257021,0.8007021,0.6757021,0.6757021,0.6757021,0.6757021,0.6757021,0.6757021,0.8007021,0.8007021,0.8007021,0.8007021,0.9257021,1.0507021,1.3007021,1.6757021,2.050702,2.300702,2.675702,2.675702,2.175702,1.6757021,2.175702,2.675702,2.425702,2.050702,2.675702,3.675702,3.175702,2.425702,2.800702,2.550702,2.550702,3.175702,2.550702
-0.8242979,-0.6992979,-0.6992979,-0.6992979,-0.6992979,-0.5742979,-0.5742979,-0.4492979,-0.1992979,-0.1992979,-0.074297905,0.1757021,0.4257021,0.5507021,0.4257021,0.1757021,-0.074297905,-0.3242979,-0.4492979,-0.1992979,0.1757021,0.4257021,0.5507021,0.9257021,1.1757021,1.0507021,0.9257021,0.8007021,0.8007021,0.6757021,0.8007021,0.8007021,0.8007021,0.8007021,0.9257021,0.9257021,1.0507021,1.1757021,1.3007021,1.5507021,1.9257021,2.300702,2.675702,2.925702,3.050702,2.425702,2.175702,2.425702,2.425702,2.050702,1.5507021,2.300702,3.675702,3.300702,1.9257021,2.175702,2.550702,2.425702,3.175702,3.175702
-0.5742979,-0.5742979,-0.5742979,-0.5742979,-0.4492979,-0.4492979,-0.3242979,-0.1992979,0.050702095,0.050702095,0.1757021,0.3007021,0.4257021,0.5507021,0.6757021,0.4257021,0.050702095,-0.3242979,-0.4492979,-0.1992979,0.1757021,0.4257021,0.6757021,1.0507021,1.1757021,1.1757021,0.9257021,0.9257021,0.8007021,0.8007021,0.8007021,0.9257021,0.9257021,1.0507021,1.0507021,1.1757021,1.1757021,1.4257021,1.5507021,1.8007021,2.175702,2.550702,2.925702,3.300702,3.425702,2.800702,2.300702,2.550702,2.175702,1.9257021,1.8007021,2.050702,3.425702,2.925702,1.4257021,1.8007021,2.675702,2.425702,2.925702,3.300702
-0.3242979,-0.3242979,-0.3242979,-0.3242979,-0.1992979,-0.1992979,-0.074297905,0.050702095,0.3007021,0.3007021,0.4257021,0.4257021,0.5507021,0.6757021,0.8007021,0.6757021,0.1757021,-0.3242979,-0.3242979,-0.074297905,0.3007021,0.5507021,0.9257021,1.1757021,1.1757021,1.1757021,1.0507021,0.9257021,0.9257021,0.9257021,0.9257021,1.0507021,1.0507021,1.1757021,1.1757021,1.3007021,1.4257021,1.5507021,1.8007021,2.175702,2.550702,2.800702,3.300702,3.675702,3.800702,3.425702,2.800702,2.675702,2.175702,2.175702,1.6757021,1.8007021,3.175702,2.675702,1.4257021,2.050702,2.800702,2.175702,2.675702,3.425702
