public/data/weather/current/archive/(half)current-wind_actual-surface-level-gfs-1.0.json
{"header": {"discipline":0,"disciplineName":"Meteorological products","gribEdition":2,"gribLength":106356,"center":7,"centerName":"US National Weather Service - NCEP(WMC)","subcenter":0,"refTime":"2014-12-15T00:00:00.000Z","significanceOfRT":1,"significanceOfRTName":"Start of forecast","productStatus":0,"productStatusName":"Operational products","productType":1,"productTypeName":"Forecast products","productDefinitionTemplate":0,"productDefinitionTemplateName":"Analysis/forecast at horizontal level/layer at a point in time","parameterCategory":2,"parameterCategoryName":"Momentum","parameterNumber":3,"parameterNumberName":"V-component_of_wind","parameterUnit":"m.s-1","genProcessType":2,"genProcessTypeName":"Forecast","forecastTime":0,"surface1Type":103,"surface1TypeName":"Specified height level above ground","surface1Value":10.0,"surface2Type":255,"surface2TypeName":"Missing","surface2Value":0.0,"gridDefinitionTemplate":30,"gridDefinitionTemplateName":"Lambert_Conformal","numberPoints":151987,"shape":6,"shapeName":"Earth spherical with radius of 6,371,229.0 m","gridUnits":"m","resolution":8,"winds":"relative","scanMode":64,"nx":451,"ny":337,"lo1":233.862,"la1":16.281,"dx":13545.0,"dy":13545.0,"spLon":0.0,"spLat":0.0,"laD":25.0,"loV":265.0,"projectionFlag":0,"latin1":25.0,"latin2":25.0}, "data":
[rows 286 to 311 of 337, columns 348 to 405 of 451]
-2.9265957,-3.1765957,-3.6765957,-3.9265957,-3.8015957,-3.5515957,-3.3015957,-3.1765957,-3.4265957,-3.6765957,-3.8015957,-3.6765957,-3.5515957,-3.3015957,-3.3015957,-3.1765957,-3.3015957,-3.1765957,-3.1765957,-3.1765957,-2.8015957,-2.4265957,-1.8015957,-1.0515957,-0.8015957,-0.9265957,-1.1765957,-1.4265957,-1.9265957,-2.1765957,-2.1765957,-2.8015957,-2.5515957,-2.0515957,-2.1765957,-2.3015957,-2.0515957,-1.9265957,-1.8015957,-1.8015957,-2.1765957,-2.4265957,-2.6765957,-2.9265957,-2.8015957,-2.9265957,-3.5515957,-4.1765957,-3.1765957,-2.8015957,-3.4265957,-3.9265957,-4.4265957,-5.5515957,-4.9265957,-4.3015957,-3.4265957,-2.0515957
-3.1765957,-3.4265957,-3.8015957,-4.0515957,-3.9265957,-3.5515957,-3.1765957,-3.4265957,-3.5515957,-3.8015957,-3.8015957,-3.5515957,-3.3015957,-3.1765957,-3.4265957,-3.5515957,-3.5515957,-3.4265957,-3.5515957,-3.6765957,-3.5515957,-3.1765957,-2.5515957,-1.8015957,-1.1765957,-1.0515957,-1.1765957,-1.3015957,-1.6765957,-2.3015957,-2.5515957,-2.9265957,-3.1765957,-3.0515957,-3.1765957,-3.8015957,-3.3015957,-2.6765957,-2.3015957,-2.4265957,-2.6765957,-2.6765957,-2.9265957,-2.8015957,-1.5515957,-2.4265957,-3.1765957,-3.6765957,-3.5515957,-3.5515957,-3.3015957,-2.4265957,-2.1765957,-3.4265957,-4.0515957,-4.6765957,-4.8015957,-4.1765957
-3.0515957,-3.3015957,-3.5515957,-3.9265957,-3.8015957,-3.4265957,-3.3015957,-3.5515957,-3.6765957,-3.6765957,-3.5515957,-3.3015957,-3.0515957,-3.1765957,-3.5515957,-3.8015957,-3.6765957,-3.6765957,-3.9265957,-4.1765957,-4.1765957,-3.5515957,-3.0515957,-2.5515957,-1.6765957,-1.0515957,-1.0515957,-1.1765957,-1.0515957,-1.5515957,-2.0515957,-2.4265957,-2.8015957,-3.1765957,-3.4265957,-3.5515957,-3.9265957,-3.1765957,-2.5515957,-2.5515957,-2.9265957,-3.3015957,-3.4265957,-3.5515957,-2.4265957,-1.1765957,-1.8015957,-2.8015957,-3.3015957,-2.9265957,-2.8015957,-1.9265957,-1.4265957,-1.8015957,-2.1765957,-3.0515957,-3.8015957,-4.4265957
-3.0515957,-2.9265957,-3.0515957,-3.3015957,-3.5515957,-3.3015957,-3.3015957,-3.5515957,-3.5515957,-3.3015957,-3.1765957,-3.1765957,-3.3015957,-3.4265957,-3.9265957,-4.3015957,-4.3015957,-4.0515957,-4.4265957,-4.6765957,-4.4265957,-3.9265957,-3.5515957,-3.1765957,-2.4265957,-1.4265957,-1.1765957,-1.0515957,-0.8015957,-0.9265957,-1.1765957,-1.1765957,-1.4265957,-2.0515957,-2.8015957,-3.3015957,-3.8015957,-3.3015957,-2.5515957,-2.1765957,-2.8015957,-3.0515957,-3.3015957,-3.6765957,-3.5515957,-2.4265957,-1.1765957,-2.0515957,-3.3015957,-2.9265957,-2.3015957,-2.1765957,-2.0515957,-1.8015957,-1.8015957,-1.9265957,-2.0515957,-2.8015957
-3.3015957,-3.0515957,-2.6765957,-2.9265957,-3.1765957,-3.0515957,-3.1765957,-3.3015957,-3.1765957,-2.9265957,-2.8015957,-3.1765957,-3.5515957,-3.8015957,-4.1765957,-4.6765957,-4.8015957,-4.6765957,-4.8015957,-4.8015957,-4.4265957,-4.1765957,-4.1765957,-4.0515957,-3.5515957,-2.6765957,-2.0515957,-1.6765957,-1.3015957,-1.0515957,-0.9265957,-0.8015957,-0.6765957,-0.9265957,-1.5515957,-2.5515957,-3.8015957,-4.5515957,-3.3015957,-2.1765957,-2.8015957,-3.0515957,-2.9265957,-3.1765957,-3.4265957,-3.5515957,-3.0515957,-2.4265957,-3.3015957,-3.4265957,-3.0515957,-2.8015957,-2.5515957,-2.4265957,-2.3015957,-2.3015957,-2.0515957,-2.1765957
-3.3015957,-3.3015957,-3.1765957,-3.1765957,-3.0515957,-2.9265957,-2.8015957,-2.8015957,-2.8015957,-2.5515957,-2.8015957,-3.3015957,-3.6765957,-4.0515957,-4.3015957,-4.5515957,-4.8015957,-4.6765957,-4.8015957,-4.6765957,-4.4265957,-4.3015957,-4.3015957,-4.4265957,-4.3015957,-3.9265957,-3.0515957,-2.5515957,-2.0515957,-1.6765957,-1.3015957,-1.0515957,-1.0515957,-0.8015957,-0.8015957,-1.3015957,-2.3015957,-3.8015957,-4.8015957,-3.1765957,-3.0515957,-3.3015957,-3.5515957,-3.4265957,-3.0515957,-3.4265957,-3.8015957,-3.6765957,-3.6765957,-3.5515957,-3.4265957,-3.0515957,-2.8015957,-2.8015957,-2.8015957,-2.6765957,-2.6765957,-2.4265957
-2.9265957,-3.1765957,-3.3015957,-3.3015957,-3.1765957,-2.9265957,-2.8015957,-2.6765957,-2.6765957,-2.8015957,-3.0515957,-3.4265957,-3.6765957,-3.8015957,-3.9265957,-4.0515957,-4.3015957,-4.4265957,-4.5515957,-4.4265957,-4.3015957,-4.4265957,-4.3015957,-4.4265957,-4.4265957,-4.3015957,-3.8015957,-3.1765957,-2.8015957,-2.6765957,-2.0515957,-1.6765957,-1.5515957,-1.5515957,-1.1765957,-0.8015957,-0.9265957,-1.9265957,-3.4265957,-3.9265957,-3.5515957,-3.3015957,-3.6765957,-3.8015957,-3.4265957,-3.1765957,-3.3015957,-3.4265957,-3.6765957,-3.4265957,-3.3015957,-2.9265957,-2.8015957,-2.8015957,-2.8015957,-2.8015957,-2.6765957,-2.1765957
-2.6765957,-2.9265957,-3.0515957,-3.0515957,-3.0515957,-2.9265957,-2.9265957,-2.8015957,-2.9265957,-3.1765957,-3.3015957,-3.4265957,-3.4265957,-3.5515957,-3.4265957,-3.5515957,-3.8015957,-3.9265957,-4.1765957,-4.1765957,-4.0515957,-4.4265957,-4.3015957,-4.4265957,-4.6765957,-4.8015957,-4.4265957,-3.8015957,-3.5515957,-3.5515957,-3.0515957,-2.4265957,-2.1765957,-2.1765957,-1.8015957,-1.3015957,-1.0515957,-1.4265957,-2.3015957,-2.9265957,-3.4265957,-3.0515957,-3.1765957,-3.5515957,-3.5515957,-3.4265957,-3.3015957,-3.4265957,-3.4265957,-3.3015957,-3.3015957,-3.0515957,-2.9265957,-2.9265957,-2.8015957,-2.8015957,-2.6765957,-2.4265957
-2.5515957,-2.5515957,-2.6765957,-2.6765957,-2.6765957,-2.8015957,-2.9265957,-3.0515957,-3.0515957,-3.1765957,-3.3015957,-3.3015957,-3.3015957,-3.3015957,-3.1765957,-3.1765957,-3.3015957,-3.5515957,-3.8015957,-3.9265957,-3.6765957,-3.9265957,-4.0515957,-4.1765957,-4.4265957,-4.8015957,-4.9265957,-4.4265957,-4.1765957,-4.0515957,-3.9265957,-3.4265957,-3.0515957,-2.9265957,-2.5515957,-2.0515957,-1.8015957,-1.8015957,-2.1765957,-2.8015957,-3.3015957,-2.8015957,-2.9265957,-3.4265957,-3.6765957,-3.8015957,-3.6765957,-3.6765957,-3.5515957,-3.3015957,-3.1765957,-2.9265957,-2.9265957,-2.9265957,-2.9265957,-2.8015957,-2.4265957,-2.3015957
-2.3015957,-2.4265957,-2.4265957,-2.3015957,-2.4265957,-2.6765957,-2.9265957,-3.0515957,-3.1765957,-3.1765957,-3.0515957,-3.1765957,-3.1765957,-3.1765957,-3.1765957,-3.1765957,-3.3015957,-3.3015957,-3.5515957,-3.8015957,-3.9265957,-3.8015957,-3.6765957,-3.6765957,-3.8015957,-3.9265957,-4.0515957,-4.1765957,-4.1765957,-4.1765957,-4.0515957,-3.9265957,-3.5515957,-3.4265957,-3.0515957,-2.5515957,-2.1765957,-2.1765957,-2.1765957,-2.8015957,-3.4265957,-3.3015957,-3.1765957,-3.4265957,-3.9265957,-4.0515957,-3.9265957,-3.6765957,-3.6765957,-3.6765957,-3.3015957,-2.8015957,-2.8015957,-2.9265957,-2.9265957,-2.8015957,-2.4265957,-2.1765957
-2.4265957,-2.6765957,-2.4265957,-2.0515957,-2.1765957,-2.5515957,-2.9265957,-3.1765957,-3.1765957,-3.0515957,-2.9265957,-2.8015957,-2.9265957,-2.9265957,-2.9265957,-3.0515957,-3.1765957,-3.3015957,-3.5515957,-3.8015957,-4.0515957,-4.0515957,-4.0515957,-3.8015957,-3.6765957,-3.6765957,-3.5515957,-3.5515957,-3.8015957,-3.9265957,-3.9265957,-3.9265957,-3.5515957,-3.4265957,-3.3015957,-2.9265957,-2.3015957,-2.3015957,-2.3015957,-2.6765957,-3.1765957,-3.4265957,-3.5515957,-3.5515957,-4.0515957,-4.3015957,-4.0515957,-3.6765957,-3.5515957,-3.5515957,-3.5515957,-3.3015957,-3.1765957,-3.1765957,-3.0515957,-2.8015957,-2.6765957,-2.4265957
-2.8015957,-2.9265957,-2.5515957,-1.9265957,-1.9265957,-2.4265957,-2.9265957,-3.0515957,-3.0515957,-2.9265957,-2.8015957,-2.6765957,-2.6765957,-2.6765957,-2.6765957,-2.8015957,-3.0515957,-3.0515957,-3.3015957,-3.6765957,-3.9265957,-3.9265957,-4.1765957,-4.3015957,-4.0515957,-3.9265957,-3.9265957,-3.9265957,-3.6765957,-3.9265957,-3.9265957,-3.8015957,-3.8015957,-3.8015957,-3.4265957,-2.9265957,-2.3015957,-2.0515957,-2.3015957,-2.6765957,-3.1765957,-3.6765957,-3.6765957,-3.6765957,-4.1765957,-4.4265957,-4.3015957,-3.8015957,-3.4265957,-3.1765957,-3.4265957,-3.8015957,-3.8015957,-3.6765957,-3.5515957,-3.3015957,-2.8015957,-2.6765957
-2.9265957,-3.0515957,-2.9265957,-2.3015957,-1.9265957,-2.1765957,-2.6765957,-3.0515957,-2.9265957,-2.8015957,-2.6765957,-2.6765957,-2.6765957,-2.5515957,-2.4265957,-2.5515957,-2.8015957,-2.9265957,-3.0515957,-3.1765957,-3.4265957,-3.5515957,-3.8015957,-4.1765957,-4.3015957,-4.1765957,-4.0515957,-3.9265957,-3.9265957,-3.9265957,-4.0515957,-4.0515957,-3.9265957,-3.9265957,-3.5515957,-2.8015957,-2.3015957,-2.1765957,-2.3015957,-2.8015957,-3.4265957,-3.9265957,-4.0515957,-4.0515957,-4.0515957,-4.1765957,-4.0515957,-3.9265957,-3.5515957,-3.3015957,-3.5515957,-3.9265957,-4.0515957,-4.0515957,-3.6765957,-3.3015957,-2.8015957,-2.4265957
-2.8015957,-3.0515957,-2.9265957,-2.5515957,-2.4265957,-2.1765957,-2.4265957,-2.8015957,-2.8015957,-2.8015957,-2.6765957,-2.6765957,-2.5515957,-2.5515957,-2.3015957,-2.1765957,-2.3015957,-2.4265957,-2.6765957,-2.8015957,-2.8015957,-3.0515957,-3.1765957,-3.3015957,-3.5515957,-3.6765957,-3.5515957,-3.5515957,-3.5515957,-3.8015957,-4.0515957,-4.1765957,-4.1765957,-4.0515957,-3.4265957,-2.8015957,-2.5515957,-2.5515957,-2.9265957,-3.3015957,-3.5515957,-3.9265957,-4.0515957,-4.0515957,-3.9265957,-3.9265957,-3.9265957,-3.9265957,-3.8015957,-3.6765957,-3.6765957,-3.9265957,-4.3015957,-4.1765957,-3.5515957,-3.0515957,-2.4265957,-2.0515957
-2.8015957,-2.8015957,-2.9265957,-2.4265957,-2.3015957,-2.4265957,-2.4265957,-2.4265957,-2.4265957,-2.5515957,-2.5515957,-2.4265957,-2.4265957,-2.4265957,-2.4265957,-2.1765957,-1.8015957,-1.9265957,-2.1765957,-2.3015957,-2.4265957,-2.4265957,-2.4265957,-2.4265957,-2.4265957,-2.5515957,-2.8015957,-3.0515957,-3.1765957,-3.3015957,-3.6765957,-4.0515957,-4.3015957,-4.3015957,-3.9265957,-3.4265957,-3.1765957,-3.4265957,-3.6765957,-3.8015957,-3.9265957,-3.9265957,-4.0515957,-4.0515957,-3.9265957,-3.8015957,-3.8015957,-3.8015957,-3.9265957,-3.9265957,-3.6765957,-3.8015957,-4.3015957,-4.1765957,-3.8015957,-3.1765957,-2.5515957,-2.1765957
-2.8015957,-2.6765957,-2.6765957,-2.4265957,-2.3015957,-2.3015957,-2.3015957,-2.1765957,-2.1765957,-2.3015957,-2.3015957,-2.3015957,-2.1765957,-2.3015957,-2.4265957,-2.4265957,-2.0515957,-1.8015957,-1.8015957,-1.8015957,-1.9265957,-2.1765957,-2.0515957,-2.0515957,-2.1765957,-2.1765957,-2.4265957,-2.8015957,-2.9265957,-2.8015957,-3.0515957,-3.5515957,-4.0515957,-4.3015957,-4.4265957,-4.5515957,-4.4265957,-4.4265957,-4.3015957,-4.3015957,-4.1765957,-4.0515957,-4.0515957,-4.0515957,-3.9265957,-3.8015957,-3.8015957,-3.8015957,-3.9265957,-3.6765957,-3.4265957,-3.4265957,-3.6765957,-3.5515957,-3.1765957,-2.9265957,-2.6765957,-2.5515957
-2.8015957,-2.5515957,-2.4265957,-2.3015957,-2.1765957,-2.1765957,-2.0515957,-2.0515957,-2.1765957,-2.3015957,-2.3015957,-2.4265957,-2.3015957,-2.3015957,-2.1765957,-2.3015957,-2.4265957,-2.1765957,-1.8015957,-1.6765957,-1.6765957,-2.0515957,-2.3015957,-2.3015957,-2.4265957,-2.4265957,-2.5515957,-2.8015957,-3.0515957,-2.8015957,-2.6765957,-3.1765957,-3.8015957,-4.1765957,-4.5515957,-4.8015957,-4.9265957,-4.9265957,-4.6765957,-4.4265957,-4.3015957,-4.3015957,-4.1765957,-4.0515957,-4.0515957,-4.1765957,-4.0515957,-3.9265957,-3.8015957,-3.3015957,-3.1765957,-3.0515957,-3.0515957,-3.0515957,-2.6765957,-2.3015957,-2.4265957,-2.5515957
-2.6765957,-2.5515957,-2.3015957,-2.1765957,-2.0515957,-1.9265957,-2.0515957,-2.0515957,-2.3015957,-2.3015957,-2.4265957,-2.4265957,-2.5515957,-2.5515957,-2.3015957,-2.1765957,-2.3015957,-2.4265957,-2.1765957,-1.8015957,-1.6765957,-1.8015957,-2.1765957,-2.4265957,-2.5515957,-2.6765957,-2.9265957,-3.3015957,-3.4265957,-3.1765957,-2.9265957,-3.1765957,-3.6765957,-4.1765957,-4.4265957,-4.6765957,-4.8015957,-4.8015957,-4.6765957,-4.5515957,-4.4265957,-4.4265957,-4.3015957,-4.3015957,-4.3015957,-4.3015957,-4.3015957,-3.9265957,-3.6765957,-3.4265957,-3.0515957,-2.9265957,-2.8015957,-2.8015957,-2.9265957,-2.5515957,-2.4265957,-2.3015957
-2.1765957,-2.3015957,-2.4265957,-2.3015957,-1.9265957,-1.8015957,-1.9265957,-2.0515957,-2.1765957,-2.3015957,-2.4265957,-2.4265957,-2.5515957,-2.6765957,-2.5515957,-2.4265957,-2.4265957,-2.5515957,-2.6765957,-2.0515957,-1.8015957,-1.6765957,-1.8015957,-1.9265957,-2.4265957,-2.6765957,-3.0515957,-3.5515957,-3.8015957,-3.6765957,-3.4265957,-3.4265957,-3.5515957,-4.0515957,-4.1765957,-4.4265957,-4.6765957,-4.8015957,-4.6765957,-4.5515957,-4.5515957,-4.5515957,-4.3015957,-4.3015957,-4.4265957,-4.3015957,-4.0515957,-3.9265957,-3.6765957,-3.3015957,-2.9265957,-2.6765957,-2.6765957,-2.8015957,-2.9265957,-2.8015957,-2.3015957,-2.0515957
-2.0515957,-2.0515957,-2.1765957,-2.3015957,-2.0515957,-1.8015957,-1.9265957,-1.9265957,-2.0515957,-2.1765957,-2.1765957,-2.4265957,-2.4265957,-2.5515957,-2.6765957,-2.6765957,-2.5515957,-2.5515957,-2.6765957,-2.3015957,-2.0515957,-1.8015957,-1.6765957,-1.5515957,-1.9265957,-2.3015957,-2.6765957,-3.3015957,-3.6765957,-3.8015957,-3.6765957,-3.5515957,-3.4265957,-3.5515957,-3.6765957,-3.9265957,-4.1765957,-4.5515957,-4.5515957,-4.6765957,-4.6765957,-4.5515957,-4.4265957,-4.4265957,-4.4265957,-4.1765957,-3.9265957,-3.5515957,-3.3015957,-2.9265957,-2.5515957,-2.4265957,-2.3015957,-2.4265957,-2.6765957,-2.8015957,-2.5515957,-1.9265957
-2.3015957,-2.1765957,-2.0515957,-2.1765957,-2.1765957,-2.0515957,-2.0515957,-1.9265957,-1.9265957,-1.9265957,-2.0515957,-2.3015957,-2.4265957,-2.5515957,-2.6765957,-2.6765957,-2.6765957,-2.6765957,-2.6765957,-2.5515957,-2.3015957,-2.1765957,-2.0515957,-1.5515957,-1.6765957,-2.0515957,-2.4265957,-2.8015957,-3.3015957,-3.5515957,-3.4265957,-3.3015957,-3.0515957,-3.0515957,-3.0515957,-3.1765957,-3.4265957,-3.9265957,-4.4265957,-4.6765957,-4.6765957,-4.4265957,-4.4265957,-4.4265957,-4.3015957,-3.9265957,-3.6765957,-3.4265957,-3.0515957,-2.5515957,-2.3015957,-2.1765957,-2.1765957,-2.3015957,-2.4265957,-2.5515957,-2.6765957,-2.0515957
-2.1765957,-2.1765957,-2.1765957,-2.1765957,-2.1765957,-2.1765957,-2.1765957,-2.0515957,-1.9265957,-2.0515957,-2.0515957,-2.3015957,-2.4265957,-2.5515957,-2.6765957,-2.6765957,-2.6765957,-2.6765957,-2.8015957,-2.9265957,-2.8015957,-2.5515957,-2.5515957,-2.0515957,-1.8015957,-1.9265957,-2.3015957,-2.5515957,-2.9265957,-3.3015957,-3.1765957,-3.0515957,-2.9265957,-2.9265957,-2.8015957,-2.9265957,-3.0515957,-3.4265957,-4.1765957,-4.5515957,-4.4265957,-4.1765957,-4.1765957,-4.1765957,-4.0515957,-3.8015957,-3.5515957,-3.1765957,-2.9265957,-2.5515957,-2.4265957,-2.3015957,-2.1765957,-2.3015957,-2.3015957,-2.1765957,-2.1765957,-2.0515957
-2.0515957,-2.0515957,-2.1765957,-2.1765957,-2.1765957,-2.1765957,-2.1765957,-2.0515957,-2.0515957,-2.1765957,-2.1765957,-2.3015957,-2.4265957,-2.5515957,-2.6765957,-2.5515957,-2.5515957,-2.5515957,-2.8015957,-2.9265957,-2.9265957,-2.8015957,-2.8015957,-2.5515957,-2.1765957,-2.0515957,-2.1765957,-2.3015957,-2.5515957,-2.9265957,-3.0515957,-3.0515957,-2.9265957,-2.9265957,-2.8015957,-2.6765957,-2.8015957,-3.1765957,-3.8015957,-4.0515957,-4.0515957,-4.0515957,-4.0515957,-3.9265957,-3.9265957,-3.8015957,-3.4265957,-3.0515957,-2.9265957,-2.8015957,-2.6765957,-2.5515957,-2.4265957,-2.3015957,-2.3015957,-2.0515957,-1.9265957,-1.8015957
-1.8015957,-1.9265957,-2.0515957,-2.0515957,-2.0515957,-2.0515957,-2.0515957,-1.9265957,-1.9265957,-2.0515957,-2.1765957,-2.3015957,-2.3015957,-2.4265957,-2.5515957,-2.5515957,-2.5515957,-2.5515957,-2.4265957,-2.6765957,-2.8015957,-2.8015957,-2.8015957,-2.6765957,-2.4265957,-2.0515957,-2.3015957,-2.5515957,-2.5515957,-2.6765957,-2.8015957,-2.9265957,-3.0515957,-3.0515957,-2.8015957,-2.6765957,-2.6765957,-2.9265957,-3.3015957,-3.5515957,-3.6765957,-3.8015957,-3.9265957,-3.9265957,-3.8015957,-3.6765957,-3.3015957,-3.1765957,-3.0515957,-3.0515957,-2.9265957,-2.8015957,-2.6765957,-2.5515957,-2.5515957,-2.4265957,-2.1765957,-1.8015957
-1.6765957,-1.6765957,-1.8015957,-1.6765957,-1.6765957,-1.8015957,-1.8015957,-1.8015957,-1.6765957,-1.9265957,-2.1765957,-2.3015957,-2.3015957,-2.4265957,-2.5515957,-2.6765957,-2.8015957,-2.8015957,-2.5515957,-2.6765957,-2.8015957,-2.8015957,-2.8015957,-2.8015957,-2.5515957,-2.1765957,-2.1765957,-2.4265957,-2.6765957,-2.8015957,-2.6765957,-2.8015957,-2.9265957,-2.9265957,-2.9265957,-2.6765957,-2.5515957,-2.5515957,-2.9265957,-3.1765957,-3.3015957,-3.5515957,-3.8015957,-3.8015957,-3.6765957,-3.4265957,-3.1765957,-3.0515957,-3.1765957,-3.1765957,-3.0515957,-2.9265957,-2.8015957,-2.8015957,-2.6765957,-2.6765957,-2.5515957,-2.0515957
-1.5515957,-1.5515957,-1.6765957,-1.6765957,-1.4265957,-1.5515957,-1.5515957,-1.5515957,-1.5515957,-1.8015957,-2.0515957,-2.4265957,-2.6765957,-2.8015957,-2.9265957,-2.9265957,-3.0515957,-3.1765957,-3.1765957,-3.1765957,-3.1765957,-3.1765957,-3.0515957,-2.9265957,-2.6765957,-2.3015957,-2.1765957,-2.4265957,-2.5515957,-2.6765957,-2.8015957,-2.8015957,-2.9265957,-2.9265957,-2.8015957,-2.5515957,-2.3015957,-2.4265957,-2.6765957,-2.9265957,-3.1765957,-3.5515957,-3.6765957,-3.5515957,-3.3015957,-3.0515957,-2.9265957,-2.9265957,-3.0515957,-3.1765957,-3.1765957,-2.9265957,-2.8015957,-2.8015957,-2.8015957,-2.8015957,-2.6765957,-2.4265957
