public/data/weather/current/archive/(half)current-wind_actual-surface-level-gfs-1.0.json
{"header": {"discipline":0,"disciplineName":"Meteorological products","gribEdition":2,"gribLength":106356,"center":7,"centerName":"US National Weather Service - NCEP(WMC)","subcenter":0,"refTime":"2014-12-15T00:00:00.000Z","significanceOfRT":1,"significanceOfRTName":"Start of forecast","productStatus":0,"productStatusName":"Operational products","productType":1,"productTypeName":"Forecast products","productDefinitionTemplate":0,"productDefinitionTemplateName":"Analysis/forecast at horizontal level/layer at a point in time","parameterCategory":2,"parameterCategoryName":"Momentum","parameterNumber":2,"parameterNumberName":"U-component_of_wind","parameterUnit":"m.s-1","genProcessType":2,"genProcessTypeName":"Forecast","forecastTime":0,"surface1Type":103,"surface1TypeName":"Specified height level above ground","surface1Value":10.0,"surface2Type":255,"surface2TypeName":"Missing","surface2Value":0.0,"gridDefinitionTemplate":30,"gridDefinitionTemplateName":"Lambert_Conformal","numberPoints":151987,"shape":6,"shapeName":"Earth spherical with radius of 6,371,229.0 m","gridUnits":"m","resolution":8,"winds":"relative","scanMode":64,"nx":451,"ny":337,"lo1":233.862,"la1":16.281,"dx":13545.0,"dy":13545.0,"spLon":0.0,"spLat":0.0,"laD":25.0,"loV":265.0,"projectionFlag":0,"latin1":25.0,"latin2":25.0}, "data":
[rows 156 to 181 of 337, columns 240 to 299 of 451]
-4.574298,-4.449298,-4.574298,-4.824298,-4.824298,-4.449298,-4.324298,-4.699298,-4.949298,-4.949298,-4.949298,-4.449298,-4.074298,-3.824298,-3.574298,-3.199298,-2.949298,-2.574298,-2.199298,-1.9492979,-1.6992979,-1.4492979,-1.1992979,-1.3242979,-1.3242979,-1.4492979,-1.6992979,-1.4492979,-1.1992979,-0.9492979,-0.6992979,-0.5742979,-0.8242979,-0.9492979,-0.9492979,-1.1992979,-1.3242979,-1.8242979,-2.199298,-2.074298,-1.8242979,-1.6992979,-1.5742979,-1.6992979,-2.074298,-2.199298,-1.9492979,-1.6992979,-1.4492979,-1.1992979,-1.1992979,-1.3242979,-1.4492979,-1.3242979,-1.3242979,-1.4492979,-1.4492979,-1.3242979,-1.4492979,-1.6992979
-4.074298,-4.074298,-4.324298,-4.699298,-4.699298,-4.574298,-4.449298,-4.574298,-4.699298,-4.824298,-4.699298,-4.324298,-3.824298,-3.449298,-3.199298,-2.824298,-2.574298,-2.324298,-2.074298,-1.9492979,-1.8242979,-1.4492979,-1.3242979,-1.3242979,-1.4492979,-1.3242979,-1.3242979,-1.3242979,-1.1992979,-1.1992979,-1.0742979,-0.8242979,-0.8242979,-0.9492979,-0.9492979,-1.4492979,-1.6992979,-1.5742979,-1.9492979,-2.199298,-2.199298,-2.074298,-1.9492979,-2.074298,-2.199298,-2.074298,-1.9492979,-1.6992979,-1.3242979,-1.1992979,-1.3242979,-1.3242979,-1.3242979,-1.3242979,-1.3242979,-1.4492979,-1.5742979,-1.6992979,-1.8242979,-1.8242979
-3.699298,-3.574298,-4.074298,-4.574298,-4.574298,-4.449298,-4.324298,-4.324298,-4.199298,-4.324298,-4.449298,-4.199298,-3.699298,-3.074298,-2.699298,-2.574298,-2.449298,-2.199298,-1.9492979,-1.9492979,-1.8242979,-1.5742979,-1.3242979,-1.4492979,-1.5742979,-1.3242979,-1.1992979,-1.1992979,-1.1992979,-1.1992979,-1.0742979,-0.6992979,-0.6992979,-1.0742979,-1.4492979,-1.8242979,-1.9492979,-1.9492979,-2.199298,-2.449298,-2.449298,-2.449298,-2.199298,-2.199298,-2.199298,-2.074298,-1.8242979,-1.5742979,-1.3242979,-1.3242979,-1.3242979,-1.3242979,-1.3242979,-1.3242979,-1.3242979,-1.4492979,-1.6992979,-1.8242979,-1.9492979,-1.6992979
-3.449298,-3.199298,-3.949298,-4.449298,-4.324298,-3.949298,-3.824298,-3.574298,-3.324298,-3.574298,-3.949298,-4.074298,-3.699298,-3.074298,-2.574298,-2.324298,-2.324298,-2.324298,-1.9492979,-1.8242979,-1.5742979,-1.3242979,-1.1992979,-1.5742979,-1.6992979,-1.5742979,-1.4492979,-1.3242979,-1.3242979,-1.4492979,-1.3242979,-1.0742979,-1.1992979,-1.6992979,-2.199298,-2.574298,-2.824298,-2.824298,-2.699298,-2.699298,-2.699298,-2.449298,-2.324298,-2.074298,-1.9492979,-1.9492979,-1.8242979,-1.4492979,-1.3242979,-1.3242979,-1.4492979,-1.3242979,-1.1992979,-1.3242979,-1.4492979,-1.5742979,-1.8242979,-1.8242979,-1.8242979,-1.5742979
-3.324298,-3.199298,-3.949298,-4.449298,-4.199298,-3.699298,-3.324298,-3.074298,-2.699298,-2.824298,-3.324298,-3.699298,-3.699298,-3.074298,-2.449298,-2.324298,-2.324298,-2.324298,-2.199298,-1.8242979,-1.4492979,-1.1992979,-1.3242979,-1.6992979,-1.8242979,-1.8242979,-1.6992979,-1.6992979,-1.6992979,-1.8242979,-1.6992979,-1.8242979,-2.074298,-2.324298,-2.574298,-2.824298,-2.949298,-3.074298,-3.074298,-2.949298,-2.824298,-2.449298,-2.074298,-1.8242979,-1.8242979,-1.8242979,-1.8242979,-1.4492979,-1.3242979,-1.4492979,-1.4492979,-1.3242979,-1.3242979,-1.3242979,-1.4492979,-1.6992979,-1.8242979,-1.6992979,-1.5742979,-1.3242979
-3.574298,-3.449298,-3.949298,-4.324298,-3.949298,-3.449298,-3.074298,-2.824298,-2.574298,-2.699298,-3.074298,-3.574298,-3.324298,-2.824298,-2.449298,-2.199298,-2.199298,-2.199298,-2.074298,-1.6992979,-1.4492979,-1.3242979,-1.4492979,-1.5742979,-1.6992979,-1.6992979,-1.6992979,-1.9492979,-2.074298,-2.199298,-2.324298,-2.449298,-2.449298,-2.574298,-2.824298,-3.074298,-3.199298,-3.199298,-3.199298,-3.074298,-2.824298,-2.324298,-1.8242979,-1.6992979,-1.6992979,-1.6992979,-1.6992979,-1.4492979,-1.3242979,-1.3242979,-1.4492979,-1.4492979,-1.4492979,-1.4492979,-1.5742979,-1.6992979,-1.6992979,-1.4492979,-1.1992979,-1.1992979
-3.824298,-3.699298,-3.949298,-4.074298,-3.699298,-3.199298,-2.824298,-2.824298,-2.949298,-2.824298,-3.074298,-3.324298,-2.949298,-2.574298,-2.199298,-2.074298,-2.074298,-2.199298,-1.9492979,-1.5742979,-1.5742979,-1.5742979,-1.4492979,-1.5742979,-1.6992979,-1.6992979,-1.9492979,-2.199298,-2.449298,-2.574298,-2.699298,-2.699298,-2.574298,-2.699298,-3.074298,-3.449298,-3.449298,-3.199298,-3.199298,-3.074298,-2.699298,-2.074298,-1.6992979,-1.5742979,-1.6992979,-1.6992979,-1.5742979,-1.4492979,-1.3242979,-1.3242979,-1.4492979,-1.4492979,-1.4492979,-1.5742979,-1.5742979,-1.6992979,-1.4492979,-1.1992979,-0.9492979,-0.9492979
-3.824298,-3.574298,-3.949298,-3.949298,-3.449298,-3.074298,-2.824298,-2.824298,-2.949298,-3.074298,-3.199298,-3.074298,-2.824298,-2.574298,-2.199298,-2.074298,-2.074298,-1.9492979,-1.9492979,-1.8242979,-1.8242979,-1.8242979,-1.8242979,-1.9492979,-1.9492979,-2.074298,-2.199298,-2.449298,-2.699298,-2.699298,-2.824298,-2.824298,-2.949298,-3.199298,-3.199298,-3.449298,-3.824298,-3.574298,-3.324298,-2.949298,-2.324298,-1.6992979,-1.4492979,-1.5742979,-1.6992979,-1.6992979,-1.5742979,-1.4492979,-1.3242979,-1.3242979,-1.3242979,-1.4492979,-1.5742979,-1.5742979,-1.5742979,-1.4492979,-1.3242979,-1.0742979,-0.9492979,-0.9492979
-3.824298,-3.699298,-3.949298,-3.949298,-3.449298,-2.949298,-2.824298,-2.699298,-2.824298,-2.949298,-2.824298,-2.699298,-2.574298,-2.449298,-2.324298,-2.199298,-1.9492979,-1.9492979,-2.199298,-2.074298,-1.9492979,-2.074298,-2.199298,-2.324298,-2.449298,-2.324298,-2.449298,-2.699298,-2.824298,-2.699298,-2.699298,-2.949298,-3.449298,-3.824298,-3.324298,-3.449298,-3.824298,-3.699298,-3.324298,-2.824298,-2.199298,-1.5742979,-1.3242979,-1.4492979,-1.6992979,-1.6992979,-1.5742979,-1.4492979,-1.3242979,-1.3242979,-1.3242979,-1.4492979,-1.5742979,-1.6992979,-1.5742979,-1.3242979,-1.0742979,-1.0742979,-0.9492979,-0.9492979
-4.074298,-3.949298,-4.074298,-3.949298,-3.449298,-2.824298,-2.699298,-2.699298,-2.699298,-2.699298,-2.574298,-2.574298,-2.449298,-2.324298,-2.324298,-2.324298,-2.074298,-1.9492979,-2.199298,-2.074298,-1.9492979,-1.9492979,-2.324298,-2.574298,-2.574298,-2.449298,-2.574298,-2.699298,-2.699298,-2.824298,-2.699298,-3.199298,-3.949298,-3.574298,-3.074298,-3.324298,-3.574298,-3.449298,-3.074298,-2.574298,-1.9492979,-1.4492979,-1.3242979,-1.4492979,-1.5742979,-1.6992979,-1.5742979,-1.4492979,-1.3242979,-1.3242979,-1.3242979,-1.5742979,-1.6992979,-1.6992979,-1.4492979,-1.0742979,-0.8242979,-0.9492979,-1.0742979,-1.0742979
-4.324298,-4.074298,-3.949298,-3.699298,-3.324298,-2.824298,-2.574298,-2.449298,-2.574298,-2.574298,-2.574298,-2.574298,-2.449298,-2.449298,-2.324298,-2.324298,-2.199298,-2.199298,-2.199298,-1.9492979,-1.5742979,-1.6992979,-2.324298,-2.699298,-2.699298,-2.449298,-2.449298,-2.574298,-2.699298,-2.699298,-2.949298,-3.449298,-3.699298,-3.449298,-3.074298,-3.199298,-3.199298,-3.074298,-2.699298,-2.449298,-1.8242979,-1.4492979,-1.3242979,-1.4492979,-1.5742979,-1.6992979,-1.5742979,-1.3242979,-1.1992979,-1.1992979,-1.4492979,-1.5742979,-1.6992979,-1.6992979,-1.4492979,-1.0742979,-0.8242979,-0.9492979,-1.0742979,-1.1992979
-4.199298,-3.949298,-3.574298,-3.324298,-3.074298,-2.824298,-2.574298,-2.574298,-2.574298,-2.574298,-2.699298,-2.699298,-2.574298,-2.449298,-2.449298,-2.324298,-2.074298,-2.199298,-2.074298,-1.8242979,-1.3242979,-1.5742979,-2.324298,-2.574298,-2.574298,-2.324298,-2.324298,-2.449298,-2.449298,-2.699298,-3.199298,-3.574298,-3.449298,-3.199298,-3.074298,-3.074298,-2.949298,-2.824298,-2.574298,-2.324298,-1.6992979,-1.1992979,-1.1992979,-1.3242979,-1.5742979,-1.5742979,-1.4492979,-1.3242979,-1.1992979,-1.3242979,-1.4492979,-1.5742979,-1.5742979,-1.4492979,-1.1992979,-0.9492979,-0.8242979,-0.9492979,-1.0742979,-1.3242979
-4.074298,-3.699298,-3.324298,-3.074298,-2.824298,-2.824298,-2.699298,-2.699298,-2.574298,-2.699298,-2.824298,-2.699298,-2.574298,-2.574298,-2.449298,-2.199298,-2.199298,-2.074298,-2.074298,-1.8242979,-1.3242979,-1.5742979,-2.199298,-2.449298,-2.324298,-2.074298,-2.199298,-2.449298,-2.449298,-2.824298,-3.324298,-3.574298,-3.574298,-3.449298,-3.074298,-2.824298,-2.699298,-2.574298,-2.449298,-2.199298,-1.8242979,-1.1992979,-1.0742979,-1.3242979,-1.4492979,-1.5742979,-1.4492979,-1.3242979,-1.3242979,-1.3242979,-1.4492979,-1.5742979,-1.5742979,-1.3242979,-0.9492979,-0.8242979,-0.8242979,-0.8242979,-0.9492979,-1.1992979
-3.824298,-3.574298,-3.199298,-2.824298,-2.824298,-2.824298,-2.824298,-2.699298,-2.699298,-2.824298,-2.824298,-2.699298,-2.574298,-2.574298,-2.324298,-2.324298,-2.324298,-2.074298,-2.074298,-1.9492979,-1.4492979,-1.6992979,-2.074298,-2.324298,-2.074298,-2.074298,-2.199298,-2.449298,-2.574298,-2.949298,-3.324298,-3.449298,-3.449298,-3.449298,-3.199298,-2.824298,-2.449298,-2.324298,-2.324298,-2.199298,-1.6992979,-1.1992979,-1.0742979,-1.1992979,-1.4492979,-1.5742979,-1.4492979,-1.3242979,-1.4492979,-1.4492979,-1.4492979,-1.4492979,-1.3242979,-1.1992979,-0.9492979,-0.6992979,-0.5742979,-0.6992979,-0.8242979,-1.0742979
-3.824298,-3.449298,-3.074298,-2.949298,-2.949298,-2.824298,-2.699298,-2.699298,-2.824298,-2.949298,-2.949298,-2.699298,-2.699298,-2.574298,-2.449298,-2.574298,-2.449298,-2.199298,-2.199298,-1.9492979,-1.6992979,-1.8242979,-2.199298,-2.199298,-2.074298,-2.074298,-2.324298,-2.574298,-2.699298,-3.199298,-3.449298,-3.324298,-3.324298,-3.199298,-3.199298,-2.699298,-2.199298,-2.074298,-2.074298,-1.9492979,-1.5742979,-1.0742979,-1.0742979,-1.1992979,-1.4492979,-1.5742979,-1.4492979,-1.3242979,-1.3242979,-1.3242979,-1.3242979,-1.4492979,-1.1992979,-0.9492979,-0.8242979,-0.6992979,-0.4492979,-0.5742979,-0.6992979,-0.8242979
-3.824298,-3.324298,-3.199298,-3.199298,-3.074298,-2.824298,-2.574298,-2.574298,-2.824298,-2.824298,-2.824298,-2.699298,-2.699298,-2.699298,-2.574298,-2.699298,-2.574298,-2.449298,-2.199298,-1.9492979,-1.9492979,-2.199298,-2.324298,-2.199298,-2.074298,-2.199298,-2.449298,-2.574298,-2.699298,-3.324298,-3.699298,-3.449298,-3.324298,-3.074298,-2.824298,-2.574298,-2.324298,-2.074298,-1.9492979,-1.6992979,-1.4492979,-1.0742979,-0.9492979,-1.0742979,-1.3242979,-1.4492979,-1.4492979,-1.3242979,-1.3242979,-1.3242979,-1.3242979,-1.3242979,-1.1992979,-0.8242979,-0.6992979,-0.4492979,-0.3242979,-0.4492979,-0.6992979,-0.8242979
-3.824298,-3.449298,-3.324298,-3.199298,-2.949298,-2.699298,-2.449298,-2.699298,-2.699298,-2.574298,-2.699298,-2.699298,-2.824298,-2.699298,-2.699298,-2.699298,-2.699298,-2.574298,-2.324298,-2.074298,-2.199298,-2.324298,-2.324298,-2.199298,-2.199298,-2.449298,-2.574298,-2.699298,-2.699298,-3.199298,-3.699298,-3.699298,-3.449298,-2.949298,-2.574298,-2.449298,-2.199298,-1.9492979,-1.6992979,-1.4492979,-1.1992979,-0.9492979,-0.8242979,-0.9492979,-1.0742979,-1.3242979,-1.3242979,-1.3242979,-1.0742979,-1.0742979,-1.3242979,-1.1992979,-1.0742979,-0.8242979,-0.6992979,-0.4492979,-0.3242979,-0.3242979,-0.5742979,-0.6992979
-3.574298,-3.324298,-3.324298,-3.199298,-3.074298,-2.574298,-2.449298,-2.699298,-2.824298,-2.574298,-2.574298,-2.699298,-2.699298,-2.699298,-2.699298,-2.699298,-2.699298,-2.574298,-2.324298,-2.199298,-2.199298,-2.324298,-2.324298,-2.199298,-2.324298,-2.574298,-2.699298,-2.574298,-2.824298,-3.199298,-3.574298,-3.699298,-3.449298,-2.949298,-2.574298,-2.199298,-1.9492979,-1.6992979,-1.4492979,-1.1992979,-0.9492979,-0.8242979,-0.6992979,-0.6992979,-0.8242979,-0.9492979,-1.0742979,-1.1992979,-1.0742979,-1.0742979,-1.1992979,-0.9492979,-0.8242979,-0.6992979,-0.6992979,-0.4492979,-0.3242979,-0.3242979,-0.3242979,-0.4492979
-3.199298,-3.074298,-3.074298,-3.199298,-3.074298,-2.574298,-2.324298,-2.574298,-2.699298,-2.574298,-2.574298,-2.699298,-2.699298,-2.574298,-2.574298,-2.699298,-2.699298,-2.574298,-2.324298,-2.324298,-2.324298,-2.324298,-2.324298,-2.324298,-2.449298,-2.574298,-2.699298,-2.699298,-2.949298,-3.074298,-3.324298,-3.324298,-3.199298,-2.949298,-2.449298,-2.074298,-1.6992979,-1.5742979,-1.4492979,-1.1992979,-0.6992979,-0.5742979,-0.4492979,-0.4492979,-0.4492979,-0.5742979,-0.8242979,-0.9492979,-1.0742979,-1.0742979,-0.9492979,-0.8242979,-0.5742979,-0.6992979,-0.5742979,-0.4492979,-0.3242979,-0.3242979,-0.1992979,-0.1992979
-2.949298,-2.824298,-2.699298,-2.824298,-2.824298,-2.574298,-2.324298,-2.449298,-2.574298,-2.574298,-2.574298,-2.699298,-2.574298,-2.574298,-2.574298,-2.574298,-2.574298,-2.449298,-2.449298,-2.324298,-2.449298,-2.199298,-2.074298,-2.199298,-2.324298,-2.574298,-2.699298,-2.824298,-3.324298,-3.574298,-3.199298,-2.824298,-2.699298,-2.699298,-2.449298,-1.9492979,-1.4492979,-1.3242979,-1.3242979,-1.0742979,-0.6992979,-0.3242979,-0.074297905,-0.074297905,0.050702095,-0.3242979,-0.4492979,-0.5742979,-0.8242979,-0.9492979,-0.9492979,-0.8242979,-0.5742979,-0.4492979,-0.4492979,-0.4492979,-0.3242979,-0.1992979,-0.1992979,0.050702095
-2.699298,-2.574298,-2.574298,-2.574298,-2.574298,-2.449298,-2.199298,-2.324298,-2.449298,-2.449298,-2.449298,-2.449298,-2.449298,-2.324298,-2.324298,-2.449298,-2.449298,-2.449298,-2.324298,-2.324298,-2.324298,-1.9492979,-1.9492979,-2.074298,-2.199298,-2.449298,-2.574298,-2.824298,-3.199298,-3.324298,-2.949298,-2.449298,-2.324298,-2.324298,-2.074298,-1.6992979,-1.3242979,-1.0742979,-1.0742979,-1.0742979,-0.5742979,-0.074297905,0.050702095,0.1757021,0.1757021,-0.074297905,-0.1992979,-0.4492979,-0.6992979,-0.9492979,-1.0742979,-0.8242979,-0.4492979,-0.3242979,-0.3242979,-0.1992979,-0.1992979,-0.074297905,0.050702095,0.3007021
-2.324298,-2.324298,-2.324298,-2.324298,-2.324298,-2.324298,-2.074298,-2.074298,-2.199298,-2.199298,-2.199298,-2.199298,-2.199298,-2.074298,-2.074298,-2.199298,-2.324298,-2.324298,-2.199298,-2.199298,-2.074298,-1.9492979,-1.8242979,-1.8242979,-1.9492979,-2.199298,-2.449298,-2.699298,-2.949298,-2.949298,-2.574298,-2.199298,-1.9492979,-1.8242979,-1.6992979,-1.4492979,-1.1992979,-1.1992979,-1.1992979,-0.9492979,-0.5742979,-0.074297905,0.1757021,0.4257021,0.3007021,0.1757021,-0.074297905,-0.3242979,-0.5742979,-0.8242979,-0.9492979,-0.6992979,-0.3242979,-0.1992979,-0.1992979,-0.074297905,-0.074297905,0.050702095,0.3007021,0.5507021
-1.9492979,-1.9492979,-1.9492979,-2.074298,-2.324298,-2.199298,-2.074298,-1.9492979,-1.8242979,-1.8242979,-1.9492979,-1.9492979,-2.074298,-1.8242979,-1.9492979,-2.199298,-2.199298,-2.074298,-1.9492979,-1.8242979,-1.8242979,-1.8242979,-1.6992979,-1.4492979,-1.6992979,-1.9492979,-2.324298,-2.449298,-2.574298,-2.449298,-2.199298,-1.9492979,-1.6992979,-1.4492979,-1.1992979,-1.0742979,-1.0742979,-1.1992979,-1.1992979,-0.9492979,-0.5742979,-0.1992979,0.1757021,0.4257021,0.5507021,0.3007021,0.050702095,-0.1992979,-0.4492979,-0.8242979,-1.0742979,-0.8242979,-0.3242979,-0.1992979,-0.074297905,0.050702095,0.050702095,0.3007021,0.5507021,0.8007021
-1.6992979,-1.6992979,-1.6992979,-1.8242979,-1.9492979,-2.074298,-1.9492979,-1.6992979,-1.4492979,-1.4492979,-1.4492979,-1.6992979,-1.8242979,-1.8242979,-1.9492979,-2.074298,-2.074298,-1.9492979,-1.6992979,-1.5742979,-1.6992979,-1.6992979,-1.4492979,-1.3242979,-1.5742979,-1.8242979,-2.074298,-2.199298,-2.199298,-2.074298,-2.074298,-1.8242979,-1.5742979,-1.1992979,-0.9492979,-0.6992979,-0.8242979,-1.0742979,-1.0742979,-0.9492979,-0.6992979,-0.1992979,0.050702095,0.3007021,0.5507021,0.4257021,0.1757021,-0.074297905,-0.3242979,-0.8242979,-1.0742979,-0.8242979,-0.4492979,-0.074297905,0.050702095,0.1757021,0.1757021,0.4257021,0.6757021,0.9257021
-1.6992979,-1.5742979,-1.5742979,-1.5742979,-1.6992979,-1.6992979,-1.5742979,-1.4492979,-1.1992979,-1.0742979,-1.1992979,-1.3242979,-1.5742979,-1.5742979,-1.6992979,-1.8242979,-1.9492979,-1.8242979,-1.6992979,-1.4492979,-1.4492979,-1.4492979,-1.3242979,-1.4492979,-1.5742979,-1.8242979,-1.9492979,-2.074298,-2.074298,-2.199298,-2.074298,-1.6992979,-1.3242979,-1.0742979,-0.8242979,-0.5742979,-0.5742979,-0.6992979,-0.8242979,-0.8242979,-0.6992979,-0.5742979,-0.1992979,0.1757021,0.4257021,0.3007021,0.1757021,0.050702095,-0.3242979,-0.8242979,-1.0742979,-0.8242979,-0.4492979,0.050702095,0.1757021,0.3007021,0.4257021,0.5507021,0.8007021,0.9257021
-1.5742979,-1.5742979,-1.4492979,-1.4492979,-1.4492979,-1.5742979,-1.3242979,-1.1992979,-0.9492979,-0.8242979,-1.0742979,-1.3242979,-1.4492979,-1.5742979,-1.6992979,-1.6992979,-1.6992979,-1.6992979,-1.5742979,-1.3242979,-1.3242979,-1.3242979,-1.3242979,-1.4492979,-1.5742979,-1.8242979,-1.9492979,-2.074298,-2.199298,-2.199298,-1.8242979,-1.4492979,-1.0742979,-0.9492979,-0.5742979,-0.4492979,-0.4492979,-0.4492979,-0.5742979,-0.6992979,-0.8242979,-0.8242979,-0.4492979,-0.074297905,0.3007021,0.1757021,0.050702095,-0.074297905,-0.4492979,-0.8242979,-0.9492979,-0.6992979,-0.1992979,0.1757021,0.3007021,0.4257021,0.5507021,0.6757021,0.8007021,0.8007021
