public/data/weather/current/archive/(temp)current-temp-surface-level-gfs-1.0.json
{"header": {"discipline":0,"disciplineName":"Meteorological products","gribEdition":2,"gribLength":131858,"center":7,"centerName":"US National Weather Service - NCEP(WMC)","subcenter":0,"refTime":"2014-01-31T00:00:00.000Z","significanceOfRT":1,"significanceOfRTName":"Start of forecast","productStatus":0,"productStatusName":"Operational products","productType":1,"productTypeName":"Forecast products","productDefinitionTemplate":0,"productDefinitionTemplateName":"Analysis/forecast at horizontal level/layer at a point in time","parameterCategory":2,"parameterCategoryName":"Momentum","parameterNumber":2,"parameterNumberName":"U-component_of_wind","parameterUnit":"m.s-1","genProcessType":2,"genProcessTypeName":"Forecast","forecastTime":3,"surface1Type":103,"surface1TypeName":"Specified height level above ground","surface1Value":10,"surface2Type":255,"surface2TypeName":"Missing","surface2Value":0,"gridDefinitionTemplate":0,"gridDefinitionTemplateName":"Latitude_Longitude","numberPoints":65160,"shape":6,"shapeName":"Earth spherical with radius of 6,371,229.0 m","gridUnits":"degrees","resolution":48,"winds":"true","scanMode":0,"nx":360,"ny":181,"basicAngle":0,"subDivisions":0,"lo1":0,"la1":90,"lo2":359,"la2":-90,"dx":1,"dy":1}, "data":
[rows 111 to 147 of 181, columns 246 to 327 of 360]
-.54,-.96,-2.35,-3.11,-4.43,-5.22,-5.61,-5.66,-5.95,-5.92,-5.94,-6.04,-6.14,-6.29,-5.97,-5.31,-4.87,-4.66,-4.56,-3.95,-4.41,-4.26,-3.28,-2.73,-2.39,-2.62,-2.31,-2.28,-1.94,-1.43,-1.01,-1.31,-.95,-.78,-.20,.34,.81,1.01,1.09,1.11,1.08,1.02,.77,1.28,-2.29,-4.62,-4.68,-3.53,-.07,-4.52,.21,.78,.54,.37,.31,.19,.00,-.05,-.33,.16,-.03,-.68,-1.05,-1.49,-1.03,-1.56,-1.15,-1.03,-1.57,-.91,-.35,.01,.36,.29,-1.13,-.63,-.71,-.29,.01,-.04,-.06,-.63
1.55,.47,-.74,-1.30,-2.91,-4.16,-4.39,-4.83,-5.39,-5.63,-5.51,-5.59,-6.33,-6.06,-6.15,-5.71,-5.32,-4.54,-4.22,-3.78,-3.58,-3.89,-3.50,-3.15,-2.74,-2.55,-2.58,-2.52,-2.22,-1.91,-1.61,-1.40,-1.22,-.46,.34,.64,1.20,1.41,1.39,1.43,1.45,1.28,1.25,1.21,-1.88,-5.01,-3.73,-4.83,-.52,-3.88,.68,-.21,.52,.38,.44,.42,.26,.27,.00,.10,-.75,-.61,-.95,-1.80,-2.22,-2.14,-2.20,-2.27,-1.67,-1.35,1.38,.04,-.27,.18,-.28,-.57,-.67,-.12,.15,.23,.34,-.46
3.60,2.31,1.19,.18,-1.39,-2.51,-2.87,-3.47,-3.78,-3.74,-4.16,-4.76,-5.47,-6.13,-6.11,-5.93,-5.30,-4.26,-3.93,-4.28,-3.77,-2.86,-3.25,-3.82,-2.87,-2.72,-2.30,-2.34,-2.13,-1.67,-1.39,-1.15,-.96,-.19,.37,1.24,1.80,1.92,1.85,1.88,1.92,1.98,1.51,1.82,-3.39,-7.49,-.71,-8.20,-1.61,-4.78,.07,-.06,.59,.54,.57,.54,.44,.32,.25,.28,-1.25,-1.31,-2.22,-1.36,-1.57,-2.12,-3.00,-3.20,-.05,.73,.17,1.74,5.83,.73,.06,-.34,-.19,.08,-.11,.55,1.52,1.41
2.75,3.66,3.00,1.27,-.29,-.95,-1.30,-1.29,-2.35,-3.50,-4.23,-5.05,-5.64,-6.15,-5.72,-5.22,-4.38,-4.18,-4.06,-4.62,-3.90,-4.21,-4.16,-4.03,-2.87,-2.88,-2.39,-2.15,-1.96,-1.54,-.95,-.61,.17,.43,.76,1.07,1.35,1.76,1.91,1.81,1.59,1.66,1.46,.13,-2.40,-4.25,-.87,-4.69,.16,.49,-.80,.34,.55,.52,.51,.50,.41,.31,.28,.41,-.97,-1.27,-.86,-1.08,-1.04,.05,.02,.17,.33,-.15,.63,4.96,4.69,1.37,.45,.04,-.00,-.09,-.03,.41,.70,1.02
1.68,2.28,2.12,2.47,1.44,.70,.11,.37,-1.35,-3.05,-4.31,-5.06,-5.14,-5.73,-5.55,-4.55,-4.18,-4.05,-5.41,-5.13,-4.51,-4.77,-4.99,-4.60,-3.27,-3.05,-2.74,-2.46,-1.99,-1.32,-.66,-.11,.27,1.01,1.47,1.66,1.76,1.93,2.05,1.95,1.75,1.60,1.60,.92,-.89,-1.45,-2.92,-6.00,-4.07,.33,1.17,.80,.68,.66,.59,.45,.45,.26,.21,.28,.06,-.26,-.08,1.00,.15,-.60,-.01,.59,1.07,1.07,1.56,3.79,3.45,1.03,.34,.22,-.03,-.27,-.08,.31,.80,.99
-.01,.00,.14,.68,.62,1.17,1.31,2.12,.44,-.82,-2.56,-4.15,-3.71,-4.59,-4.77,-3.80,-3.42,-4.45,-7.34,-5.91,-4.91,-5.08,-4.82,-4.51,-3.69,-3.63,-2.98,-2.33,-1.71,-1.33,-.96,-.26,.19,.79,1.20,1.60,2.17,2.63,2.68,2.44,2.00,1.78,1.78,.08,-4.42,-1.01,-.45,-3.10,-3.95,1.24,1.28,1.16,1.06,.74,.82,.78,.56,.41,.30,.29,.14,.10,-.04,-.00,.13,-.71,.48,.94,.95,1.32,2.28,3.56,3.12,1.70,.57,.47,.12,-.30,-.12,.20,.48,.68
-.06,-.10,-.02,-.00,.02,.11,-.30,1.91,2.47,1.14,-.15,-1.77,-2.01,-3.28,-3.85,-3.73,-3.55,-4.74,-5.95,-6.16,-5.93,-6.23,-5.79,-4.74,-4.15,-3.16,-2.91,-2.61,-2.18,-1.53,-.95,-.20,.32,.95,1.44,2.03,2.56,2.80,3.10,3.08,2.90,2.15,1.84,-.79,-3.94,-1.51,-.20,-.56,-1.73,.50,1.99,.37,.65,.59,.68,.61,.65,.66,.37,.23,.25,.38,.29,.11,.13,-1.30,1.15,.95,.71,.71,1.93,3.25,3.38,2.33,1.11,.71,.20,-.04,-.03,.09,.16,.55
-.28,-.37,-.05,.07,-.01,.16,-.27,-.37,1.75,3.13,1.27,.86,.67,-1.56,-2.90,-3.12,-4.24,-5.65,-6.09,-6.28,-6.45,-7.27,-6.75,-5.51,-4.48,-3.46,-2.98,-2.53,-2.14,-1.49,-1.06,-.08,.50,1.24,1.74,2.34,2.89,3.15,3.36,3.35,3.28,2.78,2.11,-3.77,-3.07,-1.20,-1.73,-2.50,.63,-1.12,1.05,.64,.70,.64,.65,.72,.65,.62,.52,.20,.13,.14,.23,.22,.07,.29,1.70,.95,.26,.02,1.36,2.55,2.53,2.19,1.33,.60,.23,-.05,-.01,.10,.12,.55
-.27,-.47,-.17,.60,.42,.14,-.00,.11,-.14,2.67,3.18,2.46,1.60,-.44,-1.82,-2.39,-4.23,-5.75,-5.95,-5.95,-6.55,-7.27,-6.31,-5.37,-4.47,-4.05,-3.31,-3.04,-2.51,-1.88,-1.09,-.20,.56,1.46,2.02,2.57,3.08,3.30,3.56,3.84,4.12,3.86,2.70,-3.95,-1.50,-.52,.01,-1.02,-.41,.40,-1.29,.32,.74,.84,.47,.56,.53,.68,.61,.26,-.04,-.00,.07,.49,.22,-.28,3.04,1.43,.27,-.92,.29,2.50,2.48,2.27,1.49,.55,.17,.03,.04,-.10,-.17,.05
-.24,-.24,-.26,.05,.67,.57,-.03,.65,.55,.88,4.60,3.80,2.08,1.13,.11,-1.44,-2.89,-4.33,-4.65,-5.16,-5.89,-7.29,-6.00,-4.97,-4.36,-4.17,-3.94,-3.66,-2.90,-2.41,-1.50,-.75,-.09,.74,1.49,2.08,2.64,3.14,3.60,3.81,3.81,4.36,2.44,-3.64,-.01,-1.06,2.03,-3.70,-.87,3.47,.94,1.88,1.15,-.23,.90,.67,.73,.87,.74,.49,.06,-.56,-.04,.20,-.46,2.37,3.73,2.52,1.09,-.68,.02,1.84,2.09,2.09,1.36,.67,.39,.34,.31,.10,.00,.18
-.56,-.15,-.25,-.33,.03,.49,.32,-.04,.96,.10,3.85,3.64,1.59,-.36,-1.53,-2.49,-2.45,-2.85,-3.43,-4.25,-4.84,-6.17,-5.79,-4.92,-4.42,-3.94,-3.73,-3.39,-2.92,-2.59,-1.73,-1.00,-.43,.23,.75,1.32,1.80,2.38,3.03,3.55,3.70,3.78,4.27,-2.30,-.02,-1.76,-.33,2.28,1.81,-1.27,1.06,3.19,1.68,-.44,.16,.92,1.50,1.61,2.16,1.41,.67,.32,.29,-.08,-.07,2.15,3.55,3.17,1.91,1.04,.35,2.15,2.30,2.18,1.67,1.18,.70,.39,.14,-.02,-.08,.07
-2.03,-.20,-.20,-.39,-.54,.10,.21,.38,-.04,.62,.02,2.55,1.24,.23,-.83,-.80,-1.91,-1.69,-1.60,-2.19,-3.56,-4.27,-5.43,-4.75,-4.39,-3.79,-3.50,-2.92,-2.48,-2.09,-1.59,-1.26,-.75,-.12,.25,.98,1.46,2.02,2.58,3.13,3.47,3.30,3.27,-2.29,.01,-1.52,1.89,2.06,1.16,-2.83,1.88,3.93,2.28,1.45,.50,.54,.61,1.00,1.41,2.04,1.05,1.35,2.25,.90,.30,1.76,2.76,3.82,3.59,2.40,3.40,1.65,2.37,2.46,2.26,1.52,.42,-.59,-1.59,-2.47,-2.66,-2.43
-2.35,-1.30,-.28,-.67,-.69,-.38,.04,.20,.54,.61,.64,.87,1.10,.67,-.26,.15,-.36,-1.28,-.48,-.32,-1.54,-2.78,-3.99,-4.20,-3.73,-2.99,-2.57,-2.61,-2.25,-1.69,-1.26,-1.11,-1.01,-.49,-.28,.32,.77,1.36,1.96,2.48,2.98,2.79,2.01,-1.25,-1.25,-2.57,1.18,2.34,2.16,2.19,2.61,2.45,2.88,2.53,1.82,.86,.48,.71,1.07,2.03,2.69,.89,2.16,1.96,1.05,1.79,2.95,2.91,3.82,3.97,-.18,1.86,-1.74,3.24,3.71,1.36,.34,-1.00,-2.28,-2.79,-3.00,-2.93
-2.18,-1.66,-.80,-.60,-.70,-.54,-.12,.11,.33,.83,1.08,1.21,1.25,1.10,.60,.01,.97,.41,-.11,1.49,.07,-1.19,-1.99,-2.72,-1.97,-1.74,-1.62,-1.53,-1.67,-1.16,-.91,-.89,-.72,-.50,-.48,-.26,.15,.66,1.28,1.93,2.65,3.25,.34,-.92,-1.33,-.29,-.09,2.01,-.23,4.44,4.41,2.72,2.88,3.09,2.45,1.19,2.10,1.37,1.51,1.57,1.35,3.75,.82,.96,.98,1.23,2.16,2.45,2.27,2.46,1.59,2.79,3.01,2.50,1.84,1.27,.33,-.90,-1.84,-1.61,-1.42,-1.47
-2.94,-2.15,-1.56,-1.03,-.75,-.60,-.48,-.35,-.20,.10,.42,.58,.84,.80,.87,-.03,.26,.80,.44,-.02,-.00,-.26,-.31,-.26,.51,.75,.48,.41,.43,.57,.50,.23,-.06,-.22,-.30,-.18,-.02,.20,.62,1.20,1.84,2.25,.16,-.48,.08,.57,.34,.09,1.67,.07,2.67,2.52,2.37,2.14,2.86,4.28,5.18,4.65,3.30,3.07,4.00,4.01,3.82,1.30,.55,.77,1.52,2.25,2.12,2.57,4.12,3.78,4.84,6.11,2.79,3.49,.48,-.27,-.38,.05,.10,-.01
-2.32,-1.61,-1.51,-2.03,-.94,-.61,-.66,-.67,-.65,-.58,-.45,-.30,-.39,-.11,-.22,-.18,-.14,-.05,.20,.22,.21,.52,.96,1.40,1.79,1.67,1.30,1.44,1.94,1.99,1.70,1.49,1.06,.59,.30,.10,.02,.02,.12,.32,.38,.18,.11,-1.91,.06,1.54,-.49,1.18,-1.29,.01,.17,.38,1.57,1.78,1.72,3.03,5.23,5.53,6.45,4.98,3.25,3.42,3.96,4.64,3.17,2.11,1.81,1.84,1.95,1.42,1.86,3.45,4.56,3.07,2.60,4.36,.84,.82,1.30,1.52,1.52,1.26
-2.30,-1.80,-1.39,-1.62,-2.73,-1.69,-.80,-.59,-.57,-.40,-.33,-.35,-.42,-.43,-.35,-.19,-.06,.30,.70,1.05,1.28,1.49,1.92,2.37,2.94,3.55,3.82,2.34,1.61,2.06,1.94,1.97,1.96,1.67,1.24,.84,.39,.19,.08,.04,-.46,-.12,-.51,2.60,.57,.58,1.15,3.30,1.15,-1.99,-.75,-.23,-1.17,-.65,-.48,.12,2.35,5.31,7.16,5.27,4.35,3.16,2.26,2.35,4.37,4.18,2.40,1.01,.23,-.01,-.04,.33,.99,2.27,2.63,3.73,2.94,2.77,3.13,2.51,1.97,1.81
-2.97,-2.14,-2.17,-1.96,-2.36,-2.56,-1.51,-.65,-.50,-.45,-.43,-.48,-.55,-.50,-.23,-.11,-.20,-.17,.08,.52,.63,.48,.50,.87,1.39,1.89,2.40,2.29,1.27,.41,.06,.70,1.47,1.58,1.32,1.18,1.11,1.18,1.25,.80,-.10,.03,-.17,.03,1.14,1.89,4.03,1.47,-1.02,-2.48,-2.00,-1.36,-1.97,-1.53,-.83,-.51,.84,5.74,7.46,5.93,4.36,4.34,3.66,2.70,3.73,5.87,3.53,.68,-.37,-.78,-.83,-.64,-.76,-.20,2.25,4.77,7.05,4.58,4.18,3.43,2.95,2.65
-2.69,-2.63,-2.73,-2.71,-2.81,-3.14,-2.16,-1.09,-.50,-.49,-.46,-.55,-.61,-.57,-.47,-.48,-.60,-.62,-.52,-.47,-.15,.14,.15,-.02,.01,.29,.57,.86,.84,.27,-.35,-.49,-.17,.33,.59,.76,.59,.78,1.33,1.73,1.64,-1.25,-.59,-2.53,-.91,-2.36,-4.49,-.68,-1.22,-3.50,-5.27,-5.47,-2.83,-2.66,-2.64,.51,4.81,5.22,6.69,6.59,5.39,4.82,5.35,4.90,3.67,3.15,3.33,2.32,.79,-.41,-1.00,-.89,-.32,.29,1.11,2.49,4.50,4.63,3.03,2.78,2.28,2.07
-1.83,-2.49,-2.92,-3.46,-2.77,-3.01,-2.81,-1.79,-.86,-.48,-.45,-.57,-.73,-.91,-.96,-.88,-.85,-.96,-1.06,-1.12,-1.13,-1.00,-.84,-.90,-1.11,-1.34,-1.45,-1.44,-1.51,-1.59,-1.85,-2.01,-1.78,-1.65,-1.51,-1.21,-.70,-.20,.60,2.26,1.43,-.21,-1.44,-4.34,-3.52,-5.71,-3.82,-2.97,-4.21,-3.68,-4.18,-5.50,-.92,3.19,-2.04,-1.63,-.47,1.71,4.87,6.55,5.73,5.13,5.30,6.15,5.86,5.17,4.24,2.92,1.71,.50,-.20,-.29,.61,2.38,2.74,2.46,2.62,3.39,3.00,1.47,1.41,1.40
-1.28,-1.84,-2.76,-4.19,-3.28,-2.49,-2.96,-2.44,-1.50,-.51,-.49,-.67,-.79,-.98,-1.12,-1.02,-.91,-1.04,-1.21,-1.29,-1.47,-1.78,-2.20,-2.71,-3.33,-3.71,-3.77,-3.63,-3.20,-2.92,-3.06,-3.49,-3.69,-4.02,-4.33,-4.38,-3.91,-3.34,-2.21,.20,.55,-.39,-2.41,-5.39,-6.44,-6.40,-6.42,-6.30,-4.79,-1.60,-3.15,-4.64,1.64,.42,-1.78,-2.54,-.80,.59,1.02,1.61,4.07,5.43,5.38,5.53,5.88,5.92,5.43,4.31,3.25,2.09,.94,.61,2.38,4.11,4.18,3.61,3.32,3.24,3.19,2.76,.65,1.24
-1.20,-1.40,-2.29,-3.50,-3.89,-2.64,-2.64,-2.89,-2.07,-1.22,-.52,-.75,-.93,-1.05,-1.21,-1.29,-1.24,-1.32,-1.55,-1.91,-2.10,-2.16,-2.30,-2.84,-3.74,-4.57,-5.04,-5.18,-4.80,-4.03,-3.31,-3.22,-3.67,-4.17,-4.55,-5.02,-5.79,-6.23,-5.98,-4.22,-2.45,1.90,-3.02,-4.64,-7.47,-7.99,-8.23,-5.48,-.32,3.36,.64,-2.04,-2.47,-3.72,-4.34,-4.51,-1.61,-.76,-.10,.91,1.49,2.44,3.50,4.35,4.90,5.27,5.41,5.33,5.04,3.75,3.04,2.61,3.52,5.15,4.83,4.22,3.78,3.58,3.48,3.28,2.49,.12
-1.05,-.88,-1.29,-2.10,-2.14,-2.36,-2.53,-3.12,-2.47,-1.77,-1.67,-1.01,-.99,-1.18,-1.32,-1.31,-1.42,-1.90,-2.26,-2.57,-2.79,-2.84,-2.96,-3.41,-3.98,-4.50,-5.05,-5.26,-5.10,-4.89,-4.75,-4.80,-4.92,-4.92,-4.91,-5.03,-5.27,-6.21,-6.92,-4.84,-1.53,-.01,-3.09,-3.19,-11.22,-13.35,-8.95,-3.86,-4.15,-3.93,-3.37,-1.51,-2.26,-5.26,-6.35,-4.29,-1.48,-1.08,-.96,-.67,-.09,1.18,2.64,3.18,3.25,3.36,3.75,4.04,4.10,4.26,4.45,4.24,4.08,4.80,5.06,4.54,4.40,4.07,3.53,3.14,2.71,1.46
-.85,-.62,-.71,-1.24,-.99,-.41,-.30,-1.40,-2.60,-2.33,-2.04,-2.10,-1.55,-1.46,-1.50,-1.58,-1.57,-1.73,-2.25,-2.72,-3.20,-3.26,-3.38,-3.85,-4.55,-5.25,-5.86,-6.44,-6.50,-6.14,-5.71,-5.48,-5.32,-5.40,-5.39,-5.26,-5.36,-5.12,-5.41,-5.41,-1.32,.22,-1.13,-8.50,-12.50,-11.70,-10.84,-9.51,-9.58,-5.81,-.81,.04,-2.74,-4.81,-5.05,-4.39,-2.42,-1.86,-1.81,-1.60,-1.09,-.46,.48,1.16,1.52,1.63,1.54,1.73,2.06,2.44,2.78,3.39,3.55,3.40,4.00,4.41,4.03,3.79,3.51,2.75,2.04,1.35
-.57,-.57,-.59,-.78,-.46,.42,1.08,.73,-.76,-2.47,-3.47,-2.81,-2.39,-2.18,-2.20,-2.47,-2.32,-2.41,-2.66,-2.99,-3.43,-3.91,-4.20,-4.60,-5.23,-5.96,-6.62,-7.24,-7.55,-7.40,-6.72,-6.24,-6.04,-5.89,-5.88,-5.72,-5.65,-5.33,-5.72,-3.62,-.40,-1.08,-3.02,-12.65,-14.37,-16.33,-12.44,-11.53,-5.88,-1.45,-3.08,-2.33,-3.25,-4.35,-5.54,-4.94,-2.82,-2.05,-2.13,-2.22,-2.02,-1.69,-1.47,-1.07,-.97,-1.15,-1.30,-.92,.01,1.20,1.97,1.93,1.96,1.81,1.36,1.55,2.02,2.11,1.92,1.70,1.35,.98
-.84,-.65,-.55,-.54,-.86,-1.05,-1.09,-1.58,-2.18,-3.24,-4.61,-4.65,-3.61,-3.24,-2.78,-3.14,-3.57,-3.50,-3.41,-3.51,-3.84,-4.19,-4.59,-5.04,-5.66,-6.40,-7.21,-7.93,-8.35,-8.43,-7.79,-6.70,-6.06,-6.20,-6.05,-5.89,-5.79,-5.49,-5.32,-2.45,.06,-4.17,-8.82,-12.52,-12.41,-11.85,-13.54,-7.25,-1.72,-3.70,-5.15,-5.67,-5.31,-5.11,-5.93,-5.05,-1.61,-1.06,-1.37,-2.06,-2.69,-2.68,-2.43,-2.33,-2.45,-2.76,-3.12,-3.34,-3.52,-3.16,-2.31,-1.29,-.52,-.01,.23,.30,.74,1.24,1.50,1.43,1.00,.60
-1.02,-1.05,-1.01,-1.10,-1.34,-1.73,-2.75,-4.89,-6.76,-6.52,-5.80,-5.78,-5.23,-4.22,-3.50,-3.08,-3.31,-3.89,-4.21,-4.13,-4.02,-4.10,-4.54,-5.10,-5.76,-6.50,-7.24,-7.93,-8.62,-8.73,-8.41,-8.03,-7.22,-7.09,-7.12,-6.93,-6.77,-6.37,-4.71,-.29,.08,-4.52,-5.58,-5.68,-6.60,-5.85,-1.67,.65,-1.22,-2.68,-2.06,-5.34,-5.66,-5.75,-6.20,-5.10,-3.00,-3.66,-3.46,-3.73,-3.74,-3.71,-3.52,-3.28,-3.28,-3.44,-3.55,-3.67,-3.84,-4.10,-4.41,-4.60,-4.07,-3.02,-2.16,-1.67,-1.04,-.05,.57,.61,.54,.30
-1.56,-1.17,-.52,.11,.86,-1.33,-5.77,-9.18,-10.49,-10.62,-9.16,-6.62,-5.79,-4.98,-4.40,-4.21,-3.62,-3.81,-3.95,-4.20,-4.58,-4.83,-5.06,-5.63,-6.39,-7.32,-8.15,-8.81,-9.40,-9.51,-9.03,-8.75,-8.32,-7.50,-7.01,-6.49,-6.56,-6.38,-5.76,-1.17,-.34,-1.44,-11.55,-15.26,-13.98,-10.38,-3.78,-1.73,1.20,-1.29,-.34,-2.44,-4.81,-5.36,-4.87,-5.16,-5.64,-5.96,-5.81,-5.03,-4.47,-3.91,-3.56,-3.48,-3.52,-3.65,-3.82,-4.00,-4.16,-4.30,-4.44,-4.39,-3.98,-3.11,-2.19,-1.80,-1.97,-2.04,-1.67,-1.17,-.58,-.26
-5.75,-5.18,-4.60,-3.35,.36,.89,-1.57,-6.54,-12.99,-11.37,-8.62,-6.53,-4.36,-4.20,-4.27,-4.19,-3.66,-3.58,-3.89,-4.24,-4.74,-5.28,-5.94,-6.76,-7.64,-8.56,-9.21,-9.46,-9.86,-10.05,-9.83,-9.38,-8.86,-8.29,-7.53,-6.48,-6.15,-5.56,-3.79,.01,-.03,-4.30,-5.98,-10.62,-7.97,-4.34,1.71,9.31,10.26,6.08,.84,-4.62,-3.25,-2.96,-3.48,-3.82,-3.81,-4.22,-4.76,-4.96,-5.00,-4.45,-3.78,-3.42,-3.31,-3.29,-3.24,-3.11,-3.02,-3.09,-3.38,-3.70,-3.76,-3.48,-2.77,-2.24,-2.38,-3.13,-3.79,-4.20,-3.08,-1.42
-5.75,-4.51,-2.44,.22,.64,.49,.43,.11,-1.13,-8.85,-5.92,-4.66,-3.61,-3.17,-3.58,-4.12,-4.38,-4.25,-3.98,-4.05,-4.65,-5.37,-6.09,-6.86,-7.73,-8.57,-9.49,-10.15,-10.18,-10.15,-10.36,-10.30,-10.05,-9.54,-8.56,-7.27,-6.22,-5.34,-3.31,.14,1.51,-4.55,-4.65,-1.81,1.13,.81,3.07,3.65,-.72,-1.73,-.63,-1.81,-5.98,-2.16,-.98,-1.01,-2.48,-4.65,-6.08,-6.42,-6.10,-5.37,-4.83,-4.42,-3.84,-3.12,-2.50,-2.11,-2.09,-2.42,-2.94,-3.58,-4.07,-4.12,-3.80,-3.06,-2.57,-2.80,-3.56,-4.30,-5.07,-3.77
-3.61,-1.99,-.40,.33,.07,-.54,-.60,-.05,-.06,-.40,.04,-2.69,-3.31,-3.23,-3.02,-3.31,-3.68,-4.17,-4.53,-4.95,-5.34,-5.67,-6.34,-7.07,-8.06,-8.86,-9.41,-9.74,-9.86,-10.07,-10.29,-10.43,-10.43,-9.56,-8.38,-7.43,-6.29,-4.72,-3.32,-.94,.79,-3.75,-7.86,-6.12,-5.32,-1.23,3.54,1.79,-1.22,-4.67,-7.81,-8.23,-7.55,-6.52,-3.79,-2.27,-2.41,-3.72,-5.81,-6.71,-6.94,-6.60,-6.12,-5.80,-5.33,-4.25,-2.98,-2.17,-1.96,-2.39,-3.42,-4.23,-4.71,-4.82,-4.43,-3.77,-2.88,-2.41,-2.70,-3.42,-4.15,-4.78
-4.47,-2.83,-1.35,-.24,.43,.57,.35,.27,.21,-.18,-1.83,-4.72,-6.86,-6.43,-4.43,-1.80,.70,-2.26,-5.90,-6.86,-7.44,-7.68,-7.96,-8.45,-9.03,-9.65,-10.05,-10.17,-10.71,-10.82,-10.94,-10.79,-9.85,-8.88,-7.51,-6.16,-4.48,-3.13,-2.25,-1.73,-.55,-2.53,-8.85,-9.56,-9.78,-8.51,-2.94,-.90,-2.59,-5.13,-7.44,-7.87,-7.69,-7.96,-6.61,-3.88,.57,.98,-1.23,-3.95,-5.68,-6.48,-6.94,-6.89,-6.38,-5.61,-4.49,-3.44,-2.84,-2.84,-3.57,-4.07,-4.04,-4.15,-4.12,-3.80,-3.10,-2.36,-2.24,-2.68,-3.20,-3.73
-4.61,-3.90,-3.08,-2.37,-1.71,-1.06,-.40,.09,.19,-.13,-1.72,-3.21,-4.03,-3.93,-3.26,-2.53,-1.79,-1.40,-1.29,-1.16,-.73,-.14,.45,-.61,-4.00,-8.15,-10.40,-10.91,-10.50,-9.36,-8.20,-6.88,-5.11,-3.51,-2.66,-1.66,-.60,-.15,.12,-.73,-.06,-1.47,-2.81,-5.12,-6.52,-8.51,-4.76,-2.69,-4.75,-7.34,-8.20,-7.19,-6.35,-5.42,-5.29,-5.69,-3.59,-1.03,-1.15,-2.04,-3.42,-5.03,-6.04,-6.41,-6.37,-5.77,-4.92,-4.24,-3.95,-3.79,-3.63,-3.36,-3.11,-3.35,-3.74,-3.94,-3.56,-2.88,-2.60,-2.67,-2.74,-2.47
-4.38,-3.95,-3.49,-3.19,-3.02,-2.87,-2.68,-2.59,-2.88,-3.75,-4.94,-5.56,-5.06,-3.93,-2.95,-2.15,-1.50,-1.06,-.70,-.33,.11,.34,.13,-.07,.02,.29,.42,.43,.86,1.91,2.13,1.02,1.54,2.35,-.44,-1.13,-.77,-.91,-1.76,-2.70,-2.78,-4.00,-4.57,-5.88,-5.99,-8.93,-8.18,-4.27,-1.36,-3.51,-6.61,-7.78,-5.92,-6.64,-6.58,-6.70,-6.73,-5.96,-4.65,-3.42,-3.28,-4.54,-5.72,-6.45,-6.42,-5.75,-5.02,-4.01,-3.44,-3.06,-2.40,-1.85,-1.88,-2.45,-3.40,-4.00,-3.32,-3.10,-3.73,-2.88,-2.12,-.85
-3.27,-2.69,-2.18,-1.78,-1.41,-.97,-.58,-.56,-.96,-1.62,-2.07,-2.12,-1.73,-1.27,-.93,-.67,-.54,-.59,-.67,-.67,-.49,-.18,.23,.68,.73,-.27,-2.23,-3.78,-3.92,-3.26,-2.55,-2.39,-1.56,-.80,-2.74,-4.17,-4.59,-5.21,-6.07,-6.41,-6.21,-6.27,-5.83,-5.36,-4.17,-5.42,-3.74,-1.58,.17,1.81,-3.06,-1.95,-3.94,-9.01,-11.32,-12.54,-13.13,-10.81,-8.13,-6.83,-5.91,-5.92,-6.68,-7.06,-6.53,-5.19,-3.92,-2.86,-1.56,-.47,.06,.01,-.65,-1.64,-2.80,-3.52,-3.30,-1.77,-1.46,-.91,-1.61,-1.65
-.73,-.31,.12,.57,1.23,2.00,2.48,2.55,2.36,2.07,2.20,2.32,2.41,2.45,2.33,1.62,.94,.60,.39,.17,.03,-.00,.06,.24,.46,.74,.91,.86,.73,.35,-.80,-2.71,-2.54,-1.72,-3.30,-5.73,-8.06,-9.92,-11.27,-10.76,-9.41,-7.70,-7.46,-6.94,-5.76,-5.80,-6.29,-4.99,-3.03,-3.71,-5.93,-6.05,-4.26,-7.10,-6.08,-4.56,-4.11,-4.16,-3.04,-1.90,-.86,1.20,.30,-1.15,-1.59,-1.01,-.18,.36,.47,.07,-.89,-2.04,-2.47,-2.96,-4.64,-5.19,-4.86,-4.08,-3.09,-1.17,.90,.65
.54,1.46,2.34,2.99,3.36,3.49,3.49,3.74,3.97,4.13,4.25,4.34,4.38,4.31,4.07,3.69,3.22,1.90,.66,.18,-.17,-.44,-.55,-.58,-.55,-.23,.54,.73,.09,-.87,-1.93,-1.82,2.00,4.54,2.68,.15,-1.62,-3.15,-4.60,-6.10,-7.49,-8.97,-10.11,-10.43,-8.82,-8.07,-8.36,-3.80,3.85,3.22,.51,-.04,.03,-.33,-.96,-1.29,-2.47,-4.46,-6.05,-5.95,-5.29,-4.04,-1.77,.02,.11,-.56,-1.58,-2.66,-3.88,-4.86,-4.15,-4.56,-4.21,-3.68,-5.33,-6.59,-5.95,-3.85,-2.21,-2.11,-1.58,-.53
