public/data/weather/current/archive/(temp)current-temp-surface-level-gfs-1.0.json
{"header": {"discipline":0,"disciplineName":"Meteorological products","gribEdition":2,"gribLength":131858,"center":7,"centerName":"US National Weather Service - NCEP(WMC)","subcenter":0,"refTime":"2014-01-31T00:00:00.000Z","significanceOfRT":1,"significanceOfRTName":"Start of forecast","productStatus":0,"productStatusName":"Operational products","productType":1,"productTypeName":"Forecast products","productDefinitionTemplate":0,"productDefinitionTemplateName":"Analysis/forecast at horizontal level/layer at a point in time","parameterCategory":2,"parameterCategoryName":"Momentum","parameterNumber":2,"parameterNumberName":"U-component_of_wind","parameterUnit":"m.s-1","genProcessType":2,"genProcessTypeName":"Forecast","forecastTime":3,"surface1Type":103,"surface1TypeName":"Specified height level above ground","surface1Value":10,"surface2Type":255,"surface2TypeName":"Missing","surface2Value":0,"gridDefinitionTemplate":0,"gridDefinitionTemplateName":"Latitude_Longitude","numberPoints":65160,"shape":6,"shapeName":"Earth spherical with radius of 6,371,229.0 m","gridUnits":"degrees","resolution":48,"winds":"true","scanMode":0,"nx":360,"ny":181,"basicAngle":0,"subDivisions":0,"lo1":0,"la1":90,"lo2":359,"la2":-90,"dx":1,"dy":1}, "data":
[rows 37 to 73 of 181, columns 164 to 245 of 360]
-7.78,-5.92,-4.79,-3.83,-2.91,-2.41,-2.02,-1.72,-1.21,-.82,-.09,-.05,.59,1.35,2.78,2.94,-.02,.01,-.28,-.19,-.10,.30,-.03,-.25,1.21,3.00,3.13,1.37,.50,.45,.19,.03,.10,-2.57,-9.12,-8.94,-9.36,-8.63,-7.71,-5.73,-4.11,-2.64,-1.70,-.89,-.15,-1.20,-5.53,-7.82,-8.38,-9.50,-9.44,-9.76,-9.73,-9.27,-9.03,-9.10,-8.46,-6.82,-4.36,-2.92,-3.15,-2.31,-1.03,-2.29,.38,2.90,.43,-.68,-1.22,-2.12,-.70,-.21,.02,.02,-.01,-.02,.05,-.21,1.46,2.05,.63,.64
-4.94,-4.90,-4.13,-3.69,-2.91,-2.42,-2.03,-1.55,-1.25,-1.17,.09,.11,.44,1.62,3.35,2.04,.18,.35,-.83,-2.86,-1.19,.99,1.62,1.55,1.76,1.31,2.04,2.29,1.15,.87,.34,-.64,-1.35,-.69,-3.16,-5.26,-4.61,-4.16,-6.06,-5.91,-4.02,-2.07,-.75,-.25,-.22,.02,.36,-1.98,-6.79,-7.42,-8.28,-8.99,-9.57,-9.99,-9.96,-9.60,-8.72,-7.58,-5.85,-3.75,-2.81,-2.44,-2.99,-6.31,-4.92,.97,1.38,.11,-.52,-2.02,-2.08,-1.11,-.20,.18,-.22,.05,.37,.14,-.68,-.65,1.60,.97
-.32,-1.41,-1.93,-2.47,-2.26,-1.82,-1.69,-1.51,-.88,-.40,-.24,.54,.87,1.70,2.82,2.44,1.06,.81,-.46,.37,.47,-.23,1.80,2.79,1.70,.64,.28,1.71,1.80,.44,-.81,-1.87,-2.56,-4.89,-4.98,3.47,3.64,3.89,3.51,.60,-.49,-.68,-.34,.06,.04,.44,-.05,1.07,-.11,-5.83,-7.77,-8.00,-8.76,-9.68,-10.75,-11.35,-10.32,-8.88,-7.34,-5.75,-4.23,-3.13,-1.40,-3.06,-3.34,.98,1.32,.99,-1.26,-1.04,.54,.81,-.38,.77,.56,1.04,.95,1.00,-.63,-.33,-.71,1.14
5.41,2.39,.48,-.71,-1.32,-1.52,-1.21,-.98,-.82,-.20,-.08,.10,.70,1.56,2.38,2.38,1.04,.63,-1.69,-3.00,-1.17,2.56,4.00,2.95,2.17,.54,-.30,.22,1.69,-.02,-2.01,-5.15,-6.97,-5.74,-4.25,-5.82,-5.05,-.15,4.77,3.21,-.18,-.27,-.25,-.32,-1.12,-2.17,1.24,.30,2.89,2.46,-.74,-5.77,-6.87,-8.19,-10.42,-12.54,-12.53,-10.51,-8.16,-6.68,-5.31,-4.03,-3.07,-2.21,-2.50,-1.51,1.22,4.33,3.28,.15,-.27,2.39,-.36,.57,.80,1.08,.82,1.05,.96,-1.33,-.26,-.48
8.51,6.25,2.86,.99,.02,-.86,-1.00,-.68,-.35,-.26,.04,-.80,-.38,.69,1.69,1.83,.59,-1.18,-2.20,-2.49,-2.75,-2.33,-.92,1.76,2.09,-.00,-.60,-.50,2.32,1.03,-1.56,-4.48,-6.51,-7.94,-6.94,-2.86,1.60,4.64,6.55,7.18,.57,-2.70,-2.36,-.79,-.11,-2.73,-1.15,.41,2.11,3.29,2.10,.17,2.04,2.73,.98,-.85,-3.18,-5.89,-7.65,-7.24,-6.26,-5.45,-3.64,-2.02,-1.90,-2.41,-1.85,-1.58,-1.01,-.53,-3.48,-1.21,-.42,.38,-1.36,-1.01,1.38,.85,-.27,-1.02,-.71,-.14
8.10,7.15,5.98,3.29,1.45,.23,-.49,-.67,-.22,.00,-.03,-.09,-.59,-.25,.45,.65,-.22,-2.20,-3.46,-3.16,-2.81,-2.75,-2.57,-2.18,-1.58,-1.66,-2.05,-2.18,1.39,1.31,-1.24,-4.38,-6.75,-7.11,-5.89,-3.71,-.67,2.56,4.72,7.15,5.93,-.39,-3.01,-.04,1.67,.49,-.39,5.40,-.24,3.75,3.57,3.58,.96,-2.09,-4.15,-4.11,-3.38,-2.22,-.55,.56,-2.90,-4.37,-4.61,-4.96,-4.83,-4.53,-4.19,-2.91,-2.60,-2.86,-4.13,-6.09,-3.03,-1.87,-.48,-3.57,.13,-.41,-1.03,-.28,-1.03,-.21
11.62,9.94,7.19,4.64,2.23,.82,.19,-.29,-.52,-.19,.01,-.15,-.08,-.24,.00,-.20,-.70,-1.97,-3.44,-4.30,-4.58,-4.95,-5.26,-5.24,-5.00,-4.02,-3.37,-3.08,1.49,1.69,-.58,-3.89,-6.38,-6.45,-4.73,-1.89,.56,2.78,3.78,4.41,3.76,-.35,-3.59,-2.98,-1.13,.64,-2.80,-2.55,1.88,2.78,3.95,3.98,3.35,1.49,-.92,-3.51,-4.75,-4.44,-3.75,-3.46,-2.92,.30,.49,-1.06,-1.74,-3.91,-4.31,-4.39,-3.90,-3.58,-3.90,-4.65,-5.17,-.19,-1.89,-2.86,-.20,-2.31,-4.63,-2.07,-1.55,-1.59
10.99,9.84,6.06,4.40,2.28,.57,.24,-.38,-.57,-.72,-.43,.25,.35,-.08,-.31,-.48,-.90,-1.61,-2.49,-3.35,-4.12,-4.74,-5.41,-6.10,-6.68,-5.91,-4.62,-5.94,.01,.15,.59,-1.59,-5.60,-6.71,-5.59,-3.87,-1.42,.94,2.33,1.56,-.11,-1.67,-3.25,-6.08,-3.99,-3.14,-.91,-3.68,.29,1.85,3.93,4.46,4.31,3.16,1.28,-.48,-2.99,-5.02,-5.43,-5.56,-5.95,-5.92,-7.46,-3.89,1.87,2.26,-1.20,-2.43,-1.68,-2.07,-3.61,-3.86,-8.80,-2.61,-5.56,-1.59,.80,1.84,1.64,.00,-1.20,-1.64
9.87,7.87,6.24,4.80,1.56,.11,-.57,-.89,-.66,-.54,-.77,-.19,2.34,1.16,.91,.76,.22,-.69,-1.73,-2.41,-2.95,-3.56,-4.22,-4.90,-5.05,-5.51,-4.51,-2.98,-2.96,-4.75,-6.78,-7.60,-7.24,-6.34,-4.65,-2.95,-1.10,.20,.54,.62,.10,-1.04,-2.06,-5.66,-4.69,-3.27,-2.60,-1.43,-5.81,.22,3.99,5.20,4.48,3.27,2.18,1.42,-.48,-2.78,-4.32,-5.23,-6.50,-8.31,-8.18,-8.22,-7.62,-5.69,-.10,4.11,.19,-2.51,-4.94,-5.84,-5.60,-3.06,-7.46,-2.72,-3.02,-2.11,-1.19,-.07,.06,-.37
7.75,6.63,4.99,3.48,2.63,1.28,.07,-.34,-.43,-.24,-.11,-.11,1.90,3.27,2.42,1.71,.80,-.09,-1.31,-1.99,-2.49,-2.87,-3.10,-3.05,-3.14,-2.87,-5.27,.54,-1.36,-2.95,-5.59,-8.02,-6.80,-5.11,-3.81,-2.03,-.55,-.42,-.88,.03,-.66,-1.22,-1.48,-3.96,-4.59,-3.46,-2.71,-2.10,-3.69,-.08,4.87,5.52,4.36,2.74,1.86,1.45,.75,-1.05,-2.95,-4.17,-5.39,-6.78,-7.85,-8.77,-7.78,-5.83,-3.88,-.88,.83,-.47,-2.02,-3.29,.09,-.13,.01,-.46,-.19,-.10,-.43,-.24,.00,-.00
6.31,5.69,4.78,3.75,2.69,1.54,.42,-.25,-.31,-.22,.01,.45,1.61,3.48,3.31,2.56,1.82,.86,-.15,-1.14,-1.87,-2.24,-2.50,-1.28,-2.03,-.30,.05,.14,-.80,-1.89,-4.15,-5.14,-3.85,-2.49,-1.61,-1.19,-1.23,-2.08,-1.46,-.17,.22,.45,-.72,-2.67,-4.39,-3.81,-3.21,-2.94,-3.07,-6.98,8.09,5.10,3.69,1.99,1.17,.80,.41,-.05,-1.21,-3.92,-5.44,-6.23,-7.35,-8.33,-8.02,-5.65,-3.88,-3.24,.58,1.46,1.45,1.39,-.47,-.47,-1.96,-1.12,.95,.44,-.19,-.66,-2.75,-3.89
5.36,4.71,4.25,3.73,2.35,1.15,.13,-.55,-.36,-.09,.11,1.02,2.98,3.23,3.12,2.61,2.19,.88,-.17,-.88,-.61,-1.35,-1.06,-1.66,.80,-2.06,1.58,-.97,-1.08,-.99,-2.70,-3.28,-2.57,-2.01,-2.00,-2.60,-3.40,-2.97,-2.38,-1.12,1.06,.75,-.54,-1.99,-4.08,-4.09,-3.90,-3.65,-3.60,-5.80,8.73,5.56,3.38,1.56,.47,.06,.04,-.16,-.89,-2.03,-3.49,-5.16,-6.53,-6.92,-6.85,-5.85,-3.97,-2.78,-1.00,1.01,2.28,4.60,.82,-.92,-1.74,-1.77,-5.33,-5.07,-.52,-1.01,-1.06,-1.36
4.90,4.66,4.32,3.14,1.79,.62,-.08,-.81,-.66,.04,.55,1.95,4.67,4.77,3.90,2.87,2.06,.65,.25,.56,.46,.01,-.10,1.30,-2.43,.93,-1.09,-1.18,-2.15,-2.21,-2.04,-2.55,-2.72,-2.74,-3.16,-3.71,-3.88,-4.44,-3.96,-1.26,.12,.59,-1.54,-2.63,-3.06,-3.30,-3.40,-3.65,-2.30,-4.38,5.09,5.13,3.77,1.23,-.01,-.23,.04,-.15,-1.03,-1.88,-2.83,-3.37,-4.16,-5.40,-5.30,-5.19,-4.03,-2.34,-.57,.80,3.96,8.38,2.08,-.26,-.13,-1.04,-1.35,-1.17,-1.42,-.69,-1.45,-.97
6.22,5.32,4.50,2.95,1.33,.18,-.30,-.88,-1.03,.22,.88,2.69,4.70,4.91,4.28,3.39,2.65,1.94,1.14,.74,1.26,1.15,2.41,-.18,1.89,-.67,-1.37,-2.08,-2.55,-3.27,-3.33,-2.90,-3.04,-3.66,-4.06,-4.50,-6.27,-8.09,-5.01,-1.08,.61,1.11,.12,-1.30,-1.60,-2.06,-2.05,-2.78,-1.54,1.64,.51,2.23,2.56,1.57,.40,-.10,.20,.34,-.47,-1.51,-2.12,-3.24,-3.43,-4.32,-5.16,-4.59,-2.79,-.63,1.26,2.54,3.95,7.50,2.97,-.25,-.04,-.01,.14,-1.07,-.21,-.13,-.69,-2.67
6.32,5.55,4.63,3.01,.96,-.29,-.83,-.98,-1.39,.09,.64,2.06,3.32,2.91,2.52,2.90,3.56,3.24,2.23,3.19,3.12,3.70,.49,1.03,-.22,-.35,-.95,-1.56,-1.97,-2.10,-2.13,-2.05,-2.15,-3.22,-4.80,-6.69,-8.01,-6.79,-4.03,-.62,1.51,1.12,.88,1.16,.55,.46,-1.14,.08,-3.29,-.90,-2.25,-1.87,-.02,.68,.04,-.14,.21,.39,.39,-.41,-1.52,-2.13,-1.02,-.27,-1.47,-2.02,-1.98,-.26,1.86,3.56,4.91,7.24,8.74,.79,-.01,-1.07,-2.37,-.09,-3.62,.40,.36,.14
5.84,5.31,4.39,2.96,1.03,-.85,-1.27,-1.51,-1.81,-.64,-.89,.20,1.74,2.31,2.77,2.95,3.16,3.24,4.12,4.52,5.35,.81,.89,-.29,-1.01,-1.68,-2.14,-2.60,-3.14,-3.54,-4.11,-4.77,-5.01,-5.10,-5.20,-5.52,-5.27,-5.43,-5.02,-2.86,.42,2.38,2.14,1.93,2.11,1.27,1.86,-3.18,-1.62,-4.06,-5.28,-4.97,-2.46,-.96,-.66,-.33,.25,.43,.58,.59,-.22,-.54,.72,1.39,1.18,1.91,1.13,1.37,3.48,5.45,6.64,6.78,6.51,3.81,1.66,-.13,.56,-4.89,.59,.53,.99,.44
5.04,4.58,4.18,3.14,1.86,-.73,-1.59,-1.92,-1.98,-1.27,-1.36,-1.49,-1.12,.02,1.15,2.38,3.48,4.67,5.11,6.23,.64,.59,.03,-.07,.02,-.42,-.96,-1.77,-2.61,-3.24,-3.53,-3.42,-3.41,-3.96,-4.50,-5.17,-4.95,-4.47,-3.98,-2.46,-.33,1.85,3.61,2.93,2.31,3.50,-1.48,-1.11,-3.27,-4.83,-7.35,-7.05,-5.26,-2.69,-1.14,-.27,.07,.48,.64,1.07,1.22,1.38,2.55,2.42,3.54,4.08,3.45,4.25,4.55,5.20,4.79,3.58,1.95,1.45,.04,1.52,-.32,-1.26,1.39,4.34,3.15,5.55
4.15,3.74,3.79,3.37,1.67,.41,-1.53,-1.92,-2.02,-1.55,-.76,-.45,-.68,.07,1.12,2.42,3.59,4.18,5.83,-.15,-.97,-.47,.20,.99,1.01,.71,.15,-.28,-.80,-1.33,-1.97,-3.05,-5.52,-7.46,-6.65,-5.21,-4.56,-2.36,-1.09,-.10,1.43,2.35,4.18,4.04,3.84,-.85,-.87,-1.78,-2.83,-5.09,-8.45,-7.86,-5.64,-2.83,-1.44,-.63,-.38,.12,.43,.84,1.39,2.84,4.62,5.53,7.02,6.90,6.06,7.01,7.23,5.92,-.04,-.61,1.24,2.12,5.65,.36,.26,-.60,-4.50,1.12,2.74,1.65
4.34,3.39,3.19,2.89,1.51,-1.33,-.33,-1.44,-1.61,-1.37,-.67,-.09,.08,.28,.95,2.20,2.81,4.82,-.61,-2.38,-1.20,.51,1.64,2.15,2.12,1.84,1.46,.58,-.16,-1.22,-2.70,-4.41,-5.40,-5.72,-4.81,-3.89,-2.55,-1.18,.11,1.06,2.12,3.45,4.71,2.61,-.77,-.75,-1.41,-1.95,-3.26,-6.06,-8.97,-7.97,-4.72,-2.58,-1.43,-.70,-.63,.19,.79,1.38,2.52,3.87,5.19,6.49,8.34,8.61,7.96,7.33,3.98,-1.51,-1.43,-.87,-.16,.24,1.55,1.39,.60,.82,-5.42,-.91,-.01,.00
4.07,2.89,2.51,2.09,.17,-1.06,-.04,-.77,-.97,-.84,.28,.19,.49,.78,1.71,2.58,3.73,-2.08,-3.12,-1.72,-.45,.80,1.23,1.29,.45,.21,.44,1.19,1.88,2.89,1.30,-.92,-.79,-.35,.07,.48,-.22,.41,1.74,2.70,3.12,2.10,-.38,-.39,-.34,-.73,-1.59,-2.29,-3.94,-6.81,-8.26,-7.08,-3.88,-2.59,-1.23,-.21,-.19,.43,1.34,2.16,2.96,3.85,4.84,6.04,7.18,9.28,9.39,6.84,3.21,-.59,-.77,-.28,-.01,-.13,-.95,3.39,2.88,.28,2.40,1.81,.41,1.87
3.37,2.42,1.57,.28,-.60,-.23,.06,2.12,-.15,-.38,.28,.17,.17,1.21,1.94,3.55,-1.20,-3.06,-2.07,-1.47,-.01,.94,.76,-.44,-.99,-.48,-.42,.53,2.18,2.68,1.75,2.25,4.01,4.11,-.48,.63,-1.24,-1.36,-.07,.22,-.43,-.60,-.45,-.23,-.18,-.76,-1.90,-3.57,-5.37,-6.14,-7.41,-6.22,-3.73,-2.41,-.76,.14,.78,1.23,1.67,2.31,2.66,3.38,4.26,4.62,5.00,6.37,6.46,4.70,2.97,1.11,1.35,1.32,.87,.05,-1.19,.18,.52,-.12,1.03,1.54,-.62,.12
2.67,1.72,.42,-.52,-.84,-.22,.61,1.14,2.55,1.63,2.03,1.16,1.77,2.11,3.08,.89,-2.44,-1.52,-1.23,-.19,.40,.06,-.83,-.85,-.56,-.59,-2.01,-2.09,-1.05,-1.02,.74,3.66,5.99,7.94,6.56,4.93,2.39,.51,-.13,-.50,-.33,-.03,-.16,-.08,-.51,-1.62,-2.56,-3.51,-4.29,-5.45,-7.49,-5.61,-3.76,-2.07,-.87,.58,1.31,1.84,1.96,2.09,2.31,2.46,2.78,3.26,3.92,4.50,4.49,4.30,3.35,1.25,1.88,1.95,-.96,-2.20,-2.25,-2.55,-1.09,-.06,-.42,.39,2.34,-.33
2.24,.85,-.21,-.63,-.12,.35,.90,1.81,2.48,3.31,3.53,3.73,3.74,4.11,3.46,.80,1.45,1.42,2.28,3.12,3.66,3.84,3.41,1.49,.80,-.34,-5.34,-12.28,-6.14,1.11,6.07,9.84,7.98,5.84,5.59,4.05,3.53,2.28,.81,-.00,.19,.18,.16,.05,-.33,-1.09,-2.44,-3.27,-3.98,-6.97,-5.59,-4.35,-2.80,-1.82,-.84,1.28,1.86,1.91,1.68,1.63,2.00,1.99,2.27,2.19,2.03,1.78,2.36,2.53,3.06,2.39,.74,1.59,1.33,.02,-1.16,-1.29,-.10,.06,-.82,-.24,-1.68,-2.28
1.98,.48,-.03,-.40,-.19,.58,1.32,1.98,2.90,3.33,3.92,4.05,4.16,3.81,2.42,3.38,4.24,4.33,5.11,4.91,4.96,3.98,1.34,-.39,-.07,-2.01,-7.54,-14.94,1.99,2.28,2.32,3.10,4.76,6.04,6.12,4.44,2.89,1.21,-.03,-.23,-.24,-.19,-.07,-.03,-1.01,-2.30,-2.27,-3.75,-7.00,-5.36,-4.16,-3.19,-2.37,-1.88,-1.12,.84,2.07,2.18,1.54,.83,1.06,1.35,1.20,1.70,3.21,3.77,3.87,3.67,2.46,2.16,1.91,1.86,1.47,.19,.03,.61,.89,1.01,.05,1.00,-2.32,.26
1.09,.13,-.14,-.10,.21,.69,1.27,1.91,2.57,3.54,4.28,4.25,3.29,1.87,2.03,3.26,3.37,3.46,3.89,2.46,1.30,.41,-.99,-1.63,-2.57,-3.89,-6.76,-6.05,4.90,4.98,2.97,.69,.82,1.76,1.97,1.65,.56,-.15,-.10,.19,.24,.05,-.19,-.10,-.25,-1.40,-4.57,-5.16,-3.58,-2.51,-1.95,-1.95,-1.80,-1.66,-1.58,-.59,-.53,.49,1.62,1.91,2.37,2.66,2.38,1.36,.72,.67,1.42,2.31,2.88,3.00,3.21,3.25,2.59,1.72,1.55,1.37,1.48,1.24,1.16,.78,-.60,-2.66
.58,.05,.03,.35,.85,1.23,1.67,2.23,3.19,4.03,3.87,3.45,3.00,3.03,3.32,3.60,3.17,2.83,3.04,1.81,1.25,1.41,.37,-1.71,-2.35,-2.67,-8.83,-.72,2.74,5.08,6.38,8.32,7.88,3.40,1.60,-.13,-.69,-1.25,-2.58,-2.71,-1.51,-.27,.12,-2.10,-2.53,-2.91,-2.71,-2.37,-2.67,-1.97,-.97,-1.23,-1.27,-1.58,-1.01,-.68,-.37,.97,1.46,1.04,.82,.52,.23,.19,.56,1.16,1.97,2.87,3.54,3.75,3.40,2.28,1.99,1.64,1.30,1.71,1.76,1.78,1.60,.62,-1.43,-1.68
-1.03,-.56,.12,.90,1.58,2.12,2.60,2.89,3.25,3.67,4.00,4.07,4.19,4.52,4.88,5.05,4.85,4.20,4.11,3.12,2.52,2.60,1.16,-.78,-.79,-1.24,-.85,2.95,5.39,5.78,5.83,3.39,.63,-.88,-2.17,-3.13,-3.42,-2.54,-2.05,-2.36,-1.80,-1.84,-1.72,-1.28,-1.78,-2.07,-2.35,-3.08,-2.76,-.75,-.41,-.72,-.94,-1.02,-.85,-.24,.68,-.09,.01,.16,.16,.30,.65,1.01,1.20,1.28,1.81,2.62,3.56,2.94,1.80,.76,.10,.62,1.08,1.29,1.04,.80,.84,.19,-.17,.24
-2.23,-1.68,-.85,-.06,.82,1.44,2.28,3.05,3.67,4.08,4.53,5.04,5.65,5.95,6.05,5.98,5.65,4.96,4.84,4.73,4.75,4.74,3.13,2.04,2.79,-5.46,5.13,7.03,7.41,5.01,2.61,1.63,1.64,.58,-.69,-1.62,-1.22,-1.12,-.76,.44,-.25,-1.20,-1.49,-1.12,-.58,-1.42,-2.40,-2.21,-1.14,.04,.04,-.28,-.02,-.68,-.26,.26,-.12,.18,.30,.40,.36,.55,1.08,1.49,1.34,1.16,1.80,2.80,3.42,2.38,1.63,1.22,.66,.64,.82,.79,.58,.76,.93,1.08,1.37,.80
-2.78,-2.52,-1.88,-.74,.29,1.20,2.13,3.08,4.18,5.17,5.94,6.45,6.82,7.00,7.13,7.08,6.57,6.25,6.73,7.18,7.24,6.78,6.26,5.03,4.44,3.81,5.55,5.98,5.97,2.26,.39,.76,.59,.41,-.05,-.32,-.36,-.19,.23,.60,.33,-.02,.02,-.06,.00,.14,-.25,.04,.36,-.90,-1.07,-.62,-.45,.14,.93,.06,.35,.42,.37,.17,.24,.74,1.92,2.22,2.33,3.04,3.12,2.74,2.69,2.23,2.96,2.05,.27,-.45,-.18,.33,.47,.53,.93,.92,.52,.29
-3.08,-2.67,-2.04,-1.03,.07,1.23,2.52,3.41,4.15,5.12,6.11,6.72,7.20,7.60,7.72,7.58,7.43,7.71,8.32,8.64,8.22,8.03,7.85,7.06,1.65,5.23,4.64,3.94,2.98,1.26,-.49,.06,-1.16,-1.37,-.60,-.17,-1.24,-.86,.45,1.37,.64,1.83,2.10,1.69,1.78,.75,.68,.55,.67,.00,-.57,-.37,.41,.37,.49,.37,.34,.41,.25,.31,.57,1.27,1.89,1.91,2.37,3.03,2.78,2.13,1.40,1.14,.28,-1.26,-1.78,-1.23,-.71,-.84,-.68,-.11,.05,-.04,-.17,-.13
-3.50,-2.48,-1.61,-.59,.58,1.28,1.76,2.52,3.63,4.90,6.16,7.15,7.66,7.94,7.97,7.99,8.09,8.55,8.94,8.99,8.80,9.17,5.72,3.14,4.62,4.57,2.84,1.61,1.78,-.32,-.58,-1.26,-1.97,-2.15,-2.10,-1.59,-2.42,-.76,-.22,1.67,3.62,2.54,.24,.48,1.14,1.13,-.30,-1.21,-1.14,-1.07,-1.24,-.45,.39,.06,.25,.06,.33,.15,.44,.10,-.68,-.46,.64,.66,1.21,1.77,.58,-.23,-.03,.34,-.88,-1.27,-.44,-.84,-1.20,-1.47,-1.23,-.99,-1.32,-1.02,-.75,-.53
-4.37,-2.94,-1.24,-.30,.46,1.11,1.57,2.16,2.95,3.68,4.70,5.49,6.19,6.86,7.47,7.89,8.12,8.05,8.98,8.86,8.62,2.77,3.58,3.05,3.06,1.88,.39,-.72,-1.07,.25,-2.44,-3.52,-3.99,-3.71,-2.69,-1.72,-.64,-.47,-.49,.29,.59,-.34,-.19,.91,.14,-.76,-.76,-.60,-.01,.18,-.17,.16,.63,.95,.28,.38,-.15,-.44,-.05,-.87,-1.47,-1.55,-1.11,-.10,.89,-.19,-.74,-.33,-.19,.39,.19,.31,.31,-.75,-1.84,-1.99,-2.25,-3.26,-3.60,-3.10,-2.46,-1.39
-4.24,-2.73,-1.73,-.81,.59,1.65,1.78,2.20,2.55,3.10,3.94,4.21,4.43,5.00,5.86,6.71,8.08,9.10,8.90,7.75,.66,2.06,1.83,1.78,.71,-.06,-.94,-1.45,-1.12,-.69,.19,.15,-.86,-.76,-.43,-.18,-.47,-.74,.85,.11,-.46,-.74,-.31,.44,2.46,2.72,1.80,1.02,-.41,.31,1.15,1.04,1.35,.87,.76,.17,-.43,.06,-.90,-1.53,-.54,-.80,-.53,-.58,-.39,-.12,-1.21,-.61,-.09,.57,.03,.35,.53,-.17,-2.12,-2.59,-4.54,-4.98,-4.64,-4.33,-3.60,-2.82
-4.33,-2.77,-1.45,-.38,-.28,-.37,.25,.66,1.08,1.34,2.23,2.67,2.86,3.63,5.07,6.43,6.82,6.73,4.07,-.47,.95,1.08,.92,.38,.18,.03,-.57,-.81,-.60,.13,.68,.50,.05,.09,.58,.93,-.77,-3.36,-1.99,-.45,.14,-.45,-.04,1.08,1.14,.96,1.08,-.88,-.88,.12,.08,.31,1.74,-.16,.88,.43,-.16,-.63,-.76,-.85,-.85,-2.56,-2.63,-1.50,-1.36,-.89,-1.10,-.42,-.03,.12,-.22,-.04,.32,.31,-.59,-2.53,-6.31,-7.02,-7.03,-5.59,-5.15,-4.73
-3.85,-2.04,-1.52,-1.65,-1.94,-1.51,-.78,.15,1.17,1.95,2.01,2.84,3.45,4.34,4.50,3.70,2.07,-.93,-1.43,-.58,-.21,-.53,-.22,-.51,-.26,.16,-.42,.54,1.20,1.37,.98,.14,-.29,-.07,.82,1.14,.52,-.46,-1.13,-.76,-2.13,.46,.26,-.03,-.06,-.17,-1.03,-.99,-1.00,-.35,.20,-.25,-1.26,-.74,.13,-.17,-.70,-.76,-.84,-1.17,-1.21,-2.08,-2.61,-2.32,-1.79,-1.21,-1.04,-.77,-.41,-.18,.10,.18,.50,.52,.22,-.01,-.75,-2.88,-3.01,-1.87,-.51,.01
-4.06,-3.13,-2.19,-1.51,-.64,.95,1.86,2.95,2.73,2.64,1.95,2.45,2.21,.81,-.23,-.80,-1.22,-1.96,-2.26,-1.76,-1.03,-.84,-1.07,-1.04,-.60,-.21,-.10,-1.44,-.74,-1.40,-.32,-.52,-.75,-.38,-.34,.12,.47,1.46,-.49,-.17,-.06,-.13,-1.14,-1.37,-1.24,-1.81,-1.38,-1.66,-.95,-.57,-.23,-1.08,-2.44,-1.40,-.76,-.43,-.35,-.89,-1.26,-1.82,-1.85,-2.36,-2.23,-2.18,-1.87,-1.26,-.91,-.33,-.25,-.71,-.58,-.51,-.13,.09,.08,-.07,-.71,.56,-.64,-1.25,-.68,-.56
-5.14,-3.98,-2.46,-1.00,.98,1.94,3.02,3.54,3.47,2.89,1.02,-1.99,-3.54,-2.41,-2.08,-2.02,-1.88,-1.47,-1.52,-1.73,-1.99,-2.13,-1.50,-.98,-.99,-.72,-1.45,-2.03,-2.97,-3.59,-3.03,-2.26,-1.58,-.97,-.60,-.58,-.25,-.44,-.21,.00,.00,.20,.04,-1.51,-3.80,-3.38,-2.43,-1.40,-.95,-.48,-1.75,-2.10,-1.64,-1.40,-1.81,-2.08,-1.26,-1.27,-1.66,-2.21,-2.28,-2.38,-1.52,-1.25,-.97,-.23,-.10,-.32,-.11,-1.14,-1.22,-.73,-.32,.02,.40,.74,.84,1.58,1.91,-.28,.31,-.33
