public/data/weather/current/archive/(temp)current-temp-surface-level-gfs-1.0.json
{"header": {"discipline":0,"disciplineName":"Meteorological products","gribEdition":2,"gribLength":131858,"center":7,"centerName":"US National Weather Service - NCEP(WMC)","subcenter":0,"refTime":"2014-01-31T00:00:00.000Z","significanceOfRT":1,"significanceOfRTName":"Start of forecast","productStatus":0,"productStatusName":"Operational products","productType":1,"productTypeName":"Forecast products","productDefinitionTemplate":0,"productDefinitionTemplateName":"Analysis/forecast at horizontal level/layer at a point in time","parameterCategory":2,"parameterCategoryName":"Momentum","parameterNumber":2,"parameterNumberName":"U-component_of_wind","parameterUnit":"m.s-1","genProcessType":2,"genProcessTypeName":"Forecast","forecastTime":3,"surface1Type":103,"surface1TypeName":"Specified height level above ground","surface1Value":10,"surface2Type":255,"surface2TypeName":"Missing","surface2Value":0,"gridDefinitionTemplate":0,"gridDefinitionTemplateName":"Latitude_Longitude","numberPoints":65160,"shape":6,"shapeName":"Earth spherical with radius of 6,371,229.0 m","gridUnits":"degrees","resolution":48,"winds":"true","scanMode":0,"nx":360,"ny":181,"basicAngle":0,"subDivisions":0,"lo1":0,"la1":90,"lo2":359,"la2":-90,"dx":1,"dy":1}, "data":
[rows 0 to 36 of 181, columns 82 to 163 of 360]
1.41,1.38,1.34,1.31,1.27,1.23,1.19,1.15,1.10,1.05,1.00,.95,.90,.84,.79,.73,.66,.61,.54,.47,.40,.33,.26,.19,.11,.05,-.04,-.12,-.20,-.28,-.36,-.45,-.53,-.62,-.71,-.81,-.90,-.99,-1.08,-1.17,-1.28,-1.36,-1.46,-1.56,-1.66,-1.77,-1.87,-1.97,-2.06,-2.17,-2.27,-2.38,-2.47,-2.58,-2.68,-2.78,-2.89,-2.99,-3.08,-3.19,-3.29,-3.38,-3.48,-3.57,-3.66,-3.74,-3.83,-3.91,-3.98,-4.05,-4.10,-4.15,-4.19,-4.23,-4.26,-4.27,-4.27,-4.27,-4.24,-4.22,-4.18,-4.13
.65,.60,.55,.49,.44,.38,.33,.26,.21,.15,.09,.02,-.05,-.12,-.18,-.25,-.32,-.39,-.46,-.54,-.61,-.69,-.77,-.85,-.93,-1.01,-1.09,-1.17,-1.25,-1.33,-1.42,-1.51,-1.60,-1.68,-1.77,-1.86,-1.95,-2.04,-2.13,-2.22,-2.33,-2.41,-2.52,-2.61,-2.71,-2.82,-2.92,-3.01,-3.12,-3.22,-3.32,-3.42,-3.53,-3.64,-3.73,-3.83,-3.94,-4.04,-4.14,-4.25,-4.34,-4.45,-4.54,-4.64,-4.72,-4.81,-4.91,-5.01,-5.08,-5.16,-5.23,-5.28,-5.32,-5.34,-5.34,-5.32,-5.29,-5.23,-5.16,-5.09,-5.02,-4.92
.23,.17,.11,.05,-.02,-.08,-.14,-.21,-.27,-.32,-.38,-.44,-.50,-.56,-.62,-.68,-.74,-.80,-.85,-.90,-.97,-1.02,-1.07,-1.14,-1.20,-1.26,-1.31,-1.37,-1.44,-1.49,-1.56,-1.62,-1.68,-1.74,-1.81,-1.87,-1.93,-1.99,-2.06,-2.13,-2.20,-2.26,-2.33,-2.40,-2.46,-2.52,-2.60,-2.67,-2.74,-2.81,-2.89,-2.97,-3.05,-3.13,-3.21,-3.28,-3.37,-3.46,-3.54,-3.62,-3.71,-3.80,-3.90,-3.99,-4.07,-4.16,-4.26,-4.36,-4.46,-4.56,-4.67,-4.77,-4.85,-4.95,-5.04,-5.14,-5.21,-5.26,-5.29,-5.28,-5.24,-5.21
-.01,-.07,-.13,-.19,-.25,-.31,-.36,-.41,-.46,-.50,-.54,-.59,-.63,-.69,-.74,-.77,-.81,-.85,-.89,-.93,-.98,-1.02,-1.06,-1.10,-1.14,-1.18,-1.21,-1.25,-1.29,-1.32,-1.35,-1.38,-1.41,-1.44,-1.46,-1.50,-1.52,-1.55,-1.57,-1.60,-1.63,-1.66,-1.70,-1.75,-1.79,-1.84,-1.89,-1.94,-1.99,-2.05,-2.11,-2.17,-2.23,-2.28,-2.37,-2.45,-2.52,-2.60,-2.69,-2.77,-2.85,-2.94,-3.02,-3.11,-3.18,-3.27,-3.34,-3.41,-3.48,-3.55,-3.62,-3.67,-3.76,-3.84,-3.91,-3.99,-4.08,-4.14,-4.22,-4.28,-4.34,-4.39
-.19,-.29,-.39,-.49,-.59,-.69,-.77,-.86,-.93,-1.00,-1.06,-1.11,-1.16,-1.20,-1.25,-1.28,-1.32,-1.34,-1.36,-1.39,-1.42,-1.44,-1.46,-1.49,-1.51,-1.53,-1.55,-1.57,-1.59,-1.58,-1.57,-1.56,-1.55,-1.55,-1.53,-1.53,-1.51,-1.49,-1.47,-1.47,-1.47,-1.47,-1.47,-1.47,-1.47,-1.48,-1.48,-1.48,-1.48,-1.50,-1.50,-1.51,-1.52,-1.52,-1.54,-1.54,-1.56,-1.59,-1.61,-1.67,-1.72,-1.79,-1.89,-1.99,-2.09,-2.21,-2.32,-2.44,-2.55,-2.65,-2.77,-2.88,-2.99,-3.11,-3.22,-3.34,-3.45,-3.56,-3.66,-3.76,-3.84,-3.90
-.23,-.37,-.50,-.65,-.77,-.90,-1.03,-1.15,-1.25,-1.37,-1.49,-1.60,-1.70,-1.79,-1.87,-1.92,-1.95,-1.96,-1.96,-1.92,-1.87,-1.82,-1.79,-1.76,-1.70,-1.64,-1.58,-1.54,-1.50,-1.45,-1.42,-1.38,-1.36,-1.32,-1.29,-1.27,-1.23,-1.20,-1.18,-1.14,-1.11,-1.05,-1.02,-1.00,-.98,-.96,-.95,-.90,-.89,-.89,-.86,-.83,-.80,-.76,-.72,-.69,-.65,-.62,-.62,-.63,-.68,-.73,-.82,-.91,-1.01,-1.13,-1.24,-1.36,-1.47,-1.63,-1.78,-1.93,-2.07,-2.23,-2.37,-2.52,-2.66,-2.81,-2.95,-3.07,-3.19,-3.29
-.69,-.83,-.99,-1.23,-1.45,-1.67,-1.84,-2.02,-2.21,-2.40,-2.58,-2.75,-2.91,-3.07,-3.21,-3.31,-3.36,-3.35,-3.27,-3.19,-3.06,-2.90,-2.71,-2.52,-2.31,-2.14,-1.97,-1.77,-1.59,-1.42,-1.28,-1.15,-1.03,-.91,-.83,-.71,-.59,-.48,-.39,-.29,-.20,-.09,.01,.12,.20,.28,.35,.41,.49,.55,.59,.63,.67,.72,.77,.79,.81,.81,.80,.77,.72,.67,.62,.57,.50,.41,.31,.22,.11,-.02,-.16,-.33,-.51,-.70,-.89,-1.08,-1.28,-1.47,-1.66,-1.85,-2.03,-2.18
-1.46,-1.78,-2.09,-2.31,-2.50,-2.66,-2.88,-3.13,-3.40,-3.71,-4.00,-4.27,-4.49,-4.67,-4.83,-4.91,-4.85,-4.63,-4.35,-4.03,-3.70,-3.39,-3.10,-2.78,-2.44,-2.11,-1.80,-1.49,-1.16,-.86,-.56,-.30,-.05,.16,.35,.54,.69,.84,.96,1.10,1.22,1.38,1.52,1.63,1.76,1.89,2.00,2.12,2.25,2.40,2.53,2.66,2.74,2.80,2.82,2.81,2.76,2.67,2.59,2.47,2.37,2.26,2.15,2.03,1.90,1.74,1.59,1.42,1.25,1.06,.88,.68,.48,.28,.08,-.12,-.29,-.46,-.58,-.69,-.75,-.79
-2.10,-2.21,-2.30,-2.48,-2.91,-3.56,-4.30,-5.03,-5.67,-6.21,-6.64,-6.91,-6.98,-6.61,-5.93,-5.18,-4.45,-3.85,-3.42,-3.08,-2.76,-2.43,-2.07,-1.71,-1.38,-1.04,-.67,-.32,.02,.34,.69,1.03,1.40,1.75,2.10,2.46,2.79,3.07,3.30,3.50,3.64,3.78,3.90,4.02,4.12,4.20,4.28,4.36,4.41,4.44,4.46,4.48,4.48,4.44,4.39,4.29,4.15,4.01,3.85,3.71,3.56,3.39,3.19,2.98,2.75,2.52,2.28,2.04,1.80,1.54,1.31,1.09,.90,.70,.48,.25,.00,-.20,-.37,-.51,-.64,-.74
-2.10,-2.28,-2.55,-2.93,-3.40,-4.00,-4.73,-5.59,-6.48,-7.29,-8.11,-7.89,-6.73,-5.27,-4.02,-3.13,-2.34,-1.89,-1.55,-1.30,-1.02,-.65,-.31,.00,.29,.58,.93,1.33,1.77,2.23,2.78,3.39,4.00,4.52,4.90,5.20,5.42,5.60,5.78,5.92,6.01,6.07,6.13,6.14,6.15,6.13,6.16,6.19,6.21,6.18,6.09,5.92,5.74,5.55,5.36,5.19,5.01,4.81,4.56,4.27,3.95,3.62,3.29,2.98,2.69,2.40,2.11,1.81,1.49,1.18,.88,.57,.23,-.18,-.64,-1.13,-1.58,-1.89,-2.08,-2.15,-2.17,-2.09
-2.06,-2.46,-2.80,-3.11,-3.49,-3.97,-4.73,-5.30,-5.33,-5.92,-6.57,-6.48,-5.64,-4.64,-3.99,-3.95,-4.57,-4.31,-2.99,-1.70,-.80,-.25,.31,1.01,1.76,2.54,3.27,3.83,4.26,4.59,4.97,5.42,5.95,6.52,7.04,7.40,7.57,7.63,7.57,7.52,7.47,7.41,7.34,7.26,7.20,7.23,7.32,7.40,7.36,7.17,6.89,6.56,6.25,5.96,5.68,5.37,5.03,4.69,4.35,4.00,3.70,3.41,3.17,2.96,2.78,2.62,2.48,2.35,2.23,2.12,1.95,1.70,1.29,.67,-.10,-.72,-1.07,-1.28,-1.41,-1.51,-1.56,-1.62
-3.32,-3.83,-4.28,-4.74,-5.29,-5.94,-6.42,-6.31,-5.57,-4.39,-3.18,-2.27,-2.00,-1.92,-1.91,-1.55,-.55,.61,1.25,1.09,.28,.05,.89,2.30,3.67,4.46,4.90,5.07,5.04,5.13,5.60,6.40,7.27,8.02,8.66,9.25,9.66,9.84,9.81,9.71,9.62,9.46,9.23,8.88,8.50,8.19,7.89,7.55,7.16,6.75,6.34,5.97,5.61,5.29,5.01,4.79,4.62,4.51,4.41,4.32,4.22,4.12,4.03,3.97,3.94,3.95,3.98,3.96,3.91,3.79,3.64,2.95,1.88,1.00,.51,.26,.12,.05,-.01,-.05,-.09,-.11
-6.57,-7.09,-7.60,-8.14,-8.61,-8.74,-8.44,-7.81,-6.97,-6.10,-5.31,-4.60,-4.02,-3.51,-2.99,-2.57,-2.62,-3.30,-4.57,-5.79,-6.25,-5.23,-3.11,-.18,2.50,4.07,4.58,4.72,5.16,5.86,6.48,6.87,7.16,7.67,8.47,9.41,10.27,10.90,11.28,11.52,11.49,11.11,10.50,9.83,9.17,8.60,8.12,7.76,7.47,7.23,7.03,6.85,6.64,6.44,6.25,6.14,6.07,6.00,5.92,5.88,5.81,5.76,5.66,5.50,5.31,5.06,4.80,4.02,2.95,1.90,.98,.34,.02,-.09,-.13,-.15,-.16,-.17,-.20,-.26,-.34,-.41
-7.89,-8.36,-8.64,-8.77,-8.69,-8.38,-7.87,-7.14,-6.40,-5.67,-5.07,-4.43,-3.48,-2.07,-.63,.72,1.90,2.89,3.25,3.10,2.98,3.15,3.39,2.94,1.92,.90,.00,.00,1.07,2.75,4.51,5.87,6.75,7.62,8.58,9.32,9.73,10.07,10.39,10.63,10.91,11.13,10.89,10.22,9.45,8.73,8.13,7.78,7.66,7.67,7.71,7.65,7.64,7.75,7.91,7.98,7.94,7.73,7.25,6.53,5.67,4.70,3.72,2.83,2.09,1.43,.80,.03,-.90,-1.13,.27,1.63,2.33,2.72,3.08,3.42,3.69,3.86,3.91,3.83,3.64,3.35
-5.53,-5.35,-5.04,-4.78,-4.45,-4.05,-3.54,-2.97,-2.61,-2.55,-2.95,-3.40,-3.34,-2.45,-1.29,-.75,-.51,.52,2.27,4.04,5.01,5.69,6.73,7.85,8.35,7.61,6.07,4.26,3.01,3.25,5.15,7.27,7.78,7.52,7.58,7.79,7.80,7.93,8.11,8.12,8.23,8.52,8.63,8.40,8.05,7.57,7.00,6.54,6.16,5.59,4.76,3.99,3.46,3.01,2.40,1.72,1.12,.50,-.08,-.52,-1.11,-1.84,-2.56,-2.87,-2.13,-.76,.54,1.38,1.73,1.71,1.43,1.11,1.10,1.50,2.10,2.52,2.70,2.81,2.83,2.64,2.27,1.98
1.08,1.77,2.33,2.89,3.24,3.23,2.87,2.71,2.54,2.10,1.69,1.58,1.62,1.63,1.85,2.42,2.90,2.78,2.19,1.56,.99,.36,-.49,-1.32,-1.79,-1.45,.12,2.52,5.06,7.39,9.35,10.08,9.18,7.68,6.65,6.32,6.48,6.81,7.02,7.18,7.38,7.56,7.49,7.22,6.92,6.62,6.27,5.81,5.25,4.79,4.48,3.97,3.24,2.41,1.51,.84,.42,-.30,-1.93,-3.60,-3.05,-1.63,-.77,-.55,-.61,-.48,-.16,-.01,-.14,-.58,-.80,-.86,-.85,-.87,-.83,-.53,-.07,.17,.10,-.08,-.29,-.53
-.18,.12,1.40,3.95,6.53,5.84,4.37,3.61,3.70,4.74,6.00,7.21,7.94,7.71,6.81,5.49,3.90,2.52,1.87,1.27,.12,-.95,-1.46,-1.90,-2.73,-3.53,-2.93,-1.37,.34,1.67,2.91,4.18,4.73,4.51,4.23,4.22,4.26,4.37,4.67,5.04,5.34,5.49,5.40,5.27,5.13,4.98,5.02,5.16,5.15,5.06,4.88,4.54,3.94,3.18,2.27,1.16,-.41,-2.00,-2.55,-2.00,-1.23,-.63,-.40,-.17,.24,.60,.75,.68,.56,.49,.40,.25,.02,-.26,-.58,-.88,-1.21,-1.56,-1.94,-2.38,-2.84,-3.02
3.80,4.60,4.73,5.08,5.79,6.34,5.62,4.07,2.82,2.08,1.50,.71,-.19,-.49,.08,1.26,2.25,2.31,1.72,1.00,-.01,-1.01,-1.51,-1.65,-1.99,-2.28,-1.98,-.92,.05,.57,1.03,1.43,1.57,1.66,1.97,2.44,2.60,2.29,1.71,1.12,1.04,1.56,2.44,3.33,3.68,3.26,3.19,4.12,5.15,5.46,5.29,4.84,4.14,3.52,3.21,2.63,1.06,-.98,-1.56,-.12,1.79,3.38,4.48,4.61,4.23,3.81,3.54,3.23,2.79,2.40,2.07,1.63,1.07,.54,.06,-.51,-1.21,-2.00,-2.77,-3.42,-3.98,-4.38
4.78,4.59,4.18,4.37,4.63,4.40,4.12,4.49,5.55,6.25,5.51,3.40,1.79,1.34,1.47,1.67,2.02,2.15,1.66,.90,.38,.09,.26,.90,1.31,1.36,1.12,.83,.42,-.12,-.22,.01,-.30,-.89,-1.10,-1.26,-1.25,-.74,.00,.52,.45,-.20,-.26,.82,2.38,2.55,.63,-.33,1.10,1.36,.65,.30,.22,-.02,-.68,-.29,2.98,6.66,8.18,7.68,6.77,6.11,5.74,5.73,5.56,4.76,4.33,5.19,5.60,4.31,3.36,3.06,2.68,2.12,1.45,.69,-.24,-1.27,-2.25,-3.04,-3.71,-4.34
5.51,7.50,6.51,5.12,4.77,4.18,3.35,2.47,.73,-1.63,-3.44,-4.69,-5.65,-5.57,-3.77,-1.54,-.15,.63,1.20,.90,-.01,.71,2.40,2.92,2.51,2.36,1.95,1.00,.38,.24,-.28,-1.24,-1.64,-1.17,-.52,-.21,-.09,.09,.18,.19,.14,.24,.97,2.13,3.91,3.85,2.43,2.54,3.35,.98,.19,.30,.67,1.45,2.68,4.20,5.36,5.69,5.46,4.83,3.82,3.22,2.96,3.05,3.51,3.88,3.44,2.60,2.35,2.66,3.07,2.88,2.43,1.89,1.35,.80,.12,-.55,-1.17,-1.68,-2.08,-2.34
4.30,5.35,5.56,5.02,4.64,5.02,4.68,2.77,1.98,1.42,.50,1.14,1.83,.71,.05,.22,.05,.91,1.90,2.62,2.86,2.07,1.36,1.01,.60,.42,.46,1.06,1.11,.26,-.68,-1.45,-1.51,-1.09,-.82,-.81,-.63,-.43,-.52,-.32,.43,1.22,2.13,2.88,2.75,1.13,-.04,.00,-.30,-.09,.72,1.36,1.73,1.81,3.35,4.35,4.26,3.79,2.30,1.25,1.40,1.51,1.77,2.30,2.86,2.79,1.69,.99,1.08,1.37,1.25,.97,.72,.15,-.37,-.61,-.30,.64,1.84,2.32,1.72,.47
4.47,4.86,4.71,4.96,6.17,6.40,4.28,2.43,1.33,1.85,2.48,3.01,3.44,4.20,3.46,2.45,.87,-.75,.47,2.68,3.18,2.91,2.31,1.28,.80,.04,-.80,-1.11,-1.34,-1.57,-1.77,-1.49,-.84,-.39,-.28,-.25,-.43,-.64,-.51,-.16,.52,1.13,1.48,1.44,.36,-.92,-.15,-.63,-.22,.15,1.16,1.78,1.97,2.11,2.00,1.58,1.12,-.24,-1.10,.01,.03,.87,2.46,1.94,1.42,.58,-.85,-1.49,-.99,-.51,-.53,-.87,-1.28,-1.83,-2.18,-1.82,-.98,-.03,1.17,.89,-.51,.75
3.58,3.95,4.55,5.16,4.59,2.26,.31,-.49,-.35,1.49,.66,.56,.81,1.24,1.79,1.52,.90,.77,-.03,.11,.67,.58,-.02,-.36,-.46,-.53,-.30,-.12,-.13,-.05,.05,-.29,-.64,-.72,-.55,-.35,-.25,-.24,-.20,-.01,.28,.62,.85,.58,-.47,-.74,.12,.59,-.34,.64,1.20,1.23,1.26,1.24,1.86,2.29,1.60,-1.38,.49,.27,.46,1.48,1.39,1.18,-.22,-.14,.42,.49,.41,.68,-.03,-.95,-1.37,-1.84,-1.72,-1.31,-.70,-.66,-.28,.03,-.09,-.33
1.26,1.99,2.40,2.02,1.10,-.21,-1.31,-1.68,-.22,-.74,-.78,-.12,.17,.40,.36,.80,.85,.46,-.05,.27,-.05,-.20,-.17,-.50,-.78,-.29,.02,-.11,-.08,-.05,-.17,.01,-.11,-.22,-.30,-.33,-.28,-.30,-.47,-.43,-.18,.23,.40,.25,-.69,-1.40,.10,-1.30,-.04,.37,.72,.97,.97,1.04,1.58,2.22,1.36,.31,-1.48,-.02,.30,1.12,.65,.75,-.41,-1.42,-1.24,-.84,.16,.35,.11,-.42,-.75,-.97,-1.08,-1.14,-1.27,-.63,-1.96,-.91,-.37,-.58
-.19,-.14,-.35,-.68,-1.21,-2.16,-3.12,-4.23,-3.03,-1.00,-.16,.03,-.00,-.01,-.01,-.09,-.17,-.11,-.18,-.28,-.58,-1.33,-1.10,-.75,-.96,-.89,-.89,-1.67,-1.33,-.75,-.81,-.34,-.02,-.19,-.26,-.30,-.39,-.43,-.45,-.63,-.86,-.50,-.07,.24,-.17,-.98,-.09,.02,-1.19,-.01,.98,.91,.73,.89,2.06,2.19,1.03,1.12,-.02,-1.62,-.52,1.44,1.39,-.47,-.09,-.52,-.67,.17,.50,.53,.42,.20,-.31,.80,.72,-.23,-.69,-1.16,-.96,-.54,.11,.33
-1.72,-1.61,-1.46,-1.76,-2.60,-3.36,-4.36,-5.02,-2.31,-.84,-.71,-.27,-.17,-.43,-.28,-.37,-.55,-.79,-.74,-.38,-.27,-.81,-1.41,-1.04,-.89,-.93,-.82,-1.01,-1.21,-1.31,-.95,-.87,-.39,.02,-.32,-.58,-.34,-.32,-.52,-.79,-.93,-1.21,-.95,-.60,-.44,-.67,-1.03,-.07,-.08,1.29,.49,-.06,.42,1.66,2.29,2.03,1.49,.83,.07,.19,-.68,.96,.39,.02,-.74,-.04,-.09,-.84,.52,-.06,-.69,-.80,-.12,.79,.06,-1.18,-2.17,-1.52,-.25,-.66,-2.01,-.22
-2.28,-2.09,-2.66,-3.18,-3.47,-3.72,-4.42,-2.57,-1.07,-.75,-.92,-.80,-.65,-.39,-.38,-.40,-.28,-.83,-.92,-1.20,-1.52,-.88,-.96,-1.12,-.88,-.77,-1.31,-1.22,-.88,-1.47,-1.43,-1.15,-.99,-.73,-.12,.25,.11,-.24,-.53,-.75,-1.26,-1.70,-2.34,-2.82,-2.72,-2.41,-1.71,-1.11,-.24,-.02,.80,1.00,.95,1.79,2.23,1.53,1.05,.65,-.14,.23,-.36,.13,-.14,-.20,-.49,.42,.08,.87,1.21,1.00,-.04,.78,1.64,1.10,.65,-.09,-1.43,-1.25,-.71,-.54,-1.24,-.72
-1.70,-2.11,-2.41,-2.87,-3.37,-4.11,-2.49,-1.33,-.83,-.61,-.54,-1.06,-1.06,-.68,-.84,-1.27,-1.30,-.91,-.96,-1.11,-1.31,-.96,-1.18,-1.63,-1.89,-1.76,-1.54,-1.45,-1.69,-1.69,-1.57,-1.36,-1.26,-1.14,-.74,-.37,.20,.47,.33,.26,.08,-.13,-.33,-.71,-1.16,-1.72,-2.07,-1.56,-1.15,-.80,-.22,.08,-.25,.35,1.09,.95,.83,.11,-.30,.26,-.41,-1.40,-.04,-.24,-.43,.29,.24,.45,.97,.03,.71,.81,1.59,.26,.25,-1.28,-1.55,-1.08,-.33,.07,-.20,.13
-1.73,-1.98,-2.62,-3.15,-2.94,-1.83,-1.27,-.79,-.60,-.62,-.59,-.88,-.72,-.67,-1.11,-1.38,-1.25,-1.39,-1.24,-1.02,-1.07,-1.16,-2.00,-1.85,-1.79,-2.17,-1.35,-1.34,-1.38,-1.60,-2.03,-1.89,-1.77,-2.10,-1.64,-.89,-.55,-.06,.12,.18,.20,.10,-.18,-.61,-.66,-.73,-.77,-.70,-.62,-.53,-.13,.11,.43,.84,.74,.51,.07,.18,.10,.99,.16,-.71,-.29,.28,-.39,-.27,.06,-.29,.65,1.32,.94,1.75,1.26,-.55,-.86,-.29,-.30,-.22,.25,-.91,-.43,-.29
-1.39,-1.92,-2.26,-1.77,-1.17,-.94,-.69,-.11,-.11,-1.11,-1.08,-.63,-.77,-.78,-.94,-.72,-1.01,-1.10,-.93,-.82,-.88,-.95,-1.39,-1.71,-1.72,-1.53,-1.30,-1.36,-1.30,-1.72,-1.75,-2.02,-1.67,-1.78,-2.49,-2.09,-1.59,-.67,-.02,.10,.17,.05,.02,.12,.04,-.03,-.10,-.02,-.03,.02,-.01,.08,.02,.29,.59,-.09,-.13,.26,.51,1.07,.32,-.62,-.83,.58,-.26,-.51,-.13,-.17,-.64,-.29,.25,.58,.21,-.17,-.75,-4.19,-5.83,-4.99,-4.64,-3.83,-6.79,-3.74
-1.51,-1.56,-1.27,-.79,-.44,-.34,-.31,-.06,.17,-.19,-.60,-1.06,-1.07,-.78,-.93,-.83,-.79,-.69,-.56,-.65,-1.08,-1.08,-1.02,-1.48,-1.97,-1.81,-1.38,-1.54,-1.63,-1.38,-1.07,-1.44,-1.77,-1.78,-2.23,-2.32,-1.27,-.74,-.05,.02,.03,.02,.06,.00,.03,.01,.08,.10,.03,-.03,-.08,-.05,-.08,-.28,.03,-.90,-.09,-.76,-.69,-.05,.29,.41,.23,.48,.60,.50,.75,.61,.02,.07,-1.00,-.38,-.67,-5.57,-6.70,-7.31,-9.00,-11.62,-10.50,-6.40,-1.56,-.40
-.94,-.71,-.30,-.10,-.14,-.29,-.37,-.31,-.30,-.11,-.07,-.37,-.51,-.72,-.68,-.51,-.42,-.29,-.53,-.72,-.55,-.53,-.91,-2.10,-2.10,-1.15,-1.15,-.77,-1.14,-1.60,-.53,-.09,-1.12,-1.35,-1.53,-2.58,-2.97,-2.00,-1.89,-.28,.08,.14,.11,.43,.16,-.18,.03,.20,-.22,.24,.44,.63,-.18,-.22,-.26,-.50,-.53,-.59,-1.05,-.24,1.35,1.20,-1.41,-3.24,-3.24,-5.58,-8.90,-9.65,-8.57,-7.78,-4.81,-4.60,-5.87,-8.20,-8.07,-10.05,-3.86,2.17,2.04,-2.42,-.08,.87
-.71,-.32,-.06,-.15,-.22,-.30,-.30,-.36,-.46,-.48,-.41,-.38,-.27,-.10,-.58,-.27,-.18,-.30,-.12,-.21,-.23,-.01,-.69,-.73,-.86,-.83,-.47,-.52,-.71,-.65,-.98,-1.04,-1.24,-1.45,-.51,-1.68,-.20,-.66,-.84,-1.93,-.41,-.26,.40,.31,.00,.69,.53,.43,-.14,.12,-.29,-.35,.47,.54,.00,-.84,-.92,-1.22,-.01,1.36,-4.49,-7.27,-8.07,-9.78,-11.25,-12.36,-13.04,-14.97,-17.56,-18.62,-17.50,-15.64,-14.56,-16.10,-14.00,-6.73,-3.12,.07,-3.44,-1.82,1.14,-.82
-.32,-.11,-.04,-.21,-.25,-.18,-.36,-.57,-.53,-.36,-.48,-.20,-.25,-.51,-.26,-.21,-.06,.16,.11,.02,.14,-.25,.06,.00,-.24,.11,.50,.69,.10,.34,.38,.37,-.88,-1.12,.08,-.50,-2.87,.74,-1.43,.55,.91,-.15,-.24,-.15,.17,.19,.06,-.06,-.96,-.30,-.10,-.84,-.67,-.88,-.00,-.32,-1.18,-.40,-.08,-2.66,-3.08,-4.42,-7.99,-11.19,-12.92,-14.60,-15.53,-16.00,-16.11,-15.26,-12.43,-9.50,-8.66,-7.90,-4.56,-2.03,-1.06,-.98,-3.94,-.37,-.58,-3.08
-.19,-.11,-.17,-.18,-.37,-.54,-.79,-.61,-.14,-.07,-.21,-.30,-.45,-.66,-.21,-.33,-.22,.07,.36,.02,-.22,.28,.41,.27,.38,-.17,.63,.03,.28,-2.82,.65,-.73,-1.95,-1.68,-.11,-.51,-.63,-1.40,-.54,.08,.44,-.08,-.00,-.15,.25,.44,.42,.26,-.69,-.09,-.04,-.09,.08,.20,.69,-.72,-.37,.51,.37,-1.98,-3.46,-4.23,-5.45,-6.46,-7.57,-9.07,-10.92,-11.41,-11.36,-12.02,-12.60,-11.61,-11.16,-9.62,-1.68,-2.11,-2.03,-1.81,-3.13,-2.34,-3.71,-4.76
-.46,-.29,-.42,-.70,-.50,.06,-.12,-.95,.01,-.01,.05,.26,.09,-.24,.01,.15,.32,.07,.53,.36,.20,.20,.26,-.25,.30,-.51,.45,-2.06,.18,-1.20,-1.85,-1.86,-1.38,-1.22,.17,-.48,-1.60,-1.52,-.57,-.76,-.95,-.85,-1.01,-1.31,-1.13,-.52,.00,-.01,-.01,-1.14,-.01,-.22,-.36,-1.48,-3.46,-1.49,.27,.02,-1.26,-2.43,-3.70,-4.96,-5.38,-5.49,-6.11,-7.14,-8.26,-9.26,-11.15,-12.69,-14.13,-10.62,-12.37,-11.40,-3.56,-5.52,-2.23,.72,-2.57,-1.34,-5.07,-5.84
-.35,-.30,-.41,-.54,-.83,-.13,.06,-.74,-.81,-.49,.41,-.10,-.53,.36,1.23,.62,.07,-.45,-.70,-.04,-.02,-.05,.13,.08,-.21,.46,-.62,-1.94,-1.29,-1.44,-1.13,-1.70,-1.12,-.26,-.96,-.05,-2.26,-1.09,-.86,-.15,-.48,-.79,-.47,-.49,.05,.26,.21,.10,-.31,-.88,-1.06,.93,1.10,-2.39,-.66,-3.08,-1.61,-.26,.48,-2.79,-3.80,-4.00,-5.30,-5.11,-5.26,-5.58,-6.06,-7.17,-7.23,-5.28,-.85,-5.87,-5.63,-6.45,-8.77,-5.85,-2.39,-6.43,-14.55,-14.39,-10.48,-7.41
