public/data/weather/current/archive/(temp)current-temp-surface-level-gfs-1.0.json
{"header": {"discipline":0,"disciplineName":"Meteorological products","gribEdition":2,"gribLength":131858,"center":7,"centerName":"US National Weather Service - NCEP(WMC)","subcenter":0,"refTime":"2014-01-31T00:00:00.000Z","significanceOfRT":1,"significanceOfRTName":"Start of forecast","productStatus":0,"productStatusName":"Operational products","productType":1,"productTypeName":"Forecast products","productDefinitionTemplate":0,"productDefinitionTemplateName":"Analysis/forecast at horizontal level/layer at a point in time","parameterCategory":2,"parameterCategoryName":"Momentum","parameterNumber":2,"parameterNumberName":"U-component_of_wind","parameterUnit":"m.s-1","genProcessType":2,"genProcessTypeName":"Forecast","forecastTime":3,"surface1Type":103,"surface1TypeName":"Specified height level above ground","surface1Value":10,"surface2Type":255,"surface2TypeName":"Missing","surface2Value":0,"gridDefinitionTemplate":0,"gridDefinitionTemplateName":"Latitude_Longitude","numberPoints":65160,"shape":6,"shapeName":"Earth spherical with radius of 6,371,229.0 m","gridUnits":"degrees","resolution":48,"winds":"true","scanMode":0,"nx":360,"ny":181,"basicAngle":0,"subDivisions":0,"lo1":0,"la1":90,"lo2":359,"la2":-90,"dx":1,"dy":1}, "data":
[rows 37 to 73 of 181, columns 246 to 327 of 360]
.67,.32,.38,.22,-.00,-.18,-.92,-1.85,-1.18,-2.28,-2.29,-2.82,-2.38,-3.72,-5.42,-5.43,-5.15,-2.91,-3.12,-3.39,-3.08,-2.83,-2.72,-2.57,-2.29,-2.22,-2.28,-2.27,-2.03,-1.93,-1.12,-1.10,-1.83,-.62,-.74,-.79,-.20,-.47,-1.10,3.02,4.07,3.59,2.73,2.62,2.33,2.33,1.68,1.10,.91,.81,.03,-1.22,-.87,-.10,.75,-1.39,.35,.55,.11,.02,-.01,.00,.26,.76,1.16,1.51,1.93,1.40,1.54,1.24,.46,-.49,-1.23,-1.54,-2.26,-2.75,-3.09,-3.45,-3.49,-3.18,-2.40,-1.54
.28,.05,.05,.01,.01,-.26,-.79,-.95,-1.80,-2.43,-2.70,-2.73,-3.28,-2.11,-2.40,-2.40,-3.58,-3.40,-1.68,-1.74,-1.76,-1.66,-1.59,-1.52,-1.55,-1.54,-1.68,-1.87,-1.69,-1.50,-1.18,-1.29,-2.32,-2.84,-2.16,-1.86,-1.25,-2.11,-1.13,1.89,1.74,2.16,2.09,1.93,1.10,1.08,1.23,1.41,1.15,.00,-.94,-1.60,-.61,.26,.16,-.71,-.58,.50,.53,.32,.14,.01,.05,.40,1.11,1.74,2.33,2.47,1.47,.90,.36,-.37,-1.35,-1.87,-2.15,-2.71,-3.28,-3.51,-3.02,-2.31,-2.11,-1.09
.59,.31,-.02,-.00,.05,.14,.28,-.30,-1.02,-1.71,-1.83,-1.52,-1.66,-3.37,-2.41,-1.51,-1.52,-1.98,-.98,-.64,-.89,-.74,-.80,-.94,-1.08,-1.14,-1.22,-1.40,-1.40,-1.39,-1.43,-1.68,-2.15,-3.09,-3.76,-3.58,-2.32,-3.01,.26,-.23,.37,.90,1.22,1.25,.74,.92,.49,-.16,.42,.14,-.17,-1.21,-1.34,-2.10,-1.56,-2.98,-4.56,.19,.02,-.21,-.00,-.00,.09,.25,.53,.98,1.08,.96,.65,.37,.36,-.22,-1.06,-1.61,-1.59,-1.90,-2.66,-3.35,-3.44,-3.01,-3.27,-3.32
.82,1.23,.62,.61,.62,.03,.14,.00,-.44,-1.05,-.76,-1.95,-1.76,-1.34,-1.91,-2.63,-1.94,-1.54,-.88,-.54,-.52,-.45,-.46,-.56,-.58,-.38,.05,-.54,-.68,-.97,-1.61,-1.66,-1.79,-2.16,-1.90,-2.19,-4.19,-1.26,-1.46,-.84,-.32,.14,.63,.05,-.66,-.42,-.86,.18,-3.40,-5.13,-3.81,-2.94,-2.99,-3.58,-3.99,-5.27,.94,.01,.27,.24,.11,-.01,.13,.46,.91,1.54,1.98,1.09,.54,.19,-.15,-.10,-.51,-1.23,-1.67,-1.74,-1.72,-1.75,-2.10,-2.61,-3.32,-3.56
.89,1.07,.53,-.01,-1.88,-1.67,-.36,.20,.27,-.09,-1.29,-2.21,-2.03,-1.51,-1.89,-1.67,-1.91,-1.37,-1.30,-.85,-.39,-.40,-.44,-.44,-.26,-.03,.03,.43,-.05,-.02,-.03,-.50,-.02,.03,-3.47,-.16,.06,.29,.11,.06,.33,.07,.48,.02,-1.71,-.89,-.04,-.13,-.73,.52,2.64,.36,-.76,-.80,-1.27,-.08,.88,.63,.72,.94,.63,.36,.11,-.07,.01,.57,1.70,1.48,.55,.08,-.31,-.65,-.81,-1.07,-1.72,-2.42,-2.63,-2.69,-2.91,-3.07,-3.78,-4.18
.02,1.03,-.28,-.27,-1.61,-.89,-.28,-.12,.10,.31,.25,-.67,-1.08,-1.37,-1.76,-1.99,-2.23,-1.49,-1.66,-1.69,-.91,-.76,-.76,-.37,.27,.53,1.70,2.96,2.63,.56,-.36,.09,-2.72,-.41,.16,.93,1.22,.83,.58,.83,.14,.50,.68,-1.35,-.26,.71,-.35,-1.46,-1.97,-1.81,-.11,-.82,-1.18,-.43,-.27,1.98,-.37,-.17,-.17,-.05,.10,-.21,-.54,-.84,-.78,-.17,1.10,3.18,2.32,1.63,1.07,.51,-.36,-1.14,-1.47,-1.86,-2.50,-2.73,-3.20,-3.82,-4.64,-5.75
-.62,-1.12,.15,.34,-.08,-.03,-.24,-.51,-.35,-.01,.77,.70,-.36,-.52,-.61,-1.26,-1.46,-1.47,-1.49,-1.13,-1.05,-.87,-.72,-1.06,-.47,.00,-.82,1.33,3.03,1.62,-.52,-1.56,.84,.84,1.93,1.91,1.11,1.42,.35,-.49,-.57,-.88,-2.54,-3.70,-1.67,-2.31,-1.23,-1.51,-.68,-.02,-.50,-.78,-.20,1.49,.34,2.16,-.29,-1.70,-2.14,-2.44,-2.53,-1.96,-2.33,-2.60,-2.51,-1.91,-.30,2.23,3.74,2.70,2.01,1.61,.96,.21,-1.04,-1.88,-2.38,-2.78,-3.05,-3.93,-4.70,-5.43
-.67,-.27,-.25,-.51,-.33,.31,.33,-.75,-.94,-.41,.62,1.21,.28,-.17,.20,-.63,-.68,-1.16,-.96,-1.18,-.75,-.72,-.94,-1.56,-2.10,-1.48,-.93,-1.94,-2.97,-2.26,-4.53,-1.80,.60,2.54,3.38,2.31,1.10,.58,-.32,-1.47,-2.94,-1.76,-1.70,-2.96,-3.07,-1.16,1.03,-.58,-.84,-.64,.38,1.11,1.54,-.27,2.00,1.34,-.05,-2.20,-4.10,-5.53,-6.44,-6.06,-5.39,-4.81,-4.10,-3.17,-1.69,.32,2.51,3.97,3.76,3.21,2.21,.55,-.65,-1.44,-1.83,-2.40,-2.84,-3.60,-4.44,-5.28
-.68,-.30,-.49,.02,-.51,-.88,.00,-1.03,-.16,-.06,.16,2.00,2.37,.13,-.52,-.41,-.11,-.93,-.68,-.97,-.84,-.95,-.86,-.60,-.69,-1.20,-1.30,-.57,-2.26,-4.49,-1.40,1.13,1.68,3.34,2.36,.79,.72,1.29,1.56,-.04,-2.23,-.87,-1.06,-2.11,-.72,-.80,-.12,2.87,4.99,2.17,.21,.29,.75,2.06,1.76,.66,-2.41,-4.73,-7.68,-9.27,-9.35,-8.45,-7.38,-6.34,-5.07,-3.47,-1.59,.40,2.08,3.66,4.62,4.00,2.67,1.20,.04,-.73,-1.26,-1.92,-2.41,-3.34,-4.34,-5.33
.13,-1.72,.05,-1.18,.21,.03,.28,-1.95,.01,.83,-.91,-.40,3.50,1.82,-.34,-.75,-.48,-.85,-.88,-1.22,-1.59,-1.83,-1.59,-1.45,-1.12,-1.59,-2.01,-3.24,-4.47,-3.43,-.28,1.56,2.59,2.14,4.05,3.85,1.63,5.61,4.77,2.30,.07,2.63,1.82,2.45,3.97,6.26,5.69,5.49,1.94,1.07,1.73,.64,.78,.48,-.28,-1.07,-3.34,-5.64,-9.21,-13.62,-13.66,-11.75,-10.70,-9.22,-7.17,-4.83,-2.62,-.76,.63,1.63,2.65,3.51,3.38,2.68,1.93,1.00,.39,-.42,-1.74,-3.21,-4.74,-6.14
-4.02,.62,1.00,-.26,-.32,-.01,-1.94,.43,-.28,-.32,.03,-.14,1.94,2.60,.79,.02,-.63,-1.04,-1.47,-1.19,-1.19,-1.72,-1.98,-1.62,-.70,-.35,-1.42,-4.48,-1.42,-.23,2.27,2.71,2.64,2.20,2.73,4.10,3.02,7.01,5.76,.02,-.23,2.29,3.42,3.18,8.11,6.57,4.99,4.02,3.12,2.97,1.44,.11,.04,-.11,-.18,-.72,-2.75,-4.28,-6.57,-11.13,-12.78,-12.48,-11.73,-11.63,-10.42,-8.21,-6.11,-4.29,-2.61,-.73,1.37,3.60,4.98,5.09,4.64,3.63,2.06,.31,-1.40,-3.36,-5.33,-6.41
.11,.14,-.33,-.65,.23,.73,.22,-.91,-.31,1.11,.16,.02,.73,2.24,1.05,.32,.06,.37,.48,-.36,-.10,-.79,-1.34,-1.73,-.55,-.49,-2.30,-.70,.66,2.04,2.99,3.18,1.34,.59,2.80,3.26,1.90,4.49,4.05,1.30,4.09,3.54,3.53,2.37,5.28,5.53,3.56,2.61,1.90,1.29,.20,-.23,-.14,.23,.31,.26,-.22,-.12,1.86,2.88,2.77,1.40,-.92,-4.74,-6.57,-8.12,-8.77,-7.58,-5.51,-2.43,1.46,4.22,6.33,7.13,6.36,4.67,2.78,.58,-1.64,-2.85,-2.33,-3.66
.20,1.03,.00,-.14,.28,1.14,.64,-1.46,-2.81,1.14,-.75,.92,.31,.77,1.51,1.10,1.31,2.12,2.59,1.21,1.30,1.55,.70,-.52,-.86,-2.54,-1.17,.78,1.17,.92,1.20,2.51,2.54,1.88,1.22,.38,-.49,.69,1.52,1.50,1.29,4.06,6.00,5.97,5.26,4.33,2.18,1.19,.61,-.16,-.28,-.20,-.18,-.15,-.21,-.33,-.44,-1.43,-.97,-1.30,-1.27,-.89,-1.97,-3.67,1.34,-.82,-4.31,-4.90,-4.01,-2.77,-1.04,1.82,4.27,6.23,6.18,4.44,2.27,1.69,2.66,-.24,-3.59,-1.43
1.23,-.08,-.00,.19,-.52,.01,.16,-1.38,-4.76,1.44,.50,-.05,.01,.29,.77,1.05,1.24,1.35,1.22,.79,.56,.59,.83,-.02,-2.48,-.88,.18,1.01,1.36,1.29,1.48,1.80,2.35,2.55,2.16,-.08,.80,2.41,2.32,1.74,3.89,4.81,3.43,3.13,2.96,2.21,.71,.12,-.36,-.50,-.13,-.02,-.19,-.55,-1.03,-2.37,-5.11,-9.46,-4.87,-3.73,-2.52,-2.18,-1.32,-.98,-.43,.31,1.40,4.89,2.76,-1.53,-1.52,-.67,.10,1.96,4.94,8.10,7.31,.51,-.60,.22,-1.45,-2.18
-.96,-.54,-.93,-.08,.36,.25,-.26,-.06,-.65,-.08,-2.21,-1.14,1.13,-.00,.80,1.49,1.71,1.71,1.62,1.81,1.49,.32,-1.30,-1.83,.28,1.20,1.22,1.01,.31,-.21,.16,.47,.58,.94,1.68,3.51,2.35,2.42,1.56,1.33,2.36,2.58,1.43,1.04,1.18,.58,-.12,-.69,-.44,-.01,.39,.07,-.29,-.88,-1.69,-3.72,-7.63,-11.50,-7.02,-3.61,-1.75,-1.50,-1.01,-.91,-.16,.58,1.65,2.74,2.83,5.41,2.64,.66,2.82,3.96,-1.36,-.18,5.28,3.34,1.26,.51,-.57,-1.67
.23,1.33,-2.66,.25,.16,.98,.34,-1.00,.52,-3.94,-.01,2.72,.34,.22,1.29,1.69,2.31,2.29,1.07,-.71,-.71,-1.09,-1.08,.49,1.85,1.83,1.16,.49,.39,.76,.05,-.52,.46,1.02,.42,1.99,1.52,1.09,.15,-.07,-.25,.71,-.70,-.14,.64,.32,-.08,-.29,-.27,-.14,-.07,-.16,-.32,-.60,-1.54,-3.52,-7.83,-9.59,-5.91,-3.00,-2.15,-1.85,-1.89,-1.59,-1.08,-.80,-.21,.52,2.67,4.71,3.30,.78,-2.12,-1.10,-.51,.49,2.46,3.45,3.24,1.37,-.72,-2.23
.39,3.10,4.56,5.76,3.82,.77,-.28,-1.43,-.46,1.46,2.48,3.35,1.11,-.17,.46,.63,.46,-.23,.21,-.04,-.16,-.19,.43,1.19,2.14,1.57,1.08,1.57,1.74,-.11,.12,1.60,.53,.50,.64,1.38,.85,-.10,.26,.32,-.20,-.95,-2.31,-.18,.22,.05,.03,.01,-.08,-.10,.48,.30,.16,-.10,-.42,-1.91,-5.97,-5.86,-4.46,-2.60,-1.55,-.98,-.83,-.95,-1.35,-2.58,-4.42,-5.09,-3.17,-1.38,-1.49,-2.15,-1.96,2.35,6.42,3.10,1.48,1.41,2.76,.84,-1.34,-2.85
3.30,2.81,2.83,5.35,2.70,1.54,2.10,.77,-2.01,.79,.20,-.16,.92,-.05,-.11,.21,-.11,.17,.74,.84,.40,.26,.32,1.89,1.96,1.51,1.89,2.29,1.25,.83,.02,-.02,-1.55,-.24,.30,.12,-.07,-.10,.64,.07,-1.51,-3.19,-.52,.83,.58,.01,-.12,.42,1.04,.61,.11,.80,1.35,1.73,-.82,-6.44,-5.38,-3.61,-2.89,-2.54,-1.48,-.14,.79,.97,1.17,.72,-.64,-1.78,-2.65,-2.56,-3.01,-3.36,-2.75,-1.89,-2.40,-3.09,-1.72,-1.63,-1.88,-1.48,-2.19,-3.39
3.74,2.91,2.18,2.41,.54,-.18,-.09,2.56,-2.17,-.08,2.66,1.99,2.20,.15,.22,.24,.50,1.25,1.63,.80,-.22,-.33,1.13,1.85,1.55,1.44,1.63,2.40,.50,1.11,-.06,-.81,.27,-.60,-.92,-.76,-.42,.87,3.30,2.03,-.19,1.39,2.23,2.45,.20,-.28,.33,.31,.06,.47,2.11,1.45,-.07,-.50,-4.51,-6.08,-4.06,-1.89,.27,1.00,.85,.75,.94,.98,.96,.43,-.81,-1.85,-2.73,-3.28,-3.56,-3.21,-2.56,-2.40,-2.55,-2.13,-2.50,-2.49,-3.35,-3.24,-1.83,-1.65
4.15,.63,.83,.11,1.79,1.26,-.55,1.75,3.81,-.32,3.51,2.36,3.10,.11,.51,.54,2.52,2.46,2.18,1.21,.59,.98,1.56,1.59,.92,1.08,.88,.45,-.79,-.29,-2.80,-1.12,-.81,-1.24,-.57,.31,2.75,4.53,3.93,2.50,1.11,3.13,3.15,3.88,-.02,-.61,-.49,-.13,.72,.90,.15,1.75,2.58,1.36,-.34,.03,.06,.90,1.10,1.14,1.40,1.11,1.38,1.08,.63,.05,-.72,-1.85,-2.78,-3.26,-2.99,-2.38,-2.56,-1.89,-1.15,-2.01,-1.67,.27,.04,-1.76,-2.37,-2.05
1.78,3.58,.86,1.84,-2.87,.31,.02,-.32,.05,-1.61,2.16,-.59,1.12,-.28,2.09,3.46,3.87,4.08,2.81,1.33,1.08,1.29,1.20,1.00,.81,.96,.29,.27,-.57,-1.03,-2.93,-2.76,-1.77,-.70,.93,3.64,4.52,1.32,-.04,-.62,3.98,3.53,1.84,1.09,-.66,-.59,-.09,-.01,2.18,5.00,4.99,3.70,2.69,1.68,.49,.47,.41,1.22,1.07,1.45,1.41,1.23,.94,.66,.54,.56,.04,-.95,-1.86,-2.30,-1.66,-1.46,-1.53,-1.56,-1.88,-.06,2.46,1.51,.51,.55,.08,-.21
2.15,3.77,3.63,3.89,.15,-.34,.47,.63,-2.61,-.70,.07,.07,-.08,2.45,2.70,3.03,3.72,3.08,1.96,1.21,1.07,.89,.82,.86,1.17,.80,.32,-.12,-.51,-1.22,-2.36,-2.34,-1.78,1.33,4.74,6.11,1.23,.19,.41,2.51,1.90,1.98,1.53,.73,-.10,-.04,2.27,4.47,5.13,5.29,4.60,3.48,2.18,.96,.14,.05,.36,1.27,1.37,1.17,1.01,.79,.70,.62,.66,.55,.21,-.32,-.62,.06,.31,-.09,-.33,-.36,.78,1.80,.89,.29,-.10,-.27,-.22,-.06
3.95,5.82,2.31,1.55,1.02,.70,-2.48,-1.45,-2.16,.79,1.57,1.40,1.79,3.21,3.37,2.08,2.24,1.95,1.32,.79,.80,.99,.92,.93,.57,.15,-.00,.03,-.02,-.81,-1.44,-1.12,.05,5.45,6.11,3.24,.28,1.47,6.40,3.54,1.87,1.06,1.39,2.90,3.73,3.81,3.96,4.68,4.85,4.57,3.48,1.75,.76,-.15,-.28,-.06,.01,.61,.65,.71,.54,.39,.46,.51,.45,.39,.35,.45,.58,.48,.14,-.25,.08,-.04,1.06,.29,-.29,-.93,-1.42,-1.39,-1.29,-1.32
5.22,3.97,2.54,1.18,.22,.92,2.83,-.44,-2.82,.72,-1.14,-1.83,-.21,2.63,2.51,2.43,2.03,1.73,1.39,1.27,1.39,1.40,1.15,.61,.33,.06,.04,.08,-.12,.11,.19,.51,2.17,5.65,4.33,.31,3.27,6.88,2.80,.32,-.31,1.41,2.72,3.16,3.52,4.00,4.37,4.33,4.21,3.23,2.07,.94,.05,-1.15,-.66,-.47,-1.09,-.44,.07,.19,.23,.35,.26,.07,.03,-.37,-1.32,-1.11,-1.00,-1.01,-.83,.27,1.77,-.69,-.76,-.49,.08,.05,-.14,-1.89,-2.79,-2.52
.61,2.57,2.48,.83,.87,1.21,-.36,.11,-2.34,-.17,-1.23,2.59,.52,.92,1.12,2.05,2.14,1.82,2.67,4.37,3.41,2.56,2.11,.96,.14,.02,.03,-.01,.02,.85,1.48,1.10,1.70,3.46,3.19,.19,2.58,.52,.63,-.67,1.22,2.75,3.03,2.88,2.81,3.20,3.55,3.42,2.67,2.26,.89,.51,-.65,-1.22,-.87,-1.31,-2.16,-.57,-.19,.00,.32,.15,-.50,-.90,-.34,.17,.11,-.08,-.13,-.12,.11,.83,.24,-.04,.00,-.05,-.37,-1.09,-.99,-.05,.26,.02
.58,-.67,2.11,1.12,.66,.55,-.30,-.19,-2.75,1.11,-.38,.55,-2.13,.56,2.07,2.09,1.75,3.39,3.72,2.52,1.18,1.32,.98,.08,-.38,-.27,-.09,-.01,.54,1.45,1.96,.90,1.55,1.94,.83,-.00,1.60,3.21,-.33,2.43,2.14,2.02,2.44,2.24,3.35,3.96,2.67,1.66,1.62,1.07,.87,.20,-.82,-1.35,-1.01,-1.74,-1.26,-.26,-.20,.11,.31,-.32,-1.00,-1.96,-.77,-.08,.02,.11,-.15,-.21,.14,-.39,-1.90,-1.62,-1.38,-1.33,-1.18,-.77,-.07,1.04,1.81,1.98
-.08,-.56,.97,7.12,2.13,.18,.26,.55,-1.42,-1.58,-2.71,-2.23,-1.67,.67,1.19,1.61,1.57,3.13,2.48,1.64,.43,.47,.29,-.43,-.78,-.42,-.29,-.05,.37,1.35,1.36,.52,-.10,.89,1.72,2.22,1.33,-.74,1.70,1.82,1.77,1.94,3.12,4.08,3.86,1.98,1.62,2.09,2.03,2.45,1.75,-.58,-1.10,-1.01,-.17,-.72,-.01,-.18,-.05,.11,-.12,-.17,-.63,-1.88,-2.63,-2.43,-1.93,-1.16,-.52,-.85,-.88,-2.02,-2.59,-2.35,-2.27,-1.87,-1.30,-.81,-.66,-.20,.58,1.11
.58,-1.63,-1.70,4.46,3.63,-.14,-.25,-1.02,-1.37,-1.01,-2.37,-1.84,-1.79,-.26,.57,1.57,1.60,1.48,2.07,1.15,.35,.01,-.51,-.92,.17,1.39,-.46,-1.00,-.27,1.48,2.73,2.30,2.33,1.61,2.66,-.78,-.69,-.99,.84,1.70,2.40,4.25,5.18,3.77,2.05,1.54,2.04,1.94,1.89,1.69,-.25,-.79,-.93,-.39,.40,.10,-.27,-.15,-.00,-.11,-.01,-.17,-1.09,-1.80,-2.07,-2.30,-2.38,-1.86,-1.92,-2.22,-2.51,-3.04,-2.69,-2.42,-2.40,-2.23,-1.87,-1.74,-1.56,-1.18,-.93,-.26
-.07,-.43,-1.02,-.01,2.75,.15,-.76,-.93,-.48,-.62,-.99,-.08,.66,.83,-.39,1.87,1.72,1.05,1.42,.72,.09,-.59,-.81,.34,3.08,1.05,-.43,.17,1.73,4.58,5.80,3.73,2.03,2.58,-2.01,-1.19,.10,1.99,2.44,2.31,3.41,4.89,5.10,3.77,2.59,1.74,1.82,1.42,.36,.13,-.34,-.80,.07,.54,.16,.02,.01,-.06,-.08,.50,.38,-.31,-1.87,-2.37,-2.38,-2.19,-2.30,-2.40,-3.49,-4.41,-4.45,-4.15,-3.40,-3.27,-3.14,-2.95,-2.90,-2.95,-2.81,-2.31,-2.05,-1.79
.05,.20,.47,.35,.14,-.05,.04,-.18,-.97,-.81,2.26,.32,.92,.54,-1.92,.60,.99,.48,.34,.32,-.30,-.08,.72,1.93,1.64,.45,.64,3.60,6.28,6.23,2.81,.81,-1.12,-1.52,-1.06,-.37,.16,2.26,2.09,2.14,2.86,3.18,3.42,2.50,1.51,1.24,2.18,-.74,-.88,.41,.55,-.91,.10,-.00,.06,-.12,-.52,-.91,.03,.83,.10,-1.49,-2.08,-2.82,-3.38,-3.42,-3.35,-3.83,-4.51,-4.84,-4.83,-4.26,-4.22,-4.51,-4.72,-4.94,-4.97,-4.25,-3.58,-3.18,-3.23,-2.88
.15,.93,1.24,1.01,.67,.03,-.28,.08,.64,.01,.18,.22,.47,-1.65,-.61,-.31,.42,-.58,-.73,-.14,-.51,.73,1.87,2.16,2.18,3.53,6.48,7.51,6.51,.90,-1.55,-.60,-.66,-1.05,-.97,.01,1.46,3.24,3.56,2.52,1.84,2.32,2.26,1.14,1.11,1.08,.42,.11,.09,.07,.24,-.04,-.11,-.32,.19,-.05,-.06,.10,.10,.18,-1.10,-2.62,-2.95,-3.96,-4.48,-4.12,-4.29,-4.34,-3.84,-5.06,-5.22,-4.34,-4.92,-5.53,-4.88,-4.76,-5.92,-5.13,-4.65,-3.75,-3.55,-3.65
-.38,.44,.81,.56,-.23,-1.25,-1.53,-.53,1.31,-.16,-.22,-.30,.08,-2.66,-1.88,-.43,.08,-1.07,-1.74,-.61,1.07,1.06,3.06,4.76,7.02,9.11,5.50,.84,-1.72,1.82,.08,.08,1.25,.75,-.62,-.59,-.17,1.11,1.95,1.06,1.34,1.47,.62,.89,1.81,1.11,.55,.29,.17,-.95,-.50,-.02,.03,.32,.32,.04,1.09,1.14,.12,-.81,-1.92,-3.37,-3.74,-4.07,-4.22,-4.94,-5.46,-5.98,-5.60,-4.84,-4.55,-4.52,-5.26,-5.23,-3.64,-4.54,-5.18,-4.28,-3.87,-3.72,-3.68,-3.27
-1.92,-1.20,-.96,-1.08,-1.50,-2.25,-3.15,-1.99,.17,.02,.25,-1.10,-1.58,-2.12,-1.23,-.64,.33,-2.69,-2.76,-4.67,-.26,4.71,4.28,7.39,4.51,1.07,.05,.61,1.06,1.52,1.21,.59,-.53,.57,.64,-.97,-.36,-.67,-.80,-.10,.49,.12,.23,2.37,1.90,1.13,.17,-.60,-1.24,-1.40,.27,.54,.74,1.05,.67,.29,.34,-.19,-.55,-1.93,-1.75,-2.38,-3.97,-5.45,-5.91,-5.50,-6.22,-6.76,-6.99,-6.43,-5.49,-5.32,-5.74,-6.05,-5.82,-5.54,-4.37,-3.57,-3.18,-3.01,-3.22,-3.45
-3.10,-2.45,-2.26,-1.87,-1.63,.01,1.13,.93,2.19,-.40,-.20,-.11,-.55,-.24,-.41,.32,-.63,-.53,-3.63,-2.51,-1.21,4.64,4.21,6.77,.58,.09,-.20,3.65,2.00,2.25,1.40,-.24,-.84,-.88,-1.57,-2.01,-.83,-.86,.30,.94,-.16,-.18,.47,1.47,.78,.35,-1.45,-1.93,-1.74,-.34,.64,.98,1.25,1.02,.50,.06,-.29,-.61,-1.04,-2.90,-2.51,-3.37,-4.61,-5.81,-6.04,-5.83,-7.21,-7.79,-7.25,-6.53,-5.58,-5.49,-6.01,-5.67,-5.34,-5.63,-5.06,-4.13,-4.03,-4.86,-4.51,-4.20
-.73,-1.21,-.87,.52,2.23,2.37,2.91,1.74,-.33,-.30,-.52,-.69,-.21,.05,-.30,-.03,.45,-1.31,-.27,-1.82,.17,3.27,4.47,1.12,.45,.05,.30,2.24,.96,.13,1.03,-.12,-1.08,-1.16,-1.67,-1.94,-2.88,-2.87,-1.95,-2.72,-.94,-1.51,.14,.31,-.64,-.75,-2.41,-2.49,-1.45,.33,.37,.22,.33,-.44,-.36,-.64,-.45,-.79,-1.60,-2.63,-3.64,-5.05,-5.42,-6.08,-6.39,-6.71,-7.91,-7.44,-6.70,-6.67,-5.68,-6.60,-5.93,-5.49,-5.13,-4.54,-4.08,-4.65,-4.83,-3.67,-2.87,-1.97
.23,.30,.61,1.11,1.98,2.11,2.36,1.66,-.01,.23,.03,.02,-.31,-.16,.22,.34,-2.54,-2.63,.16,-.56,-.06,-.20,-.02,.13,.02,-.02,-.05,.07,.21,.45,-.04,-.92,-1.46,-.36,-.98,-.95,-.14,-.93,-1.24,-.51,-.13,-.96,-.29,-1.30,1.40,.03,-.54,.07,.27,.47,.02,.15,-.42,-1.25,-1.33,-1.05,-.63,-1.78,-2.99,-3.56,-4.60,-5.35,-6.95,-7.03,-6.92,-7.65,-8.57,-7.48,-7.04,-7.05,-6.98,-6.50,-5.48,-5.27,-5.04,-4.85,-4.39,-3.50,-3.26,-3.43,-3.14,-3.15
.20,.47,.46,.56,.73,.88,1.23,1.06,-.62,.01,.37,.63,-.20,-.80,.36,.03,-.00,-.71,.41,.14,.22,.43,-.08,-.00,.40,-.10,-.20,1.07,1.80,.61,-.62,-1.29,-1.45,-1.18,-2.38,-4.35,-4.46,-4.36,-1.81,-2.55,-2.17,-3.33,-4.44,-3.04,-2.47,-2.37,-2.61,-1.58,-.96,-.08,.14,.55,-.36,-1.20,-1.54,-1.71,-.99,-1.17,-2.70,-3.88,-4.62,-5.31,-6.36,-6.61,-6.62,-7.42,-7.76,-7.00,-6.52,-6.45,-7.05,-6.65,-5.54,-4.93,-4.87,-5.01,-4.95,-4.36,-3.62,-3.94,-3.90,-3.11
