public/data/weather/current/archive/current-wind_difference-surface-level-gfs-1.0.json
{"header": {"discipline":0,"disciplineName":"Meteorological products","gribEdition":2,"gribLength":131858,"center":7,"centerName":"US National Weather Service - NCEP(WMC)","subcenter":0,"refTime":"2014-01-31T00:00:00.000Z","significanceOfRT":1,"significanceOfRTName":"Start of forecast","productStatus":0,"productStatusName":"Operational products","productType":1,"productTypeName":"Forecast products","productDefinitionTemplate":0,"productDefinitionTemplateName":"Analysis/forecast at horizontal level/layer at a point in time","parameterCategory":2,"parameterCategoryName":"Momentum","parameterNumber":2,"parameterNumberName":"U-component_of_wind","parameterUnit":"m.s-1","genProcessType":2,"genProcessTypeName":"Forecast","forecastTime":3,"surface1Type":103,"surface1TypeName":"Specified height level above ground","surface1Value":10,"surface2Type":255,"surface2TypeName":"Missing","surface2Value":0,"gridDefinitionTemplate":0,"gridDefinitionTemplateName":"Latitude_Longitude","numberPoints":65160,"shape":6,"shapeName":"Earth spherical with radius of 6,371,229.0 m","gridUnits":"degrees","resolution":48,"winds":"true","scanMode":0,"nx":360,"ny":181,"basicAngle":0,"subDivisions":0,"lo1":0,"la1":90,"lo2":359,"la2":-90,"dx":1,"dy":1}, "data":
[rows 111 to 147 of 181, columns 166 to 248 of 360]
8.02,8.84,8.62,7.62,6.57,5.87,5.01,4.31,3.96,4.04,3.93,3.55,3.13,2.30,1.05,.31,-.30,-.51,-.88,-1.40,-1.98,-2.24,-1.58,-.66,-.04,-.18,1.32,2.74,2.69,2.87,2.75,3.02,3.76,4.13,4.72,4.63,6.54,-.78,-5.58,-4.40,-4.11,-3.45,-2.09,-.55,.76,1.72,3.03,4.00,4.73,5.40,6.32,6.56,7.84,9.42,10.56,11.57,12.12,12.20,11.47,10.52,9.65,8.92,8.83,9.23,10.39,8.66,-.88,-5.79,-6.02,-6.24,-5.30,-4.57,-3.85,-3.07,-2.45,-1.32,-.48,.02,1.30,3.08,3.00,3.65,5.25
5.22,7.90,9.04,8.57,8.40,8.37,8.10,6.65,4.11,1.43,.07,.45,.50,.17,-.23,-1.01,-1.69,-2.30,-2.57,-2.94,-3.47,-3.51,-3.16,-2.27,-1.77,-1.66,-.65,1.40,1.28,.93,.84,1.18,1.84,2.56,3.06,3.32,3.94,6.52,-2.37,-5.90,-5.99,-5.56,-5.25,-3.19,-1.43,.18,1.80,2.95,3.78,4.58,5.71,6.71,7.60,8.38,8.29,8.79,9.10,9.42,10.06,10.66,10.60,9.44,9.37,9.86,9.97,10.15,10.17,3.71,-5.27,-7.49,-7.49,-6.70,-5.92,-4.87,-4.20,-3.00,-2.38,-1.70,-.65,1.31,.88,2.33,3.33
8.21,7.71,7.72,7.59,7.50,7.55,7.72,7.42,6.92,6.44,4.73,.74,-2.78,-3.82,-3.51,-2.80,-3.27,-3.79,-4.00,-4.48,-5.38,-5.70,-4.96,-3.80,-2.83,-2.55,-2.14,-.84,.22,1.70,1.41,.60,.03,.22,.97,1.80,2.08,3.07,5.22,-3.61,-7.48,-7.91,-6.76,-5.13,-3.07,-.92,.38,1.66,2.49,3.80,4.98,6.01,7.01,7.81,8.12,8.37,8.40,8.48,8.64,8.58,8.40,8.56,8.85,9.14,9.26,9.20,8.83,9.73,8.75,-3.06,-8.14,-7.92,-7.17,-6.61,-5.49,-4.29,-3.87,-3.66,-3.48,-1.63,-1.32,-.32,.95
6.58,6.19,6.92,8.04,9.24,10.19,10.72,10.68,10.18,9.11,8.15,7.97,6.58,2.73,-2.23,-6.04,-6.40,-5.84,-6.29,-6.27,-6.73,-6.98,-6.28,-5.49,-4.73,-3.79,-3.13,-2.25,-1.43,-2.47,-.15,.90,-.50,-1.10,-1.24,-.89,.00,.39,1.38,4.29,-5.42,-9.20,-7.98,-5.82,-4.63,-2.70,-1.79,-.12,.99,2.37,3.35,4.47,5.95,6.76,6.81,6.78,6.74,6.85,7.41,8.07,8.13,7.96,7.80,7.79,8.05,8.18,8.32,8.16,9.19,9.34,-3.67,-9.43,-8.63,-7.68,-6.90,-6.21,-5.65,-5.07,-3.91,-2.65,-2.83,-1.71,-1.07
9.28,10.22,11.03,11.01,10.81,10.56,10.20,9.60,8.94,9.06,8.46,7.94,7.34,6.42,5.99,4.11,-2.45,-8.89,-9.21,-8.94,-8.72,-8.40,-7.96,-6.95,-6.28,-5.60,-5.05,-3.73,-2.65,-1.47,-3.01,-2.31,-.60,-1.50,-1.87,-1.64,-1.99,-1.55,-.97,-.07,1.64,-8.43,-9.37,-7.67,-7.62,-5.73,-4.37,-2.23,-.44,.80,1.49,2.60,4.24,5.48,5.98,5.35,5.09,5.11,5.35,5.69,6.19,6.49,6.79,6.96,7.15,7.56,7.90,8.12,7.95,8.64,8.70,-4.55,-9.82,-8.82,-8.14,-7.72,-7.37,-6.98,-5.73,-4.97,-4.81,-3.99,-3.26
9.87,10.18,10.22,10.02,9.79,9.57,9.49,9.02,8.78,8.53,7.85,6.85,6.12,5.54,4.58,3.25,3.44,1.65,-8.24,-12.23,-11.51,-10.98,-9.99,-8.69,-7.88,-7.41,-6.74,-5.77,-4.54,-3.57,-3.34,-3.23,-2.02,-1.16,-1.46,-1.93,-2.45,-3.16,-3.07,-2.62,-2.06,-.35,-9.99,-10.82,-8.24,-5.66,-5.26,-3.76,-2.04,-.65,.32,2.30,3.23,4.03,4.05,3.66,4.27,5.35,6.22,6.83,7.75,7.63,7.47,7.80,8.49,8.88,8.82,8.95,9.01,8.60,9.23,9.03,-5.23,-9.88,-9.05,-8.35,-7.86,-7.82,-7.22,-6.35,-6.74,-6.55,-5.70
7.44,7.79,8.10,8.27,8.06,7.80,7.81,7.79,7.59,7.06,6.31,5.54,4.86,4.10,3.12,2.31,1.19,.85,2.51,-7.08,-14.89,-13.24,-12.45,-11.17,-10.31,-9.44,-8.46,-7.48,-6.51,-5.58,-4.64,-4.28,-4.37,-1.96,-1.36,-2.06,-3.26,-3.93,-4.41,-4.78,-3.86,-2.46,-3.17,-11.11,-8.65,-7.16,-5.83,-4.81,-3.27,-1.74,-.80,.61,1.29,2.19,4.31,5.39,6.27,7.97,10.25,11.04,10.70,10.71,10.66,10.54,10.33,9.79,9.66,9.59,9.19,9.29,8.74,9.05,9.52,-3.43,-10.71,-7.86,-8.28,-7.75,-7.50,-7.24,-7.35,-7.98,-7.22
5.81,6.02,6.21,6.31,6.16,5.91,5.64,5.25,4.94,4.47,3.79,3.06,2.30,1.74,1.29,.86,.46,.03,-.76,1.42,-6.22,-15.22,-13.69,-13.26,-12.32,-11.56,-10.36,-9.08,-7.86,-6.98,-5.47,-5.32,-5.48,-3.43,-2.50,-2.60,-3.77,-4.93,-5.37,-5.78,-5.42,-4.04,-4.53,-7.05,-8.57,-7.44,-5.72,-5.65,-4.34,-2.30,-1.34,-.21,.10,1.23,4.01,6.28,6.99,8.05,9.90,9.05,9.59,9.43,9.23,9.24,9.19,9.34,9.00,8.60,8.30,8.54,8.71,8.39,7.24,8.43,2.79,-9.31,-9.99,-8.55,-8.32,-8.29,-8.17,-8.53,-8.05
3.36,3.37,3.57,3.62,3.47,3.13,2.86,3.18,2.90,2.40,1.70,.88,-.20,-1.03,-1.69,-2.14,-2.19,-2.04,-1.74,-2.06,-1.12,-6.47,-15.90,-13.91,-13.86,-12.91,-11.26,-9.94,-9.07,-8.05,-6.54,-6.58,-5.73,-3.87,-3.83,-4.09,-5.10,-6.36,-7.02,-6.91,-6.26,-5.60,-5.11,-6.15,-8.55,-7.84,-6.12,-5.47,-4.92,-3.15,-1.68,-.44,.42,1.76,3.75,4.71,6.60,8.31,6.53,6.38,6.68,6.40,5.89,5.78,6.56,7.56,8.01,8.28,8.16,8.31,7.98,7.19,6.82,5.16,3.25,2.53,-5.55,-10.56,-10.14,-9.99,-10.11,-9.55,-8.97
1.42,1.30,.81,.45,.76,.78,1.06,1.37,.87,.17,-.51,-1.25,-1.74,-2.36,-3.67,-4.77,-4.92,-4.81,-4.37,-3.70,-3.16,-3.00,-6.66,-16.16,-14.77,-14.17,-12.23,-10.82,-10.31,-9.12,-7.73,-7.40,-5.54,-4.99,-5.12,-4.88,-5.11,-6.41,-8.13,-8.48,-8.08,-7.22,-5.54,-6.18,-8.59,-8.74,-6.66,-5.72,-4.98,-3.98,-2.45,-.77,1.12,2.81,4.01,4.43,4.69,4.61,4.42,4.73,4.83,4.64,4.25,4.26,3.81,3.84,4.87,5.34,5.46,5.72,6.24,6.44,4.74,3.41,2.04,-1.11,-2.05,-1.76,-7.25,-12.68,-11.00,-10.15,-9.61
-.17,-.25,-.59,-.55,-.52,-.59,-.06,.11,-.15,-.88,-2.00,-2.99,-3.48,-4.27,-5.75,-6.35,-6.33,-6.96,-6.83,-6.12,-5.53,-4.44,-4.68,-7.53,-16.44,-15.21,-13.85,-12.21,-11.90,-9.54,-7.89,-7.33,-6.67,-5.67,-4.91,-5.10,-5.02,-5.79,-7.26,-8.72,-9.35,-8.69,-6.74,-6.81,-7.87,-7.75,-6.83,-5.37,-4.39,-4.00,-3.36,-1.21,1.40,2.97,3.98,4.22,4.50,5.63,5.93,5.53,5.48,5.06,4.66,4.50,4.89,4.42,4.07,3.72,3.02,2.63,2.49,3.00,3.59,2.78,1.05,-.30,-3.11,-5.74,-4.01,-7.68,-13.28,-11.51,-10.88
-1.40,-1.55,-2.02,-2.26,-1.85,-1.21,-1.10,-1.10,-1.64,-2.24,-2.58,-2.65,-3.95,-5.48,-6.20,-6.77,-7.30,-7.84,-8.75,-9.04,-8.19,-7.04,-5.47,-5.49,-8.51,-16.59,-15.56,-13.59,-11.92,-10.06,-8.59,-7.81,-6.15,-4.82,-4.25,-4.80,-5.28,-6.05,-6.87,-8.64,-9.92,-9.54,-8.69,-7.48,-7.81,-8.94,-6.23,-3.86,-3.15,-3.13,-3.04,-1.15,.63,2.14,2.31,2.06,3.27,3.62,3.06,2.84,2.82,3.16,3.07,2.56,2.06,1.52,1.14,.89,.97,.96,.60,-.49,-1.34,-.99,-.53,-1.08,-2.40,-4.66,-7.26,-6.26,-11.64,-13.58,-12.56
-1.46,-1.91,-2.52,-2.14,-1.50,-1.36,-1.29,-1.59,-2.23,-2.68,-3.24,-3.79,-4.51,-5.34,-6.25,-8.35,-9.72,-10.15,-10.07,-10.90,-10.91,-9.67,-7.93,-5.39,-3.34,-8.23,-16.82,-14.35,-12.72,-10.90,-9.60,-8.37,-5.89,-4.20,-3.69,-4.16,-5.32,-5.90,-6.46,-7.41,-8.35,-8.61,-9.00,-7.71,-7.77,-7.02,-4.42,-3.12,-2.46,-2.93,-2.30,-.67,.42,.74,2.19,2.61,2.72,2.40,1.19,1.12,1.64,1.76,1.62,1.30,.53,-.68,-1.90,-2.76,-3.00,-2.70,-2.55,-2.70,-3.27,-3.99,-3.94,-3.06,-2.37,-3.52,-5.63,-7.81,-7.01,-13.56,-14.97
-1.80,-1.68,-1.72,-1.80,-1.72,-1.69,-2.35,-2.92,-2.89,-2.95,-3.42,-3.94,-4.86,-5.47,-5.58,-8.69,-10.31,-9.62,-9.44,-10.67,-11.93,-11.73,-10.13,-7.96,-2.87,.65,-9.76,-16.24,-13.02,-11.73,-10.61,-8.84,-6.35,-4.08,-2.82,-3.65,-3.44,-2.54,-3.34,-4.93,-5.46,-6.80,-7.89,-7.03,-6.63,-5.87,-2.90,-2.63,-2.88,-2.70,-1.97,-.64,.24,1.53,2.91,2.52,1.96,2.21,3.08,3.86,4.21,4.09,3.83,3.33,2.53,1.50,.02,-1.57,-3.02,-4.53,-6.09,-7.09,-6.93,-6.36,-6.15,-5.92,-4.72,-3.92,-4.62,-7.19,-8.47,-8.36,-14.99
-2.47,-1.89,-1.88,-1.95,-2.10,-2.29,-3.09,-2.87,-3.48,-3.94,-4.03,-4.26,-4.43,-3.94,-5.69,-8.28,-8.38,-6.95,-5.95,-6.06,-9.28,-10.97,-10.63,-9.63,-6.75,-1.32,-.40,-14.26,-14.03,-12.53,-11.30,-9.29,-6.79,-4.18,-2.40,-3.07,-2.46,-1.64,-1.68,-2.82,-4.77,-6.12,-6.63,-6.03,-4.92,-3.02,-2.03,-1.96,-1.90,-2.07,-2.06,-1.50,-.44,.49,.84,1.22,3.13,4.80,5.00,4.63,4.24,3.67,3.01,2.19,.87,-.75,-2.18,-3.18,-4.19,-5.06,-5.64,-6.22,-7.58,-9.44,-10.11,-9.93,-9.42,-8.00,-6.13,-6.42,-9.27,-10.17,-10.23
-2.97,-2.46,-2.54,-2.97,-3.41,-3.20,-3.36,-3.22,-1.88,-2.92,-3.06,-3.28,-3.92,-4.27,-5.58,-6.30,-5.53,-4.89,-4.64,-4.59,-6.66,-9.50,-10.26,-10.19,-10.03,-7.10,-2.69,-5.69,-16.65,-13.34,-11.94,-9.69,-7.16,-4.15,-1.72,-1.72,-1.65,-1.06,-1.39,-1.43,-2.76,-4.59,-6.39,-4.39,-3.24,-1.50,-.75,-1.10,-1.20,-1.28,-1.38,-1.20,-1.42,.02,2.62,4.64,5.63,5.82,5.62,4.84,3.44,2.35,1.28,.01,-1.36,-3.02,-4.54,-5.72,-6.73,-7.53,-8.18,-8.46,-7.88,-7.62,-9.90,-12.75,-12.91,-11.97,-9.18,-6.94,-8.47,-11.38,-11.50
-3.53,-3.33,-3.40,-3.66,-4.60,-4.31,-4.39,-3.75,-2.56,-1.72,-2.80,-4.26,-3.89,-5.50,-4.99,-5.65,-6.37,-6.82,-7.08,-7.33,-8.08,-9.22,-10.01,-10.63,-10.90,-10.80,-7.44,-4.21,-15.37,-14.91,-12.70,-10.26,-7.71,-4.77,-1.61,-1.40,-1.52,-1.32,-1.55,-2.63,-2.79,-4.10,-4.42,-2.31,-.70,1.10,1.23,.76,.02,-.54,-1.99,-2.28,.58,3.90,5.52,6.03,6.07,5.59,5.19,4.09,3.04,2.40,1.01,-.97,-2.92,-4.65,-6.34,-7.60,-8.21,-8.99,-9.64,-10.09,-10.49,-10.67,-10.02,-10.68,-13.11,-13.36,-11.73,-9.36,-7.26,-9.71,-12.22
-3.84,-3.51,-3.38,-3.58,-4.44,-4.83,-5.08,-4.09,-3.56,-1.86,-1.46,.02,-3.36,-7.71,-7.27,-8.10,-7.68,-8.50,-9.97,-11.04,-11.33,-11.59,-11.46,-11.22,-11.03,-12.25,-11.57,-6.00,-11.78,-16.28,-13.30,-10.86,-8.53,-5.93,-2.62,-2.49,-2.52,-2.53,-3.53,-4.10,-3.30,-1.83,-.58,1.34,2.26,2.56,1.58,.71,-.17,-1.09,-.72,1.40,4.14,5.29,5.38,5.19,5.17,5.48,6.26,5.93,5.12,4.06,3.03,1.60,-.26,-2.75,-4.93,-7.32,-9.82,-11.41,-11.65,-11.75,-11.55,-11.48,-11.61,-11.01,-11.39,-12.79,-12.76,-11.27,-8.80,-7.80,-10.31
-3.19,-2.74,-2.82,-3.16,-3.95,-4.35,-4.43,-5.29,-3.61,-1.92,-2.19,-4.08,-5.05,-5.62,-7.41,-8.30,-9.26,-11.18,-13.04,-13.58,-13.62,-14.10,-14.33,-13.03,-12.31,-13.12,-13.78,-10.29,-8.11,-16.10,-13.34,-11.47,-9.35,-7.03,-3.92,-3.46,-3.37,-3.57,-4.81,-5.22,-2.18,.26,1.79,3.03,3.49,2.73,1.21,-.05,-.44,.13,1.67,3.95,4.83,5.38,5.53,5.43,5.71,6.72,7.55,7.76,7.48,6.80,5.69,4.56,2.77,.75,-1.02,-2.87,-5.17,-8.20,-11.36,-12.72,-12.25,-11.48,-11.21,-11.45,-11.66,-12.54,-13.64,-12.60,-10.99,-9.18,-9.04
-3.00,-2.29,-2.03,-1.96,-2.41,-3.56,-5.34,-5.55,-2.89,-2.39,-3.35,-3.36,-4.64,-5.88,-6.39,-6.79,-8.31,-10.73,-13.16,-15.28,-15.48,-14.59,-15.53,-15.18,-13.58,-13.69,-14.39,-13.33,-8.58,-14.24,-13.40,-12.00,-10.01,-7.72,-5.33,-4.63,-3.77,-4.34,-5.25,-3.84,-1.17,.55,1.56,2.17,1.80,.68,-.03,-.26,-.28,1.19,3.28,3.96,4.44,4.90,5.53,6.34,8.00,9.52,9.71,9.46,8.89,7.77,6.85,5.78,4.31,3.62,3.01,2.00,.45,-1.86,-4.57,-8.77,-11.82,-12.06,-11.60,-11.05,-11.12,-12.39,-13.56,-13.75,-12.27,-10.22,-9.04
-2.62,-1.79,-1.19,-.87,-1.60,-4.38,-4.01,.34,.58,.75,-2.81,-1.70,-.43,-1.18,-2.18,-3.69,-6.13,-9.60,-11.30,-14.59,-15.45,-13.89,-14.26,-15.73,-14.58,-14.39,-14.62,-14.82,-11.17,-13.63,-13.29,-12.21,-10.40,-8.17,-6.67,-6.07,-4.85,-4.01,-4.23,-2.90,-1.95,-.52,.90,1.08,.61,.20,-.41,-.62,.62,1.67,2.53,3.31,4.21,5.73,8.15,9.75,9.64,9.59,10.27,10.71,10.28,9.29,8.16,7.05,5.52,4.00,3.17,2.32,1.73,1.04,-.70,-3.08,-7.12,-10.58,-11.68,-11.67,-11.17,-11.21,-12.33,-13.58,-12.55,-10.81,-9.45
-2.05,-1.09,-.20,.42,-1.04,-.45,-1.06,-2.12,-.68,-.92,-1.16,-.62,-.43,-.74,-2.89,-5.02,-7.51,-10.23,-11.90,-13.74,-13.14,-12.73,-12.47,-13.77,-13.10,-13.69,-14.37,-14.63,-13.06,-14.12,-13.49,-12.41,-10.42,-8.80,-7.95,-7.53,-5.84,-4.63,-3.89,-2.27,-1.86,-.32,.67,.98,.74,.13,.17,.76,.87,.89,1.65,2.70,5.16,8.41,9.84,9.73,10.12,11.17,11.66,11.84,11.80,10.98,9.54,7.32,5.45,4.80,3.67,2.67,1.82,.17,-1.72,-2.27,-4.31,-7.50,-10.35,-11.65,-11.63,-11.24,-11.75,-12.98,-12.53,-11.05,-9.56
-1.70,-.30,.69,-.46,-.33,1.28,-1.26,-2.82,-1.50,-1.21,-.34,1.52,1.55,.43,-.27,-1.89,-6.49,-11.17,-11.98,-11.85,-11.58,-11.22,-11.65,-12.00,-11.32,-12.40,-13.67,-13.52,-13.44,-14.81,-14.19,-12.35,-10.21,-9.44,-9.04,-8.56,-6.54,-4.96,-3.52,-2.95,-1.79,-.42,.36,-.16,-.85,-.26,.44,.58,.20,.26,.90,3.30,6.96,8.62,8.56,9.35,10.95,11.67,12.29,13.01,12.77,11.52,10.18,9.66,9.28,7.23,4.76,2.03,-.84,-1.61,-2.15,-4.24,-6.31,-7.79,-9.49,-11.47,-12.25,-12.04,-12.55,-13.25,-12.85,-11.33,-9.33
-2.00,.12,-.49,2.25,-.53,-1.68,4.57,3.29,2.46,2.11,2.20,3.03,3.47,4.02,3.88,3.21,-.71,-8.21,-11.52,-9.91,-8.60,-8.53,-9.81,-9.54,-8.52,-10.72,-13.20,-12.67,-13.64,-14.82,-13.42,-11.18,-10.02,-9.59,-9.35,-8.73,-6.99,-5.53,-4.40,-3.41,-1.76,-1.13,-.77,-1.54,-1.63,-1.05,-.97,-.81,-.65,-1.04,.77,3.61,6.03,6.68,7.29,9.24,10.57,11.83,13.18,13.31,12.54,11.68,12.15,12.30,11.10,9.99,8.08,6.71,4.31,2.00,-.54,-2.84,-5.16,-7.14,-9.02,-11.28,-12.39,-12.45,-12.67,-13.61,-13.41,-11.81,-10.03
-2.46,.65,-2.10,-4.05,-4.65,-3.53,.74,1.62,3.26,3.18,3.25,4.55,5.36,6.47,6.69,8.15,8.99,5.47,-1.15,-4.26,-5.66,-7.42,-6.99,-4.32,-4.81,-8.26,-9.98,-11.93,-14.41,-13.82,-12.07,-10.59,-10.04,-9.16,-9.74,-8.30,-7.02,-6.45,-5.76,-4.91,-4.64,-4.66,-4.29,-3.51,-2.60,-2.46,-2.48,-2.19,-2.16,-1.11,1.19,3.15,4.48,4.98,6.82,8.59,10.21,12.18,13.04,13.07,12.49,13.06,14.05,13.52,12.07,11.33,12.62,11.94,7.76,3.77,1.59,.92,-.33,-4.05,-7.46,-9.30,-10.02,-11.25,-11.25,-12.15,-13.26,-13.01,-11.91
-8.03,-5.03,-5.15,-5.63,-7.61,-6.39,-2.51,.88,2.52,2.62,3.61,4.85,5.74,6.56,6.82,7.19,7.82,6.46,2.81,-1.27,-4.29,-2.88,1.84,.23,-2.90,-7.35,-7.78,-10.28,-13.65,-11.09,-10.30,-9.94,-9.45,-9.02,-9.63,-8.55,-8.21,-7.49,-7.06,-6.54,-6.39,-5.88,-4.87,-4.09,-3.93,-3.86,-3.75,-3.52,-2.67,-1.65,-.45,1.36,2.64,4.39,6.31,8.08,10.22,12.03,12.97,13.24,13.43,14.83,15.16,14.17,13.63,12.85,9.86,7.58,6.38,5.22,3.13,2.10,2.64,-.64,-5.11,-5.07,-4.13,-5.41,-4.84,-5.27,-9.53,-12.71,-12.95
-11.82,-12.77,-8.91,-10.86,-8.04,-4.00,-1.40,.59,1.61,2.17,3.54,4.98,5.06,4.97,4.90,4.55,4.56,3.53,1.21,-1.34,-.05,1.84,-.28,-2.23,-3.44,-7.84,-6.62,-6.79,-8.10,-6.82,-8.31,-9.00,-9.37,-9.62,-9.92,-9.54,-8.91,-8.18,-7.67,-7.30,-6.86,-6.41,-5.76,-5.32,-5.23,-5.13,-5.05,-4.78,-4.40,-3.51,-1.58,.13,1.71,3.57,5.44,7.69,10.13,11.84,13.05,13.82,14.75,15.60,15.43,14.79,14.09,13.29,13.94,17.09,11.53,5.29,1.08,.60,4.38,4.75,4.05,2.82,.15,-2.99,-5.92,-6.55,-6.88,-9.01,-11.06
-13.13,-12.04,-11.17,-8.67,-6.07,-4.00,-1.45,.74,1.48,2.11,3.29,4.91,6.56,6.93,5.08,3.90,3.66,5.05,6.43,4.77,1.17,-1.55,-2.69,-4.46,-5.70,-8.96,-7.31,-5.71,-4.60,-5.35,-7.01,-8.25,-9.61,-10.46,-10.17,-9.93,-9.55,-8.80,-9.07,-8.77,-8.31,-7.89,-7.18,-6.78,-6.68,-6.55,-6.42,-6.59,-6.48,-4.98,-3.67,-1.75,.12,1.88,4.36,6.98,9.52,11.37,13.05,14.59,15.65,16.03,16.03,15.97,15.36,15.11,14.81,15.06,13.69,8.15,2.60,.59,2.68,4.97,4.78,4.81,2.38,-2.51,-7.18,-8.83,-9.28,-10.67,-10.53
-13.13,-12.89,-11.78,-9.81,-7.56,-5.40,-2.35,.01,1.28,2.12,2.90,4.39,6.28,7.39,6.69,5.19,3.25,1.88,3.60,3.67,1.85,.46,-2.51,-6.49,-7.37,-7.83,-7.47,-6.79,-7.00,-5.55,-6.12,-7.62,-8.94,-9.73,-10.01,-10.19,-10.36,-10.32,-10.51,-10.17,-9.60,-8.86,-7.94,-7.58,-7.69,-7.74,-7.82,-7.87,-7.30,-6.52,-6.15,-3.76,-2.01,-.17,2.75,5.30,8.06,10.37,12.57,14.86,16.35,17.06,17.14,17.39,17.42,18.11,19.15,21.05,20.94,13.35,6.70,4.06,4.38,5.86,5.91,7.75,10.12,10.62,9.82,7.76,5.88,4.76,4.17
-12.97,-12.82,-12.46,-11.45,-9.94,-8.39,-4.88,-1.27,.68,1.57,1.69,3.13,4.84,5.69,6.18,5.31,3.40,-1.05,-1.27,2.24,3.91,5.79,2.86,-2.48,-3.35,-3.87,-5.59,-8.26,-7.93,-6.25,-6.78,-7.62,-7.77,-8.56,-10.81,-11.03,-11.43,-11.88,-11.94,-11.48,-10.86,-9.78,-8.99,-9.01,-9.12,-9.00,-8.76,-8.20,-7.82,-8.00,-7.96,-5.45,-3.82,-1.91,1.11,3.70,6.44,9.01,11.57,14.15,15.78,17.01,18.00,18.67,18.98,19.99,21.95,24.75,27.26,22.40,14.18,11.57,8.91,6.93,6.95,6.46,6.49,6.44,7.01,7.22,6.51,5.38,3.67
-11.69,-12.13,-12.31,-11.70,-11.10,-9.86,-6.73,-3.13,-.62,.64,.42,1.50,3.48,4.05,5.06,5.40,3.79,.17,-3.45,-1.22,2.67,6.62,8.37,2.10,.74,-.36,-3.64,-2.94,-2.87,-4.71,-6.27,-8.05,-8.35,-8.68,-11.13,-11.72,-11.92,-12.28,-12.12,-11.81,-11.42,-10.91,-10.55,-10.40,-10.48,-10.33,-9.88,-8.96,-8.64,-9.02,-8.85,-6.86,-5.37,-3.65,-.44,2.62,5.11,7.61,10.15,12.75,14.62,16.12,17.65,18.74,19.17,19.57,21.48,23.48,25.48,28.06,23.14,15.92,15.00,15.73,14.34,12.21,10.93,9.24,7.62,6.36,6.35,6.35,5.05
-9.87,-10.36,-10.73,-11.08,-11.73,-11.17,-8.86,-5.49,-2.56,-.98,-1.11,-.56,1.55,2.86,3.44,4.28,3.69,1.56,-1.79,-2.63,.45,3.05,5.69,3.90,.61,-.18,1.60,1.72,-1.70,-4.79,-6.38,-7.78,-9.30,-9.57,-10.88,-12.33,-13.06,-13.17,-12.50,-12.35,-12.37,-12.19,-11.48,-11.22,-11.45,-11.51,-11.20,-10.53,-9.98,-9.66,-8.79,-8.37,-7.03,-5.60,-2.75,.48,2.94,5.45,8.09,10.66,12.67,14.41,16.01,17.32,17.92,18.04,18.81,20.94,22.79,24.05,25.65,24.15,20.68,18.53,16.88,16.38,16.10,15.63,14.31,12.66,11.89,11.31,10.79
-3.43,-4.34,-6.54,-9.36,-11.74,-12.28,-11.17,-8.14,-4.83,-3.03,-2.71,-2.37,-.84,.52,1.54,2.59,2.48,1.04,-.94,-2.61,-1.92,.62,2.38,2.71,-.35,-2.35,-1.33,-.42,-.83,-2.41,-5.21,-7.93,-9.68,-10.40,-11.29,-12.74,-13.70,-13.76,-13.23,-13.08,-12.90,-12.54,-11.89,-11.60,-11.85,-12.01,-11.65,-10.74,-9.94,-9.53,-9.12,-10.08,-8.80,-7.34,-5.50,-2.92,-.52,1.89,4.81,7.85,10.14,11.99,13.57,15.01,16.33,16.98,17.02,17.67,18.95,20.45,21.68,21.89,21.23,20.09,19.11,18.38,17.48,16.39,15.49,14.98,15.12,15.61,16.29
-4.85,-4.35,-4.53,-5.42,-8.65,-12.22,-13.21,-11.04,-7.95,-5.81,-4.79,-4.21,-3.05,-1.47,-.17,1.13,1.95,.98,-1.60,-3.97,-5.11,-4.52,-2.46,-1.17,-1.98,-3.77,-4.28,-3.62,-2.99,-3.00,-3.69,-6.46,-9.78,-11.19,-11.78,-12.55,-13.32,-13.50,-13.17,-12.83,-12.78,-12.42,-11.44,-10.94,-11.02,-11.31,-11.29,-10.61,-10.13,-10.26,-10.34,-10.33,-9.83,-8.58,-7.48,-5.82,-4.13,-2.48,.40,3.92,6.77,8.94,10.70,12.25,13.66,14.84,15.47,15.69,16.07,16.55,17.74,19.05,18.87,17.28,15.82,15.20,14.95,14.77,14.63,14.68,15.11,15.83,16.61
-7.67,-6.84,-6.20,-5.92,-6.56,-10.63,-13.86,-13.34,-10.82,-8.73,-7.25,-5.96,-4.40,-2.44,-1.18,-.81,-1.02,-1.46,-2.35,-5.00,-8.37,-10.54,-10.54,-8.67,-6.85,-6.48,-6.69,-6.27,-5.48,-4.97,-4.24,-4.58,-7.37,-10.16,-10.94,-11.71,-11.92,-11.91,-12.34,-12.76,-12.41,-12.01,-11.48,-10.46,-10.28,-10.85,-10.96,-10.24,-10.11,-10.86,-11.07,-10.76,-10.38,-9.92,-8.78,-7.60,-6.61,-5.80,-4.10,-.63,2.97,5.53,7.81,9.61,10.96,12.06,12.77,13.15,13.49,13.49,13.57,14.71,15.33,14.69,13.43,12.16,11.55,11.93,12.82,13.57,14.14,14.69,15.33
-10.17,-9.00,-7.88,-7.40,-7.11,-9.41,-13.22,-14.42,-12.68,-10.83,-9.22,-7.78,-6.12,-4.30,-3.41,-3.48,-4.12,-5.34,-6.34,-7.76,-11.12,-15.34,-17.70,-17.24,-14.87,-12.27,-10.48,-9.26,-7.91,-6.73,-6.10,-6.22,-6.46,-8.04,-9.74,-10.40,-10.73,-11.08,-11.89,-11.85,-11.13,-11.11,-11.23,-11.19,-10.92,-10.98,-11.03,-10.58,-10.82,-11.64,-12.15,-12.06,-11.48,-10.68,-10.19,-9.09,-7.94,-7.32,-6.29,-3.96,-.78,2.04,4.76,7.06,8.58,9.65,10.15,10.14,10.64,11.26,11.16,10.99,11.04,10.95,10.63,10.22,9.86,9.69,10.11,10.96,11.74,12.00,12.01
-11.00,-9.86,-8.46,-7.54,-7.06,-8.43,-12.13,-13.64,-12.74,-11.29,-9.87,-8.52,-6.73,-4.86,-4.28,-4.60,-4.79,-4.79,-4.69,-5.38,-7.72,-12.94,-18.88,-22.19,-21.56,-18.99,-16.14,-13.72,-11.68,-9.75,-8.27,-8.12,-8.54,-8.78,-9.72,-10.71,-11.15,-11.51,-11.56,-11.01,-10.59,-11.14,-11.54,-11.86,-12.56,-12.99,-13.04,-12.80,-12.48,-13.17,-13.74,-13.59,-12.88,-11.87,-10.75,-9.79,-8.94,-7.90,-7.15,-5.87,-3.48,-.95,1.83,4.45,6.46,7.93,8.53,8.30,8.31,8.89,9.41,9.72,9.52,8.76,8.15,8.17,8.51,8.90,9.33,9.84,10.44,10.79,10.73
