public/data/weather/current/archive/current-wind_difference-surface-level-gfs-1.0.json
{"header": {"discipline":0,"disciplineName":"Meteorological products","gribEdition":2,"gribLength":131858,"center":7,"centerName":"US National Weather Service - NCEP(WMC)","subcenter":0,"refTime":"2014-01-31T00:00:00.000Z","significanceOfRT":1,"significanceOfRTName":"Start of forecast","productStatus":0,"productStatusName":"Operational products","productType":1,"productTypeName":"Forecast products","productDefinitionTemplate":0,"productDefinitionTemplateName":"Analysis/forecast at horizontal level/layer at a point in time","parameterCategory":2,"parameterCategoryName":"Momentum","parameterNumber":2,"parameterNumberName":"U-component_of_wind","parameterUnit":"m.s-1","genProcessType":2,"genProcessTypeName":"Forecast","forecastTime":3,"surface1Type":103,"surface1TypeName":"Specified height level above ground","surface1Value":10,"surface2Type":255,"surface2TypeName":"Missing","surface2Value":0,"gridDefinitionTemplate":0,"gridDefinitionTemplateName":"Latitude_Longitude","numberPoints":65160,"shape":6,"shapeName":"Earth spherical with radius of 6,371,229.0 m","gridUnits":"degrees","resolution":48,"winds":"true","scanMode":0,"nx":360,"ny":181,"basicAngle":0,"subDivisions":0,"lo1":0,"la1":90,"lo2":359,"la2":-90,"dx":1,"dy":1}, "data":
[rows 111 to 147 of 181, columns 0 to 82 of 360]
9.02,8.71,8.41,8.35,8.31,8.98,9.31,9.66,9.77,10.16,10.52,10.44,10.13,10.93,4.66,1.86,-1.00,-1.95,-1.88,-1.22,-.02,-2.24,-3.58,-4.25,-5.66,-6.78,-3.54,-2.67,-4.67,-3.86,-.63,1.99,4.37,1.14,1.55,2.09,2.82,2.08,1.47,.67,-.41,-1.48,-2.34,-2.14,-.65,-3.54,-3.23,1.50,-.03,1.09,5.23,6.92,8.64,9.15,8.01,6.45,10.43,12.57,11.88,11.69,12.08,13.44,11.95,8.81,7.53,8.43,9.48,9.43,9.99,10.32,10.58,10.23,9.57,8.81,7.90,6.09,6.72,7.07,7.21,8.26,9.29,10.55,11.30
8.61,8.38,8.30,8.32,8.22,8.56,9.05,9.68,10.05,10.22,10.58,10.85,10.55,9.71,7.01,1.67,-.10,-1.70,-3.06,-4.72,.38,2.73,1.41,-2.75,-5.52,-5.66,-3.31,.17,.18,3.08,-.40,3.43,2.57,.89,.87,.05,-.20,-.35,-.76,-1.38,-2.11,-2.57,-3.17,-2.64,-1.51,-4.28,.49,.95,-1.35,2.26,4.05,5.04,6.57,8.70,11.15,11.30,9.15,8.79,9.79,10.08,10.13,10.64,12.20,13.53,14.52,14.30,13.33,11.65,10.19,9.49,9.63,9.99,9.82,8.95,7.68,4.87,5.54,6.57,6.43,6.76,8.12,9.13,10.17
7.68,7.62,7.77,8.19,8.22,8.15,8.85,9.63,10.30,10.86,11.35,11.27,10.95,10.19,9.42,3.25,-.49,-2.65,-.86,7.01,4.88,1.61,.76,.89,-1.18,-2.51,-.79,-1.53,1.15,.22,1.45,.26,.33,.97,.60,-.44,-3.67,-2.12,-2.25,-2.35,-2.54,-2.83,-3.57,-4.04,-3.78,-.74,1.16,1.56,-2.03,1.13,3.18,4.64,5.58,7.34,7.96,7.53,7.53,8.59,9.30,9.78,10.37,11.42,13.31,13.88,14.45,14.32,14.49,14.99,14.94,13.89,11.28,9.34,9.81,10.19,9.62,5.52,4.02,5.96,5.74,5.23,6.09,7.51,8.40
7.04,6.48,6.57,7.22,7.38,8.01,8.70,9.60,10.42,11.03,11.47,11.86,11.58,10.47,10.62,4.59,-.94,-3.87,4.10,3.41,1.47,.05,1.76,2.09,1.95,1.19,-1.36,1.35,.81,-.65,.02,-1.52,-1.26,.22,.03,-1.18,-4.92,-3.22,-2.77,-2.33,-2.24,-2.73,-3.46,-4.14,-4.21,-1.52,.61,-2.35,-3.81,-.26,2.62,4.46,5.77,7.51,7.85,7.85,8.36,9.23,9.37,8.93,9.97,11.41,12.67,12.70,12.57,12.24,12.64,12.72,13.50,14.80,15.98,15.34,13.00,10.68,10.53,9.34,4.27,5.19,4.69,3.37,3.45,4.93,5.77
6.27,5.59,6.07,6.89,7.19,8.07,8.58,9.45,10.19,10.73,11.34,11.89,12.26,11.24,12.10,7.10,-1.04,-3.13,3.98,2.51,4.17,4.14,2.44,1.54,.06,-.74,.12,-.83,-.66,-.88,-.65,-.92,-2.04,-.04,2.08,-1.09,-3.93,-3.71,-3.32,-2.38,-1.88,-2.07,-2.15,-3.08,-3.77,-.94,.90,-1.24,-3.16,-1.04,1.43,3.20,4.73,5.89,6.43,7.29,8.41,9.26,9.81,10.65,11.05,10.53,11.14,11.14,11.57,11.86,11.93,12.02,12.57,13.11,13.72,13.93,14.34,13.57,11.55,10.35,6.49,3.67,3.43,2.56,1.69,3.55,3.92
5.19,5.07,5.14,5.97,6.85,6.92,7.69,8.45,9.23,9.75,10.56,11.61,12.41,12.55,13.04,9.20,1.07,.94,3.02,4.56,4.69,2.24,.45,-.93,-2.09,-2.40,-1.19,-.97,-1.69,-1.24,-1.15,-3.70,.24,-.98,-.93,-2.49,-3.80,-3.34,-3.20,-2.33,-1.20,-.42,.64,-.33,-1.76,1.61,4.11,-.99,-2.82,-1.62,.43,2.14,2.90,3.91,5.10,6.41,7.62,8.41,9.69,10.85,11.09,10.60,10.41,10.60,10.91,11.75,12.37,12.85,13.53,13.67,13.23,12.93,12.54,13.04,13.11,11.68,8.87,2.99,2.64,2.53,.86,1.52,1.85
3.81,4.16,4.04,4.59,5.53,6.06,6.65,7.21,7.79,8.21,8.88,10.26,11.42,12.74,13.56,13.52,7.00,7.15,5.18,-.12,3.67,1.46,-.25,-.70,-4.00,-4.71,-2.34,.72,2.19,1.02,-1.54,.91,5.06,5.28,-4.80,-3.06,-3.15,-3.02,-2.44,-1.65,.02,1.49,2.44,1.25,-.25,.71,-.49,-2.49,-3.72,-1.92,-.84,.21,.97,2.49,3.43,4.82,6.57,7.99,9.27,9.99,10.37,10.89,11.10,10.62,10.80,11.38,12.11,13.00,13.72,14.11,14.16,14.35,14.51,14.42,13.85,12.71,11.86,7.88,-.02,.18,-.71,-.48,.01
1.30,2.13,2.32,2.43,2.90,3.51,4.27,5.25,6.02,6.54,6.84,7.84,9.42,10.72,11.95,13.46,10.94,3.01,4.35,5.56,4.60,.86,.44,.14,-.66,2.69,2.32,1.84,1.27,-.40,-4.24,5.01,3.15,13.32,6.62,-.15,-2.00,-1.89,-2.15,-1.13,.51,2.03,2.08,.85,-.37,-.95,-1.98,-3.57,-4.08,-3.37,-1.67,-.88,.74,1.91,2.72,3.89,5.80,7.36,8.18,8.49,8.09,8.53,9.19,9.56,9.93,10.73,11.44,12.04,13.04,14.05,14.81,15.32,15.79,15.95,15.42,14.69,13.34,12.59,9.55,-.51,-3.28,-2.53,-2.12
-2.68,-1.65,-.67,-.29,-.08,.48,1.09,2.09,3.29,4.19,4.51,5.32,6.76,8.14,9.45,10.92,12.54,7.13,1.88,-.69,-2.32,-1.88,-2.00,-2.56,1.29,2.06,1.53,1.20,1.34,-.99,3.75,2.16,4.57,12.43,13.54,8.23,-1.65,-3.11,-1.61,-1.51,-.49,.72,1.08,.62,.22,-.71,-1.78,-3.47,-4.54,-4.05,-2.24,-1.85,.13,1.00,2.54,4.20,5.73,6.71,6.96,6.16,6.35,7.41,8.67,8.94,8.79,9.45,10.37,11.01,11.81,12.57,13.70,14.80,15.55,15.99,16.04,15.95,15.32,13.99,12.85,12.00,3.53,-5.18,-4.49
-6.13,-5.27,-4.71,-3.86,-2.69,-2.02,-1.56,-1.03,.08,1.44,2.21,2.82,3.94,5.46,7.13,8.68,10.09,10.40,3.84,8.04,3.95,-.40,-1.92,-1.40,-1.03,-1.25,-1.08,-1.13,-2.67,-1.07,2.61,5.58,8.97,9.83,10.50,10.34,6.66,-3.76,-4.03,-4.01,-3.73,-2.27,-.90,-.58,-.32,-.81,-1.59,-3.18,-4.32,-4.49,-3.17,-2.65,-1.04,-.30,1.25,2.59,3.88,4.81,5.11,4.34,4.33,6.10,8.20,8.65,8.72,9.22,9.48,9.68,10.07,11.01,12.19,13.10,14.07,14.72,15.32,15.86,15.73,15.13,13.71,11.88,10.41,6.73,-4.80
-9.76,-8.47,-7.15,-6.21,-4.85,-3.72,-3.25,-2.76,-2.09,-1.63,-1.12,-.44,.52,1.76,3.49,5.20,6.99,8.74,5.84,.50,-1.77,-3.60,-4.26,-6.94,-7.40,-7.37,-6.95,-5.60,-2.53,3.48,2.87,6.08,6.95,7.60,7.28,6.58,5.95,3.43,-4.27,-5.72,-6.41,-5.41,-4.00,-3.04,-1.97,-1.56,-1.56,-1.72,-2.52,-4.07,-3.74,-3.52,-2.56,-2.00,-.78,.59,1.67,2.79,3.30,3.65,3.95,5.12,6.46,7.09,7.78,7.65,8.33,8.67,9.08,9.64,10.58,11.55,12.47,13.50,14.29,14.94,15.43,15.15,14.24,13.12,11.39,7.94,5.58
-12.81,-12.22,-10.39,-8.02,-6.52,-5.42,-4.75,-4.46,-3.48,-2.86,-2.89,-3.04,-2.87,-2.42,-1.41,.47,2.73,4.39,4.63,-2.58,-3.41,-4.82,-1.73,2.13,.20,.45,2.29,2.78,2.92,.55,1.13,2.99,3.48,3.90,2.75,.81,.98,1.63,.06,-5.91,-7.55,-7.85,-6.58,-5.75,-4.57,-3.34,-2.40,-2.11,-2.31,-3.49,-4.73,-5.01,-4.16,-3.50,-2.32,-.97,-.01,.92,1.58,2.80,3.58,4.24,5.05,5.46,5.36,5.98,6.34,6.56,7.23,8.20,9.12,9.79,10.59,11.52,12.18,12.71,13.39,13.74,13.48,12.87,11.75,9.83,6.26
-10.82,-13.87,-12.72,-10.89,-8.44,-6.94,-6.72,-5.99,-4.70,-3.98,-4.06,-4.13,-4.54,-5.38,-5.11,-3.73,-2.40,-.65,1.74,.33,-3.38,-2.59,2.58,4.26,4.05,7.05,2.98,-.35,-1.34,.69,3.35,4.97,4.55,2.42,-.37,-3.91,-4.51,-2.83,-1.34,-3.09,-8.66,-10.30,-9.97,-8.92,-7.76,-6.27,-5.04,-4.27,-3.78,-4.00,-5.98,-6.62,-6.26,-5.38,-4.41,-3.38,-2.31,-1.48,-.83,.34,1.62,2.51,2.96,3.44,3.96,4.39,4.44,4.68,5.29,6.16,7.06,7.70,8.23,9.02,9.48,9.76,10.70,11.46,11.63,11.39,11.03,9.96,8.18
-1.97,-9.16,-13.31,-13.00,-11.44,-8.65,-8.05,-7.85,-6.91,-6.71,-6.02,-5.92,-6.60,-7.17,-6.87,-7.19,-7.29,-6.52,-5.03,-2.02,1.28,3.81,2.28,-.55,-2.60,-2.88,-3.94,-4.98,-3.48,-1.01,1.37,2.21,1.75,.26,-2.38,-5.89,-8.40,-7.72,-6.59,-4.85,-6.25,-11.88,-13.45,-12.85,-11.60,-10.32,-8.77,-7.36,-6.39,-6.17,-6.70,-7.63,-8.08,-7.56,-7.08,-6.74,-5.82,-4.84,-3.94,-2.79,-1.54,-.64,.13,.72,1.40,2.06,2.36,2.45,2.83,3.82,4.46,4.79,5.86,6.84,7.16,7.24,7.73,8.51,8.95,9.48,9.84,9.58,8.94
1.14,-2.07,-9.55,-11.99,-10.81,-9.18,-8.52,-8.61,-8.51,-8.48,-8.62,-8.38,-8.08,-8.23,-8.40,-8.85,-9.04,-7.45,-6.27,-12.21,-12.05,-8.82,-5.92,-5.72,-8.34,-9.36,-8.17,-7.29,-6.14,-4.54,-2.59,-1.23,-.81,-.79,-2.14,-4.65,-7.99,-9.80,-9.63,-9.71,-8.68,-10.97,-15.60,-16.11,-14.84,-13.24,-11.64,-10.31,-9.30,-8.47,-8.32,-8.41,-9.32,-9.51,-8.85,-8.84,-8.69,-8.50,-7.56,-6.04,-4.58,-3.59,-2.83,-2.32,-1.64,-.68,-.04,.29,.92,1.39,1.07,1.03,1.92,2.86,3.58,4.50,5.26,5.54,6.20,7.35,8.37,8.98,8.88
4.36,1.20,-4.75,-5.52,-7.94,-9.47,-8.49,-8.15,-9.11,-10.61,-11.52,-11.46,-11.62,-11.35,-8.37,-2.30,.37,-.10,-1.15,-.47,.53,.85,3.08,4.29,2.35,-1.77,-6.16,-8.41,-7.06,-4.94,-3.46,-2.74,-2.32,-1.97,-2.14,-3.37,-5.37,-8.43,-10.63,-11.13,-12.08,-12.18,-15.00,-18.07,-17.76,-16.06,-14.36,-13.13,-11.87,-10.98,-10.68,-10.65,-11.33,-11.45,-10.57,-9.79,-9.19,-8.89,-8.89,-8.50,-7.50,-6.60,-5.99,-5.45,-4.73,-3.73,-2.78,-2.02,-1.27,-.82,-.75,-.67,-.53,-.07,.74,1.55,1.85,1.81,2.89,4.71,6.11,7.17,7.89
14.61,12.22,5.90,-1.64,-6.59,-8.75,-9.30,-9.53,-10.03,-10.73,-10.88,-11.10,-9.74,-4.89,-1.20,-1.03,-1.82,-1.99,-1.63,-.35,1.61,3.66,5.25,6.01,6.53,7.03,6.90,5.08,2.21,-.48,-2.39,-3.28,-3.65,-3.24,-2.97,-3.05,-3.73,-5.77,-9.70,-12.10,-13.14,-14.38,-15.26,-18.13,-19.90,-18.93,-17.54,-16.00,-14.94,-14.32,-14.11,-14.17,-14.21,-13.96,-12.99,-12.33,-11.08,-10.27,-9.56,-9.13,-8.53,-7.82,-7.35,-7.22,-7.01,-6.52,-5.85,-5.18,-4.37,-3.54,-3.01,-2.71,-2.27,-1.65,-1.00,-.78,-.85,-.76,-.23,1.23,2.97,4.21,5.36
14.40,12.70,9.70,5.65,.07,-5.68,-7.82,-6.00,-2.85,-.38,2.45,4.13,2.17,-1.72,-3.96,-4.99,-4.60,-3.24,-1.61,.18,1.31,2.05,3.14,3.78,4.40,5.03,4.99,4.62,4.15,3.12,1.41,-.42,-2.29,-3.49,-4.13,-4.46,-4.36,-5.15,-6.78,-10.70,-13.81,-15.81,-17.22,-18.50,-21.18,-21.59,-20.14,-18.73,-17.36,-16.91,-16.60,-16.36,-16.06,-15.35,-14.86,-14.65,-13.53,-12.68,-11.98,-11.27,-10.52,-9.69,-8.94,-8.55,-8.43,-8.26,-8.18,-8.10,-7.56,-6.52,-5.67,-5.30,-4.97,-4.47,-3.74,-3.06,-3.02,-3.28,-2.94,-2.01,-.64,.62,1.72
9.87,9.01,8.47,8.03,7.52,5.44,4.18,4.12,2.77,.25,-1.85,-3.58,-4.61,-4.68,-4.41,-4.65,-3.53,-1.64,-.76,-.57,-1.26,-.95,.01,.85,1.79,2.73,4.16,4.48,4.11,3.90,3.49,2.29,.76,-.73,-2.32,-4.05,-5.29,-5.99,-7.18,-8.75,-11.94,-16.16,-19.10,-19.84,-21.30,-23.02,-22.46,-20.68,-19.43,-18.34,-18.06,-17.89,-17.24,-16.89,-16.21,-16.10,-15.46,-14.73,-14.27,-13.20,-11.77,-10.94,-10.55,-10.25,-10.11,-9.67,-9.28,-9.20,-9.01,-8.31,-7.51,-6.97,-6.76,-6.75,-6.73,-6.58,-6.40,-6.36,-6.33,-5.96,-4.91,-3.40,-2.18
7.10,5.79,4.97,4.30,3.54,2.37,-.22,-3.01,-4.57,-5.14,-5.63,-6.12,-6.71,-6.73,-6.24,-5.49,-3.70,-2.38,-2.21,-2.25,-1.93,-1.64,-1.08,-.38,.33,1.12,2.27,2.86,3.48,4.04,4.00,3.78,2.77,1.26,-.82,-3.07,-5.18,-6.25,-7.40,-8.57,-11.06,-15.12,-19.35,-20.99,-21.44,-22.73,-22.74,-21.10,-19.98,-18.57,-18.28,-17.62,-17.33,-17.55,-17.33,-16.70,-15.77,-15.07,-14.24,-12.81,-11.40,-10.70,-10.49,-10.43,-10.45,-10.18,-9.64,-9.50,-9.79,-9.92,-9.56,-8.80,-7.93,-7.25,-6.97,-7.13,-7.49,-7.91,-8.22,-8.44,-8.57,-8.23,-6.96
5.76,4.16,2.65,1.44,-.49,-2.34,-4.27,-4.64,-5.41,-8.10,-8.82,-8.34,-8.05,-7.27,-6.42,-5.63,-4.84,-3.71,-2.94,-2.44,-2.04,-1.85,-1.72,-1.66,-1.15,-.76,-.54,.11,.77,1.10,1.42,1.83,1.82,.89,-.46,-2.28,-4.17,-5.19,-6.43,-8.42,-10.87,-13.63,-18.37,-21.60,-22.04,-21.66,-22.10,-20.63,-19.34,-17.65,-16.86,-16.12,-16.05,-16.52,-16.89,-16.78,-16.34,-15.34,-13.65,-12.61,-11.89,-11.04,-10.37,-9.64,-9.15,-9.27,-9.50,-9.84,-10.23,-10.59,-10.56,-9.69,-8.13,-6.77,-5.89,-5.33,-5.19,-5.61,-6.74,-8.16,-9.16,-9.60,-9.97
3.98,2.87,1.93,1.04,-.10,-.55,-1.97,-5.17,-4.78,-3.09,-4.19,-5.98,-6.03,-5.50,-5.22,-4.84,-4.63,-4.06,-3.63,-3.08,-2.82,-2.67,-2.69,-2.67,-2.68,-3.03,-3.18,-2.78,-2.35,-2.07,-1.95,-1.64,-1.19,-1.35,-1.97,-2.70,-3.83,-5.36,-6.88,-8.89,-11.38,-14.27,-17.57,-20.90,-22.57,-22.11,-21.78,-20.52,-19.25,-17.32,-16.33,-15.69,-15.30,-15.72,-16.41,-16.96,-17.09,-16.21,-14.32,-12.48,-12.01,-11.82,-11.85,-10.16,-9.34,-8.43,-7.92,-8.11,-8.82,-9.51,-9.52,-8.71,-8.33,-7.45,-6.47,-5.39,-4.22,-3.72,-3.45,-4.61,-6.41,-8.59,-9.92
3.43,2.32,.96,-.36,-1.32,-.46,.57,-1.16,-5.63,-7.20,-6.11,-5.72,-5.78,-6.17,-5.90,-5.30,-4.70,-4.23,-3.90,-3.56,-3.51,-3.21,-3.35,-3.64,-3.73,-3.80,-3.94,-4.13,-4.45,-4.74,-5.00,-5.09,-4.65,-4.17,-4.03,-4.44,-5.08,-6.32,-7.43,-8.74,-11.32,-14.60,-18.07,-20.16,-22.17,-22.87,-22.55,-21.43,-20.11,-17.79,-16.72,-16.17,-15.36,-15.15,-15.62,-16.44,-16.99,-16.41,-14.79,-13.20,-13.51,-12.13,-12.55,-11.13,-10.47,-9.11,-7.86,-7.34,-7.60,-8.30,-8.57,-8.73,-8.80,-8.26,-7.75,-7.04,-6.07,-5.66,-5.69,-5.03,-4.54,-4.89,-7.15
4.15,3.76,3.31,2.38,.43,-1.18,-.64,.21,-.23,-3.51,-6.51,-7.73,-7.60,-6.61,-6.15,-5.84,-5.80,-5.64,-5.28,-4.95,-4.60,-4.47,-4.56,-4.61,-4.59,-4.82,-5.23,-5.86,-6.55,-6.86,-6.98,-7.00,-6.85,-6.48,-6.09,-5.61,-5.78,-6.87,-8.06,-9.49,-11.66,-14.47,-18.14,-20.63,-22.28,-24.00,-23.67,-22.89,-21.49,-18.72,-17.39,-16.55,-15.29,-14.82,-15.00,-15.57,-16.23,-16.09,-14.24,-12.51,-12.93,-11.84,-11.48,-10.30,-9.74,-8.77,-7.76,-7.27,-7.01,-7.20,-7.38,-7.34,-7.59,-8.20,-8.34,-7.95,-7.41,-6.21,-6.26,-6.90,-7.31,-7.05,-6.64
3.92,3.65,3.49,2.90,1.61,.21,-.03,.30,.30,-.02,-.89,-2.78,-5.62,-6.01,-5.48,-5.46,-5.80,-6.10,-6.43,-6.50,-6.19,-5.91,-5.87,-5.91,-6.03,-6.32,-6.83,-7.41,-7.83,-8.04,-8.02,-7.85,-7.76,-7.45,-6.88,-6.18,-6.10,-6.99,-8.21,-10.47,-13.09,-16.29,-20.10,-22.66,-24.17,-25.13,-25.55,-24.97,-23.24,-19.75,-17.87,-16.72,-15.49,-15.07,-15.31,-15.79,-15.97,-15.12,-13.72,-12.62,-12.66,-12.46,-12.15,-10.27,-9.62,-9.15,-8.54,-8.01,-7.26,-6.82,-6.97,-7.45,-8.04,-8.77,-8.88,-8.51,-8.10,-7.93,-8.64,-9.10,-9.10,-9.04,-9.14
3.30,3.21,3.38,4.02,4.43,3.48,2.03,1.31,.35,-.69,-1.72,-2.78,-4.41,-5.58,-6.02,-5.80,-5.95,-6.44,-7.20,-7.61,-7.60,-7.37,-7.18,-7.15,-7.19,-7.40,-7.88,-8.43,-8.82,-8.92,-8.72,-8.42,-8.40,-8.20,-7.40,-6.37,-5.83,-6.16,-7.18,-9.40,-13.43,-17.49,-22.49,-25.23,-26.22,-26.30,-26.62,-26.41,-23.48,-19.45,-17.89,-16.52,-15.40,-15.09,-15.18,-15.41,-15.03,-14.57,-14.22,-13.62,-13.84,-14.06,-12.12,-10.79,-9.81,-9.07,-8.44,-8.06,-7.78,-7.83,-8.35,-8.79,-9.23,-10.01,-10.55,-10.36,-9.92,-9.93,-10.24,-10.62,-10.98,-10.94,-10.50
4.04,3.52,3.65,4.91,5.30,4.45,3.55,2.60,1.50,-.07,-1.88,-3.41,-4.81,-6.16,-6.95,-7.05,-7.05,-7.36,-7.91,-8.25,-8.37,-8.36,-8.74,-9.25,-9.26,-9.13,-8.86,-8.86,-8.89,-9.01,-9.10,-8.91,-8.82,-8.64,-7.71,-6.09,-4.72,-3.48,-3.40,-4.54,-8.79,-15.09,-21.58,-25.90,-26.24,-26.09,-25.79,-24.61,-21.47,-18.15,-16.94,-15.86,-14.28,-13.44,-13.54,-13.75,-13.93,-14.06,-14.45,-14.70,-14.86,-14.49,-12.40,-11.33,-10.46,-9.65,-9.02,-8.80,-8.79,-9.06,-9.80,-10.18,-10.61,-11.17,-11.45,-11.37,-10.85,-10.04,-9.34,-9.38,-10.11,-11.21,-12.12
7.44,7.77,7.58,6.85,5.96,5.11,4.39,3.52,2.46,1.13,-.51,-2.15,-3.47,-4.55,-5.49,-6.18,-6.94,-7.60,-8.09,-8.44,-8.42,-8.46,-9.78,-10.70,-11.10,-11.33,-10.99,-9.55,-9.02,-8.98,-9.08,-8.94,-8.77,-8.36,-7.32,-5.81,-3.63,-.83,1.19,1.47,.15,-7.74,-17.17,-24.08,-23.85,-23.03,-21.46,-20.39,-17.98,-15.31,-14.98,-14.10,-12.42,-11.96,-11.91,-12.16,-12.61,-13.36,-14.14,-14.36,-14.02,-13.42,-12.85,-12.28,-12.09,-11.73,-10.93,-10.29,-9.82,-10.12,-11.06,-10.94,-10.95,-11.14,-11.34,-11.38,-10.76,-9.72,-8.98,-8.82,-8.45,-9.69,-11.44
7.35,7.52,7.60,7.24,6.73,6.37,6.05,5.51,4.60,3.40,1.78,-.13,-1.95,-3.50,-4.70,-5.51,-6.08,-6.54,-7.17,-7.73,-8.23,-9.00,-10.20,-10.44,-11.39,-11.77,-12.17,-11.49,-10.24,-9.94,-9.89,-9.59,-9.13,-8.53,-7.89,-6.60,-3.84,-.17,3.27,5.71,8.05,3.75,-9.08,-20.86,-21.17,-18.68,-17.08,-15.44,-13.96,-12.22,-12.37,-12.04,-10.44,-10.93,-11.49,-12.52,-13.30,-13.65,-13.77,-13.97,-14.07,-13.99,-13.81,-13.50,-13.26,-13.01,-12.46,-11.88,-10.49,-10.29,-10.84,-11.22,-11.62,-11.78,-12.06,-12.12,-11.82,-11.39,-10.94,-10.90,-10.88,-11.81,-12.55
4.75,5.57,5.58,5.55,5.52,5.50,5.21,4.78,4.18,3.28,2.25,1.18,.00,-1.28,-2.63,-4.02,-5.40,-6.67,-7.83,-8.80,-9.09,-9.76,-10.60,-11.15,-11.41,-11.72,-12.04,-12.06,-11.06,-10.76,-10.53,-10.30,-9.78,-9.38,-9.73,-8.64,-5.90,-1.86,2.51,6.79,11.47,13.64,2.18,-15.77,-19.48,-16.46,-13.60,-11.84,-10.26,-9.61,-9.88,-9.65,-10.29,-11.79,-13.11,-14.25,-15.02,-15.27,-15.16,-15.16,-15.43,-15.75,-15.86,-15.75,-15.65,-15.31,-14.46,-13.46,-12.40,-13.25,-11.27,-10.62,-11.43,-12.19,-12.91,-13.30,-13.23,-12.94,-12.62,-12.34,-12.28,-12.57,-13.02
.95,1.25,1.60,2.02,2.38,2.87,3.37,3.66,3.33,2.61,2.29,1.60,.56,-.48,-1.49,-2.59,-3.88,-5.24,-6.56,-7.78,-8.58,-9.88,-10.37,-10.37,-10.45,-10.60,-10.23,-10.99,-11.32,-11.63,-11.66,-11.26,-10.36,-10.45,-11.00,-10.66,-8.44,-4.37,.39,5.26,10.43,16.48,17.41,5.82,-9.38,-12.68,-11.50,-9.21,-6.75,-6.50,-8.05,-9.81,-11.60,-13.46,-15.17,-16.82,-18.15,-18.81,-18.90,-18.92,-19.00,-18.92,-18.67,-18.38,-17.91,-16.95,-15.82,-14.54,-13.40,-12.71,-12.34,-12.25,-12.51,-12.97,-13.14,-13.02,-12.96,-12.98,-12.83,-12.62,-12.60,-13.11,-13.93
.59,1.51,1.86,1.97,1.76,1.80,2.17,2.54,2.25,1.83,1.54,.61,-.70,-1.65,-2.42,-3.02,-3.75,-4.68,-5.63,-6.34,-6.85,-7.82,-8.27,-8.55,-8.73,-9.13,-9.41,-9.15,-9.27,-10.18,-11.37,-12.08,-11.75,-11.04,-10.81,-10.90,-10.19,-7.40,-2.90,2.06,7.78,13.07,17.19,17.20,12.58,5.21,.82,-1.00,-2.87,-5.47,-8.05,-10.31,-12.55,-14.12,-15.56,-17.12,-18.48,-19.46,-19.88,-19.95,-19.73,-19.35,-19.03,-18.70,-18.26,-17.53,-16.53,-15.30,-14.14,-13.48,-13.18,-12.95,-12.75,-12.66,-12.59,-12.32,-12.18,-12.28,-12.45,-12.15,-11.53,-11.38,-11.82
.05,1.66,1.92,1.55,1.14,.99,.73,1.10,1.14,.46,-.18,-1.10,-2.70,-3.79,-4.40,-4.63,-4.44,-4.41,-4.99,-5.58,-6.15,-6.96,-7.50,-7.56,-7.71,-7.88,-7.22,-7.26,-7.66,-8.37,-9.50,-10.70,-11.44,-11.52,-11.22,-10.89,-11.03,-10.24,-7.10,-2.86,2.12,7.38,11.18,12.74,11.96,9.28,4.93,1.47,-1.01,-3.85,-6.88,-9.46,-11.41,-12.85,-14.14,-15.33,-16.46,-17.42,-18.07,-18.52,-18.71,-18.52,-18.38,-18.40,-18.22,-17.24,-15.68,-14.16,-13.35,-13.20,-13.05,-12.82,-12.42,-11.93,-11.93,-11.96,-12.66,-13.25,-13.36,-12.82,-11.56,-9.84,-8.45
-1.04,.18,.78,.89,.93,.63,-.09,-.47,-1.62,-2.35,-3.11,-4.05,-4.40,-4.55,-4.88,-5.19,-5.44,-5.59,-6.18,-6.70,-7.12,-7.23,-7.04,-6.71,-6.51,-6.52,-6.00,-6.42,-7.55,-9.14,-10.95,-12.45,-13.30,-13.32,-12.67,-12.34,-12.32,-12.09,-10.49,-7.67,-4.02,-.89,1.54,3.47,4.47,4.44,3.80,2.57,.30,-2.71,-5.63,-7.90,-9.64,-11.00,-12.22,-13.55,-14.91,-16.05,-16.97,-17.71,-18.03,-17.89,-17.28,-16.38,-14.82,-13.13,-12.04,-11.86,-12.04,-11.88,-11.75,-11.64,-11.58,-12.00,-12.58,-13.16,-13.74,-14.10,-14.34,-13.93,-12.38,-10.07,-7.60
-1.44,-.48,-.01,.53,.61,-.49,-1.31,-1.46,-1.72,-2.10,-2.25,-2.02,-2.00,-2.45,-3.00,-3.64,-4.31,-4.85,-5.31,-5.80,-6.15,-6.19,-5.81,-5.32,-4.96,-5.22,-5.46,-5.56,-6.14,-7.94,-10.16,-12.06,-13.46,-14.33,-14.33,-12.96,-12.08,-12.86,-11.55,-9.73,-7.67,-5.43,-3.95,-3.86,-4.60,-4.86,-4.35,-3.78,-3.75,-4.42,-5.56,-6.89,-8.32,-9.78,-11.29,-12.73,-14.02,-15.07,-15.80,-16.06,-15.82,-14.90,-13.44,-11.59,-10.26,-10.32,-10.74,-10.93,-11.14,-11.72,-12.54,-12.96,-13.28,-13.58,-13.79,-13.89,-13.81,-13.79,-13.71,-13.42,-13.09,-12.50,-11.35
-1.77,-1.02,-.40,-.14,.75,.97,.61,1.00,.75,.16,.32,.08,-.80,-1.49,-1.89,-2.30,-2.56,-2.74,-2.98,-2.91,-2.64,-2.75,-3.05,-3.25,-3.34,-2.99,-2.99,-4.52,-6.41,-7.66,-9.33,-10.66,-11.56,-11.97,-12.19,-11.04,-10.08,-10.82,-10.40,-8.82,-7.19,-5.76,-5.19,-5.61,-6.65,-7.79,-8.46,-8.62,-8.60,-8.83,-9.50,-10.50,-11.54,-12.32,-13.04,-13.88,-14.71,-15.23,-15.18,-14.11,-12.12,-10.38,-9.90,-10.34,-11.16,-11.99,-12.59,-13.21,-13.94,-14.76,-15.46,-16.10,-16.32,-16.21,-15.98,-15.49,-14.59,-13.54,-12.84,-12.67,-12.86,-12.99,-12.90
-2.32,-1.04,-.44,.67,1.53,1.97,2.71,2.69,2.53,2.61,2.69,1.62,.33,-.17,-.25,.12,.25,-.07,.28,1.11,.25,-1.00,-1.38,-.91,.09,1.15,1.45,1.25,1.68,1.55,.22,-2.39,-5.84,-7.72,-8.78,-9.20,-8.87,-8.63,-7.54,-6.08,-5.22,-4.52,-4.09,-4.49,-5.58,-7.11,-8.51,-9.62,-10.44,-11.06,-11.74,-12.72,-13.84,-14.80,-15.71,-16.66,-17.32,-16.99,-15.15,-12.86,-12.29,-13.02,-13.83,-14.37,-14.91,-15.38,-15.97,-16.70,-17.31,-17.71,-17.77,-17.52,-16.97,-16.13,-15.29,-14.73,-14.50,-14.51,-14.58,-14.65,-14.66,-14.55,-14.34
