public/data/weather/current/current-wind_difference-surface-level-gfs-1.0.json
{"header": {"discipline":0,"disciplineName":"Meteorological products","gribEdition":2,"gribLength":130681,"center":7,"centerName":"US National Weather Service - NCEP(WMC)","subcenter":0,"refTime":"2014-11-13T18:00:00.000Z","significanceOfRT":1,"significanceOfRTName":"Start of forecast","productStatus":0,"productStatusName":"Operational products","productType":1,"productTypeName":"Forecast products","productDefinitionTemplate":0,"productDefinitionTemplateName":"Analysis/forecast at horizontal level/layer at a point in time","parameterCategory":2,"parameterCategoryName":"Momentum","parameterNumber":2,"parameterNumberName":"U-component_of_wind","parameterUnit":"m.s-1","genProcessType":2,"genProcessTypeName":"Forecast","forecastTime":0,"surface1Type":103,"surface1TypeName":"Specified height level above ground","surface1Value":10.0,"surface2Type":255,"surface2TypeName":"Missing","surface2Value":0.0,"gridDefinitionTemplate":0,"gridDefinitionTemplateName":"Latitude_Longitude","numberPoints":65160,"shape":6,"shapeName":"Earth spherical with radius of 6,371,229.0 m","gridUnits":"degrees","resolution":48,"winds":"true","scanMode":0,"nx":360,"ny":181,"basicAngle":0,"subDivisions":0,"lo1":0.0,"la1":90.0,"lo2":359.0,"la2":-90.0,"dx":1.0,"dy":1.0}, "data":
[rows 108 to 143 of 181, columns 164 to 245 of 360]
3.54,3.98,4.13,3.82,2.86,4.56,4.68,4.37,4.19,4.23,4.53,4.83,4.82,4.99,1.37,4.46,3.71,3.17,2.90,3.09,3.31,3.41,3.34,3.11,2.98,3.24,3.52,3.82,3.76,3.03,1.78,0.84,0.36,1.01,2.64,3.55,4.19,3.25,-2.66,-3.32,-3.59,-2.66,-2.02,-1.39,-0.81,-0.20,0.14,0.54,1.32,1.86,2.44,3.13,3.70,3.93,3.50,3.06,3.17,2.72,2.41,3.05,2.58,-1.62,-5.71,-6.78,-7.15,-5.78,-5.51,-5.75,-5.95,-6.50,-6.27,-5.41,-4.88,-4.52,-4.02,-3.73,-3.17,-2.94,-2.50,-1.85,-1.08,-0.19
2.61,3.44,3.98,3.95,2.95,1.95,4.44,4.00,4.10,4.15,4.02,4.14,4.19,4.08,4.47,4.77,4.34,3.76,3.51,3.48,3.42,3.18,2.68,2.47,2.84,3.45,3.70,3.58,3.46,3.40,2.94,1.50,1.01,1.10,2.24,3.37,4.21,4.55,-2.02,-3.80,-4.08,-3.63,-3.22,-2.61,-1.89,-1.18,-0.82,0.01,0.65,1.16,1.61,2.32,2.82,3.56,3.84,2.88,2.38,2.57,2.33,2.68,3.89,4.32,1.20,-1.77,-3.69,-6.07,-6.29,-6.15,-6.04,-6.26,-6.60,-6.23,-5.30,-4.85,-4.26,-3.79,-3.86,-3.51,-3.34,-3.24,-2.60,-0.85
1.03,3.62,3.71,3.38,3.33,2.42,3.29,3.84,4.04,4.11,3.98,3.83,3.84,3.89,3.91,3.99,3.95,3.98,3.82,3.28,2.68,2.44,2.05,1.49,1.53,2.27,2.90,3.07,3.01,2.68,2.98,3.17,2.61,2.12,1.86,2.49,3.82,4.55,2.35,-4.71,-4.36,-4.35,-4.36,-3.91,-3.18,-2.56,-2.06,-1.21,-0.32,0.35,1.05,1.57,1.78,2.08,3.14,3.22,2.68,2.74,2.53,2.20,2.63,3.28,3.77,3.39,3.08,2.52,-1.32,-4.41,-5.33,-5.56,-6.34,-6.58,-6.10,-5.52,-4.97,-4.46,-4.46,-4.36,-3.99,-4.21,-3.09,-1.33
1.65,0.61,3.98,4.41,3.95,3.68,3.51,3.54,3.51,3.66,3.60,3.46,3.36,3.31,3.48,3.61,3.47,3.37,3.13,2.79,2.51,1.95,1.39,0.71,0.71,1.27,1.82,1.52,1.89,2.06,2.01,2.36,2.46,2.69,2.74,2.54,3.18,3.74,5.26,0.10,-5.37,-5.47,-5.53,-5.18,-4.51,-3.89,-3.42,-2.76,-1.64,-0.84,-0.40,0.04,0.70,1.12,2.53,3.51,3.98,4.24,4.31,4.05,3.48,3.02,2.83,2.53,2.76,3.81,5.38,5.08,-1.57,-4.86,-6.70,-6.78,-6.53,-6.31,-6.00,-5.41,-5.25,-4.77,-4.51,-4.55,-3.83,-2.68
2.51,2.53,2.23,4.87,5.22,5.16,5.40,5.74,5.88,5.38,4.36,2.77,2.23,2.64,2.79,2.81,2.90,2.64,2.62,2.30,2.07,1.64,0.77,0.11,0.22,0.61,0.88,0.92,1.14,1.74,1.46,1.11,1.01,1.24,1.72,2.11,2.44,3.03,3.48,4.86,-0.84,-5.46,-6.31,-6.08,-6.03,-5.51,-4.79,-3.77,-2.77,-1.90,-1.44,-0.95,-0.13,0.71,1.72,2.65,2.86,2.94,3.05,3.27,3.67,4.01,4.05,3.31,3.11,3.85,4.40,5.21,5.57,1.94,-3.28,-6.43,-6.82,-6.95,-6.82,-6.28,-5.91,-5.60,-5.41,-5.33,-4.80,-3.72
3.59,3.82,3.87,4.19,4.52,4.61,4.83,5.37,6.02,6.36,6.41,6.25,5.68,3.83,2.27,1.48,1.35,1.97,2.11,1.77,1.61,1.31,0.56,-0.06,0.23,0.59,0.67,0.65,0.66,1.24,1.47,1.35,1.25,0.77,0.61,1.10,1.77,2.44,2.80,3.09,4.18,-1.28,-6.40,-6.82,-6.12,-6.33,-5.81,-4.32,-3.65,-3.01,-2.45,-1.75,-0.74,0.02,0.70,1.59,2.10,2.27,2.22,2.35,2.66,2.93,3.18,3.59,3.81,4.12,4.35,4.60,4.75,5.73,5.61,-1.02,-5.47,-6.74,-7.14,-6.97,-6.29,-5.81,-5.62,-5.59,-5.20,-5.03
3.64,3.49,3.31,3.28,3.71,4.16,4.77,5.78,6.77,7.51,7.61,7.37,7.35,7.56,7.37,6.18,3.74,1.24,0.47,1.03,0.52,0.34,0.11,-0.29,-0.25,-0.01,-0.14,0.13,0.25,0.67,1.27,0.32,1.26,1.80,1.22,0.78,0.94,1.04,1.95,2.44,2.74,4.33,-2.80,-6.80,-6.34,-6.04,-6.59,-5.68,-4.67,-4.17,-3.37,-2.65,-1.78,-0.93,0.17,1.25,1.81,1.83,1.67,1.67,1.95,2.34,2.64,2.87,3.15,3.55,4.11,4.54,4.75,5.05,6.24,6.55,-0.77,-6.85,-7.94,-7.42,-6.98,-6.56,-6.04,-5.49,-4.49,-4.61
2.79,3.43,4.10,4.46,5.22,5.73,6.23,6.76,7.26,7.73,7.84,8.04,8.03,8.13,8.29,8.07,8.16,7.83,4.62,0.06,-0.94,-1.12,-1.13,-1.01,-1.04,-0.87,-0.63,-0.84,-0.81,-0.30,0.53,1.22,0.55,0.63,1.53,0.98,0.89,1.11,0.77,1.48,2.13,2.40,3.26,-4.16,-7.27,-6.80,-7.79,-8.02,-6.55,-5.25,-4.29,-3.32,-2.71,-2.06,-0.79,0.48,1.40,1.21,0.99,1.11,1.31,1.57,1.88,2.18,2.57,3.00,3.30,3.85,4.63,5.16,5.26,5.99,6.39,-1.44,-7.30,-7.96,-7.64,-7.08,-6.76,-6.31,-5.89,-5.73
3.04,4.03,4.57,4.99,5.51,5.80,5.99,6.23,6.57,6.94,7.41,7.81,7.96,7.91,8.01,8.10,8.21,8.10,8.38,7.83,2.01,-2.28,-2.27,-2.52,-2.03,-1.62,-1.36,-1.60,-1.62,-1.34,-0.70,0.06,0.30,0.71,1.62,1.70,1.34,1.07,1.01,0.40,0.47,1.10,1.52,1.89,-5.17,-8.82,-7.71,-7.39,-7.02,-5.93,-5.19,-4.23,-3.25,-2.21,-1.37,-0.39,0.52,0.24,0.12,0.68,1.14,1.26,1.77,2.21,2.44,2.88,3.56,4.38,4.90,5.37,5.85,5.94,6.41,6.50,-2.23,-7.29,-7.51,-7.18,-6.77,-6.60,-6.45,-6.28
2.56,2.75,2.98,3.34,3.96,4.58,4.94,5.29,5.88,6.64,7.29,7.71,7.86,7.74,7.50,7.23,7.16,7.44,7.67,7.73,8.80,3.45,-3.84,-3.73,-3.56,-2.85,-2.62,-2.55,-2.60,-2.05,-1.67,-1.19,-0.60,-0.23,0.30,1.57,1.79,1.35,0.60,0.06,-0.55,-0.71,0.25,0.82,0.00,-6.23,-9.34,-8.89,-7.62,-6.51,-5.64,-4.98,-3.87,-2.93,-2.26,-1.47,-0.01,0.36,0.52,1.00,2.40,3.30,3.50,4.03,4.62,4.92,5.37,5.85,6.15,6.39,6.30,6.26,5.99,6.01,6.22,-1.08,-7.18,-6.51,-6.17,-6.44,-6.54,-6.16
1.30,1.72,2.19,2.76,3.39,4.04,4.57,5.04,5.52,6.08,6.76,7.31,7.48,7.39,7.15,6.93,6.82,6.69,6.91,7.32,7.51,8.50,4.36,-4.70,-4.47,-4.07,-3.70,-3.57,-3.46,-3.14,-2.44,-1.73,-0.92,-0.44,-0.70,0.46,1.17,1.21,0.41,-0.43,-0.87,-1.20,-1.10,-0.37,-0.52,-2.80,-8.23,-8.58,-7.99,-7.52,-6.66,-5.60,-4.43,-3.27,-2.69,-2.31,-0.89,0.86,1.43,1.77,3.63,3.82,4.06,4.26,4.45,4.87,5.22,5.84,5.90,5.78,5.83,5.98,5.80,5.29,4.60,4.62,2.20,-5.30,-6.45,-5.17,-6.79,-6.90
0.14,0.75,1.40,2.03,2.86,3.72,4.40,4.89,5.30,6.18,6.86,7.26,7.41,7.17,6.67,6.22,6.05,5.85,5.81,6.08,6.75,7.18,7.11,4.40,-5.32,-5.71,-4.84,-4.54,-4.19,-3.84,-3.11,-2.05,-1.34,-1.10,-0.85,0.09,0.68,0.71,-0.15,-1.27,-1.73,-1.62,-1.38,-1.14,-1.02,-1.79,-8.10,-9.27,-8.29,-7.93,-7.51,-6.79,-5.35,-3.61,-2.79,-2.31,-0.97,0.26,1.65,1.95,1.72,2.18,2.74,3.00,2.94,3.23,3.96,5.08,5.83,6.21,6.27,5.84,5.57,5.14,4.65,3.81,2.69,2.30,-2.07,-5.29,-6.81,-7.78
-0.27,0.52,1.34,2.20,2.91,3.61,4.46,5.04,5.65,6.40,6.79,6.86,6.73,6.44,6.48,6.50,5.86,4.93,4.55,4.77,5.16,5.85,6.69,6.03,4.40,-5.16,-7.13,-5.63,-5.11,-4.67,-3.82,-2.75,-2.04,-1.71,-0.48,-0.08,0.12,0.40,0.01,-1.14,-2.53,-3.05,-2.89,-2.38,-1.45,-1.73,-6.65,-9.48,-9.12,-8.44,-7.91,-7.53,-5.80,-4.09,-3.23,-2.37,-1.37,-0.83,-0.15,0.33,1.22,2.11,2.56,2.86,2.99,3.27,2.97,3.26,4.38,4.94,5.52,5.83,6.01,5.62,4.41,3.72,3.04,1.36,0.61,1.08,-1.72,-7.84
-0.20,0.79,1.99,3.03,3.79,4.48,4.99,5.17,5.79,6.34,6.76,6.90,6.61,6.15,5.91,5.92,5.24,4.35,3.72,3.39,3.65,4.35,4.92,5.73,4.88,3.73,-5.74,-8.10,-7.21,-6.38,-5.11,-3.59,-2.58,-1.91,-1.54,-0.28,0.30,-0.07,-0.11,-0.42,-1.65,-3.28,-4.06,-3.84,-2.72,-2.42,-5.02,-9.11,-9.47,-8.57,-7.93,-7.41,-6.19,-4.81,-3.32,-2.24,-1.21,-0.41,0.25,1.58,2.59,2.97,3.42,3.54,3.78,4.37,5.10,5.32,5.40,5.32,4.85,4.64,4.65,4.91,4.77,4.04,3.40,2.77,0.95,-0.70,0.31,-2.08
0.23,1.62,2.82,3.73,4.11,4.29,4.64,5.25,5.65,6.08,6.36,6.62,6.88,6.90,6.28,5.65,5.18,4.51,3.53,2.97,2.59,2.91,3.47,3.95,4.67,4.18,2.60,-6.91,-8.83,-8.01,-6.75,-5.19,-3.68,-2.47,-1.42,-0.12,0.88,0.22,-0.37,-0.43,-1.11,-3.00,-4.68,-5.01,-4.62,-3.38,-5.54,-9.84,-9.84,-8.42,-7.58,-7.03,-6.27,-5.01,-3.94,-2.42,-1.35,-0.82,0.07,0.74,1.08,1.77,2.66,3.47,3.99,4.17,4.30,4.42,4.53,4.49,4.65,4.79,4.51,3.62,2.78,2.77,3.21,3.12,2.23,0.85,-1.27,-0.79
0.85,2.52,3.83,4.35,4.51,4.76,5.19,5.45,5.91,6.27,6.38,6.65,6.78,6.71,6.49,6.15,5.37,3.77,2.45,1.80,1.86,1.82,1.83,2.33,2.94,3.63,5.37,0.93,-8.37,-9.04,-8.05,-6.60,-5.10,-3.39,-1.54,-0.10,1.21,0.30,-0.35,-0.32,-1.19,-2.72,-4.03,-4.72,-4.93,-4.42,-6.59,-10.02,-9.96,-8.69,-7.42,-6.96,-6.31,-5.24,-4.13,-3.13,-2.01,-1.23,-0.68,0.49,1.35,2.21,3.28,4.19,4.79,5.15,5.16,4.66,3.92,3.18,2.71,3.13,3.49,3.36,2.65,1.66,1.33,1.92,2.47,1.87,0.27,-1.95
1.04,3.09,4.43,5.05,5.26,5.15,5.28,5.20,5.46,5.75,6.28,6.69,6.93,6.87,6.63,6.75,5.97,2.94,1.41,1.97,2.24,1.22,0.55,0.47,1.18,1.87,3.70,6.60,-0.66,-10.03,-8.77,-7.77,-6.24,-4.30,-2.17,-0.03,1.47,0.32,0.57,0.53,-0.64,-2.40,-2.80,-3.86,-4.69,-5.33,-8.08,-10.54,-9.88,-8.75,-7.63,-6.94,-6.58,-5.48,-4.39,-3.14,-1.78,-0.01,1.45,2.42,3.27,4.21,5.03,5.63,6.14,6.58,6.85,6.73,6.07,5.14,4.13,3.10,2.14,1.24,1.05,1.20,0.86,-0.02,0.84,2.06,1.57,-1.19
1.38,3.04,4.35,5.17,5.40,5.33,5.49,5.20,5.24,4.84,2.36,5.97,6.66,6.83,7.29,7.48,5.09,2.57,2.15,2.56,3.30,2.84,0.86,0.09,0.06,0.26,0.87,3.92,6.54,-4.61,-10.61,-8.62,-7.09,-5.27,-2.98,-0.33,1.48,0.34,0.23,0.02,-0.42,-1.70,-3.04,-3.87,-5.05,-6.83,-9.13,-10.08,-9.43,-8.38,-7.12,-6.60,-6.67,-5.65,-4.42,-2.85,-0.89,0.96,2.09,3.03,3.89,4.68,5.59,6.29,6.77,7.11,7.06,6.61,5.99,5.50,4.84,4.17,3.59,3.01,1.58,-0.05,-1.15,-1.63,-1.90,-0.67,0.74,-0.18
1.42,2.96,4.26,5.19,5.37,5.13,5.14,5.15,5.37,6.34,2.88,5.38,7.09,7.24,7.18,6.57,4.74,2.77,1.51,2.37,3.45,3.40,1.78,0.41,-0.39,-0.57,-1.41,-0.24,3.84,4.41,-10.79,-9.98,-8.08,-6.29,-3.98,-1.09,1.08,0.48,-0.36,-0.33,-0.38,-0.97,-2.33,-3.62,-6.70,-8.58,-9.90,-9.76,-8.75,-7.70,-6.79,-6.34,-5.79,-4.73,-3.60,-1.65,0.58,2.01,2.83,3.82,4.98,5.93,6.31,6.56,6.83,7.08,7.08,6.61,5.84,4.88,3.93,3.18,2.48,1.89,1.73,1.65,0.29,-2.55,-3.71,-3.77,-1.77,-0.17
2.20,3.57,4.57,5.38,5.68,5.41,4.85,5.00,5.16,5.75,6.91,4.45,4.34,6.12,6.13,3.55,1.77,0.64,1.28,2.28,2.76,2.65,1.62,0.48,-0.45,-1.32,-1.68,-2.64,-0.29,5.20,-7.13,-11.53,-9.42,-7.36,-5.22,-2.36,-0.01,0.28,-0.48,-0.58,-0.21,-1.08,-2.99,-5.00,-7.51,-8.88,-9.17,-8.33,-7.50,-6.75,-6.23,-5.66,-5.43,-4.54,-2.71,-0.47,1.48,2.56,3.37,4.31,5.41,6.41,7.18,7.92,8.18,8.03,7.57,6.88,5.82,4.64,3.89,3.07,2.33,1.45,0.57,0.15,0.28,-0.51,-2.86,-4.80,-4.53,-2.18
2.67,3.91,4.93,5.71,6.07,5.81,5.27,5.12,5.22,6.08,7.26,3.37,2.05,3.62,0.44,-0.02,0.09,0.72,2.57,3.29,2.87,1.92,0.64,-0.81,-1.30,-1.63,-1.95,-3.18,-3.33,2.28,-0.47,-12.44,-10.64,-8.45,-6.61,-3.79,-1.19,-0.79,-0.51,-0.39,-1.03,-2.21,-5.12,-6.21,-7.41,-8.18,-8.05,-7.56,-7.14,-6.25,-5.48,-5.11,-4.58,-3.64,-1.52,0.32,1.41,2.25,3.36,4.79,6.77,8.20,8.92,9.35,9.83,10.17,10.01,9.09,7.84,6.08,3.87,2.26,1.55,0.43,-0.22,-0.44,-0.72,-0.72,-1.65,-3.72,-5.56,-4.67
3.12,4.51,5.53,6.29,6.49,6.25,5.71,5.89,6.27,6.78,4.61,0.46,1.66,-0.81,1.52,4.59,5.12,5.71,5.72,3.77,2.00,0.97,-0.05,-1.85,-3.05,-2.72,-2.53,-3.28,-4.48,-2.17,3.99,-11.03,-11.22,-9.73,-7.87,-5.25,-2.17,-1.38,-1.25,-0.94,-2.05,-4.71,-7.36,-7.62,-7.78,-7.52,-6.96,-6.49,-6.07,-5.87,-5.45,-4.90,-4.11,-2.26,-0.87,0.53,1.71,2.70,4.08,5.88,7.80,9.17,9.94,10.68,11.48,12.16,12.32,11.84,10.81,9.27,7.51,4.92,2.26,0.28,-0.46,-0.71,-0.91,-1.42,-2.08,-3.52,-5.53,-6.22
3.11,4.42,5.62,6.39,6.79,7.11,7.10,6.82,6.97,6.11,1.95,-0.71,-0.57,3.98,8.31,9.01,9.00,8.51,6.91,4.88,1.61,-0.93,-1.38,-1.56,-3.72,-4.33,-3.54,-3.18,-4.31,-4.93,2.10,-7.42,-11.76,-10.80,-8.78,-6.43,-3.49,-2.23,-1.71,-1.76,-4.03,-7.71,-8.83,-8.87,-8.30,-7.71,-7.21,-6.90,-6.50,-6.01,-5.64,-4.87,-3.37,-2.15,-0.89,0.59,1.94,3.22,5.07,7.31,8.94,10.09,10.92,11.63,12.49,13.30,13.64,13.58,12.86,11.90,10.42,8.00,5.69,2.32,-0.60,-1.46,-1.49,-1.45,-1.88,-3.34,-5.58,-7.29
3.24,4.43,5.64,6.68,7.51,8.04,8.35,7.49,3.41,0.80,-0.33,1.96,2.29,11.07,12.04,11.60,11.21,10.29,7.91,4.58,2.10,-1.57,-2.83,-2.05,-3.29,-5.01,-4.75,-4.03,-4.55,-6.10,-2.02,-5.04,-12.09,-11.26,-9.38,-7.33,-4.98,-3.73,-3.35,-3.44,-6.80,-9.39,-10.22,-9.81,-8.50,-7.60,-7.31,-6.97,-6.52,-6.00,-5.24,-4.81,-3.76,-2.33,-0.51,1.24,3.08,4.87,6.14,7.51,9.20,10.87,12.19,13.16,13.96,14.70,14.69,13.99,13.32,12.28,10.93,9.54,8.15,6.06,2.55,-0.60,-1.73,-1.95,-2.05,-2.67,-4.82,-7.61
3.31,4.65,5.70,7.12,8.23,9.48,8.75,4.24,-0.45,0.87,4.40,8.91,10.28,11.59,11.97,11.86,11.33,10.44,7.79,4.47,0.26,-2.01,-2.85,-2.92,-3.36,-4.79,-4.73,-4.27,-5.17,-6.66,-4.97,-5.42,-12.42,-11.36,-9.96,-8.27,-6.55,-5.51,-5.30,-6.26,-8.50,-9.87,-10.27,-9.63,-8.62,-7.64,-6.88,-6.30,-5.83,-5.53,-5.62,-5.49,-4.33,-2.51,-0.25,1.95,3.71,4.79,6.15,8.06,10.01,11.82,13.48,14.68,15.26,15.20,15.01,14.53,13.02,11.85,11.03,9.57,7.55,6.43,4.41,1.41,-0.93,-2.13,-2.59,-2.97,-4.53,-7.27
3.32,4.56,5.74,7.06,9.46,8.70,3.28,0.93,0.89,2.19,8.63,9.35,10.82,12.40,12.66,12.80,12.88,11.52,7.09,2.28,-0.42,-3.35,-3.86,-3.55,-3.52,-4.77,-4.26,-4.04,-5.86,-6.69,-6.67,-7.50,-12.70,-11.50,-10.56,-9.29,-7.89,-7.32,-7.42,-8.16,-9.46,-10.61,-10.14,-9.23,-8.33,-7.80,-7.25,-6.53,-6.15,-6.07,-6.35,-5.89,-4.22,-2.35,-0.32,1.75,3.05,4.49,6.47,8.43,10.57,12.75,14.39,15.36,15.91,16.44,16.07,14.39,13.20,11.65,9.72,8.66,7.28,5.46,3.52,1.69,-0.02,-1.61,-2.89,-3.72,-5.14,-7.57
2.36,3.64,4.91,7.64,5.97,1.75,0.25,0.34,7.43,11.21,11.09,10.52,11.51,12.03,12.91,13.39,13.31,12.80,9.29,1.87,-3.40,-4.90,-3.73,-3.03,-3.66,-4.18,-1.91,-2.46,-6.21,-6.50,-7.75,-10.04,-12.47,-11.56,-11.03,-9.96,-8.86,-8.96,-9.19,-9.86,-10.82,-11.12,-10.40,-9.40,-8.41,-7.42,-7.08,-7.03,-7.07,-6.97,-6.80,-5.68,-3.92,-3.03,-0.75,1.23,2.50,4.30,6.54,9.00,11.55,13.37,14.68,15.73,16.68,16.73,15.92,15.57,14.74,13.17,10.97,9.01,7.57,6.00,3.75,1.83,0.45,-1.58,-3.44,-4.39,-5.65,-8.22
0.99,1.98,3.36,3.33,-0.94,-0.19,-0.74,2.47,10.64,10.86,10.66,11.03,11.35,11.92,12.61,13.08,12.45,11.61,10.32,5.42,-0.62,-3.26,-2.43,-2.54,-3.54,-1.26,1.68,-1.07,-5.10,-5.95,-9.66,-11.93,-12.60,-12.14,-11.60,-10.41,-9.91,-10.04,-10.57,-11.36,-11.80,-11.70,-11.51,-10.71,-9.39,-8.00,-7.46,-7.53,-7.62,-7.55,-6.82,-5.39,-4.63,-3.24,-0.94,0.42,2.00,4.20,6.84,9.65,12.02,13.69,14.99,16.14,16.76,16.43,15.84,15.91,16.64,16.25,13.09,10.18,8.42,7.13,6.05,3.39,0.26,-1.66,-3.24,-5.09,-6.13,-7.63
-0.53,0.06,-1.73,-2.03,-2.25,-2.24,-0.88,5.82,8.19,9.29,9.99,10.29,10.82,11.18,11.64,11.76,10.56,8.84,8.13,6.26,3.14,0.83,-0.87,-2.80,-0.76,2.85,3.24,-2.50,-3.57,-4.15,-11.92,-12.47,-12.60,-12.30,-11.59,-10.72,-10.56,-11.42,-12.02,-12.39,-12.55,-12.37,-11.81,-10.69,-9.36,-8.60,-8.42,-8.29,-8.18,-7.73,-6.60,-5.95,-5.40,-3.72,-2.04,-0.40,1.69,4.36,7.20,9.85,12.10,13.89,15.28,16.15,16.20,15.97,16.21,16.00,15.81,14.95,12.41,10.83,8.70,7.36,8.08,5.05,0.73,-1.37,-2.08,-4.04,-4.35,-3.36
-1.83,-1.43,-1.90,-2.56,-0.66,0.04,3.15,5.75,7.08,8.22,8.92,9.24,9.85,10.31,10.44,10.04,8.76,7.56,7.23,6.86,2.97,-1.07,-2.60,-0.87,2.39,3.35,2.49,-3.87,-3.84,-3.11,-12.36,-11.46,-11.94,-11.72,-11.29,-11.03,-11.27,-12.29,-12.77,-12.70,-12.60,-12.42,-11.75,-10.94,-10.21,-9.70,-9.40,-9.07,-8.66,-7.90,-7.09,-6.79,-6.16,-4.61,-2.88,-0.96,1.62,4.57,7.38,9.82,11.98,13.93,15.26,15.61,15.51,15.64,16.25,16.71,18.61,19.48,15.25,11.44,7.03,5.71,7.44,4.00,0.80,0.44,-0.17,-2.51,-4.52,-4.20
-2.21,-1.81,-2.34,-2.57,-1.78,0.10,2.33,4.00,5.41,7.56,8.06,8.23,8.75,9.37,10.55,10.52,8.28,6.98,5.76,5.60,3.87,2.17,1.42,1.93,2.78,2.48,0.71,-6.18,-6.56,-3.90,-10.50,-10.14,-10.58,-10.73,-10.97,-11.33,-11.94,-12.86,-13.33,-13.07,-13.01,-12.88,-12.42,-11.74,-11.15,-10.77,-10.38,-9.70,-8.93,-8.07,-7.58,-7.90,-7.82,-5.85,-3.86,-1.56,1.62,4.53,7.12,9.53,11.78,13.94,15.12,15.33,15.53,15.83,16.60,17.30,18.30,19.99,17.74,11.19,5.01,3.68,1.77,1.82,1.79,2.27,1.63,-0.85,-3.31,-4.33
-2.54,-2.31,-2.81,-3.48,-3.22,-1.84,-0.09,1.57,4.28,6.44,7.19,7.20,7.64,8.36,9.36,10.42,9.38,7.15,4.54,2.21,3.26,4.02,3.44,4.59,4.18,0.73,-2.76,-8.42,-7.79,-5.10,-10.62,-9.82,-9.39,-9.51,-10.26,-11.48,-12.43,-13.35,-13.89,-13.85,-13.75,-13.48,-13.05,-12.20,-11.32,-10.87,-10.52,-9.93,-9.28,-8.39,-8.22,-9.16,-9.15,-7.10,-5.05,-2.42,1.01,3.73,6.16,8.78,11.28,13.57,15.00,15.42,15.63,16.12,16.83,18.21,19.69,21.11,19.43,11.87,5.54,3.58,0.52,1.56,1.34,1.95,3.12,3.30,2.05,0.15
-3.43,-2.51,-2.61,-3.60,-4.30,-3.70,-2.38,-0.95,1.86,4.66,6.04,6.37,6.26,7.07,8.11,8.84,8.73,7.02,4.93,1.31,0.82,3.68,5.42,8.25,5.28,-1.77,-5.34,-7.45,-5.14,-7.06,-11.70,-10.32,-9.65,-9.10,-9.52,-11.11,-12.82,-13.56,-14.31,-14.42,-14.49,-14.14,-13.55,-12.74,-11.84,-11.26,-10.74,-10.10,-9.41,-8.54,-8.56,-9.53,-9.49,-7.74,-5.85,-3.13,0.26,2.80,5.11,7.74,10.22,12.43,14.06,14.87,15.31,15.93,16.48,17.83,19.56,20.05,20.99,16.27,8.44,3.03,2.11,2.29,1.51,1.46,2.00,1.60,0.46,-0.06
-2.06,-1.71,-2.11,-3.62,-4.91,-4.54,-3.63,-2.78,-0.21,2.67,4.60,5.58,5.24,5.58,6.87,7.33,7.71,7.04,5.37,2.75,-0.08,1.40,3.94,6.77,5.55,-1.34,-3.93,-3.73,-3.61,-7.76,-8.87,-8.22,-8.37,-8.71,-9.16,-10.34,-12.13,-13.16,-14.16,-14.49,-14.20,-14.09,-13.71,-13.02,-12.10,-11.36,-11.10,-10.75,-9.98,-8.72,-8.36,-9.43,-9.61,-8.07,-6.30,-3.88,-0.68,2.05,4.24,6.67,8.96,11.01,12.69,13.71,14.38,15.23,15.71,16.24,17.96,18.49,18.72,19.68,14.53,8.25,6.73,6.42,5.62,5.42,4.89,3.54,1.93,0.98
-2.23,-1.86,-2.22,-3.33,-4.29,-4.37,-4.49,-4.38,-2.36,0.52,2.82,4.12,4.06,4.10,5.34,6.14,6.51,6.61,5.63,3.72,1.17,0.26,1.97,3.22,4.39,1.81,-3.23,-3.36,-2.46,-4.03,-5.49,-6.43,-6.92,-7.74,-8.96,-9.95,-11.34,-12.72,-13.95,-14.64,-14.71,-14.39,-13.90,-13.27,-12.33,-11.54,-11.34,-11.30,-10.79,-9.53,-8.89,-9.88,-9.93,-8.62,-6.79,-4.93,-2.34,0.41,2.73,5.13,7.38,9.22,11.01,12.44,13.34,14.06,14.55,14.61,15.11,16.42,16.71,16.30,16.98,14.64,9.61,7.14,6.75,6.63,6.41,5.89,4.91,4.12
-0.77,0.54,0.86,0.00,-1.42,-2.84,-4.54,-5.73,-4.38,-1.58,0.84,2.41,2.89,3.13,3.98,5.02,5.73,5.76,5.00,3.40,1.70,0.39,0.41,1.75,2.43,1.51,-2.50,-4.74,-3.88,-3.15,-3.02,-3.53,-4.69,-6.68,-8.51,-9.77,-11.38,-12.70,-13.69,-14.61,-15.02,-14.98,-14.16,-13.07,-12.28,-11.83,-11.69,-11.58,-10.95,-9.69,-9.23,-10.11,-10.10,-9.27,-7.56,-5.95,-3.92,-1.60,0.58,3.00,5.47,7.56,9.25,10.73,11.98,12.98,13.66,13.86,13.62,13.61,14.07,13.76,13.08,12.50,10.91,9.15,8.26,7.89,7.47,6.78,6.15,5.89
