public/data/weather/current/current-temp-surface-level-gfs-1.0.json
{"header": {"discipline":0,"disciplineName":"Meteorologicalproducts","gribEdition":2,"gribLength":61787,"center":7,"centerName":"USNationalWeatherService-NCEP(WMC)","subcenter":0,"refTime":"2014-11-30T06:00:00.000Z","significanceOfRT":1,"significanceOfRTName":"Startofforecast","productStatus":0,"productStatusName":"Operationalproducts","productType":1,"productTypeName":"Forecastproducts","productDefinitionTemplate":0,"productDefinitionTemplateName":"Analysis/forecastathorizontallevel/layeratapointintime","parameterCategory":0,"parameterCategoryName":"Temperature","parameterNumber":0,"parameterNumberName":"Temperature","parameterUnit":"K","genProcessType":2,"genProcessTypeName":"Forecast","forecastTime":6,"surface1Type":103,"surface1TypeName":"Specifiedheightlevelaboveground","surface1Value":2,"surface2Type":255,"surface2TypeName":"Missing","surface2Value":0,"gridDefinitionTemplate":0,"gridDefinitionTemplateName":"Latitude_Longitude","numberPoints":65160,"shape":6,"shapeName":"Earthsphericalwithradiusof6,371,229.0m","gridUnits":"degrees","resolution":48,"winds":"true","scanMode":0,"nx":360,"ny":181,"basicAngle":0,"subDivisions":0,"lo1":0,"la1":90,"lo2":359,"la2":-90,"dx":1,"dy":1}, "data":
[rows 0 to 37 of 181, columns 168 to 251 of 360]
1.00,1.00,1.00,1.00,1.00,1.00,1.00,1.00,1.00,1.00,1.00,1.00,1.00,1.00,1.00,1.00,1.00,1.00,1.00,1.00,1.00,1.00,1.00,1.00,1.00,1.00,1.00,1.00,1.00,1.00,1.00,1.00,1.00,1.00,1.00,1.00,1.00,1.00,1.00,1.00,1.00,1.00,1.00,1.00,1.00,1.00,1.00,1.00,1.00,1.00,1.00,1.00,1.00,1.00,1.00,1.00,1.00,1.00,1.00,1.00,1.00,1.00,1.00,1.00,1.00,1.00,1.00,1.00,1.00,1.00,1.00,1.00,1.00,1.00,1.00,1.00,1.00,1.00,1.00,1.00,1.00,1.00,1.00,1.00
1.34,1.37,1.41,1.43,1.46,1.47,1.49,1.52,1.54,1.57,1.59,1.63,1.65,1.67,1.70,1.71,1.73,1.75,1.78,1.80,1.83,1.85,1.87,1.91,1.94,1.96,2.00,2.03,2.06,2.10,2.12,2.15,2.17,2.19,2.21,2.23,2.24,2.25,2.28,2.30,2.29,2.30,2.30,2.31,2.30,2.30,2.29,2.29,2.27,2.27,2.26,2.24,2.24,2.23,2.21,2.18,2.15,2.14,2.10,2.06,2.01,1.98,1.93,1.89,1.86,1.82,1.79,1.74,1.70,1.65,1.61,1.57,1.54,1.48,1.46,1.40,1.36,1.32,1.28,1.23,1.19,1.13,1.10,1.04
2.53,2.46,2.39,2.36,2.33,2.33,2.34,2.38,2.41,2.45,2.51,2.57,2.62,2.67,2.72,2.76,2.82,2.88,2.92,2.95,3.00,3.03,3.07,3.09,3.11,3.15,3.17,3.20,3.22,3.25,3.29,3.30,3.31,3.32,3.33,3.33,3.34,3.35,3.35,3.35,3.35,3.33,3.30,3.27,3.23,3.18,3.09,2.99,2.88,2.75,2.62,2.45,2.25,2.04,1.81,1.58,1.34,1.07,1.00,1.00,1.00,1.00,1.00,1.00,1.15,1.51,1.87,2.22,2.57,2.89,3.19,3.48,3.76,3.98,3.76,3.51,3.25,3.00,2.78,2.56,2.37,2.17,2.00,1.85
4.46,4.48,4.48,4.51,4.54,4.56,4.62,4.67,4.68,4.69,4.68,4.69,4.68,4.72,4.73,4.73,4.74,4.76,4.78,4.81,4.83,4.88,4.89,4.91,4.91,4.92,4.92,4.93,4.99,5.05,5.10,5.14,5.19,5.23,5.27,5.33,5.38,5.41,5.45,5.52,5.64,5.76,5.86,5.96,6.05,6.15,6.21,6.29,6.37,6.44,6.46,6.46,6.45,6.41,6.37,6.30,6.23,6.14,6.05,5.94,5.85,5.75,5.64,5.52,5.43,5.35,5.31,5.26,5.20,5.16,5.13,5.16,5.18,5.21,5.25,5.29,5.32,5.32,5.31,5.31,5.24,5.13,5.00,4.85
3.60,4.15,4.73,5.35,5.98,6.59,7.14,7.63,8.07,8.44,8.78,9.07,9.30,9.55,9.80,10.03,10.25,10.52,10.77,11.02,11.26,11.48,11.70,11.87,12.02,12.14,12.20,12.21,12.19,12.11,11.99,11.84,11.69,11.54,11.40,11.28,11.18,11.09,11.01,10.91,10.80,10.68,10.54,10.43,10.30,10.14,9.99,9.80,9.61,9.43,9.29,9.20,9.12,9.06,9.06,9.12,9.20,9.30,9.37,9.44,9.46,9.45,9.42,9.30,9.19,9.04,8.88,8.73,8.60,8.50,8.44,8.41,8.41,8.42,8.46,8.48,8.44,8.36,8.22,7.98,7.68,7.34,6.94,6.52
6.82,6.50,6.13,5.74,5.38,5.00,4.68,4.37,4.08,3.80,3.57,3.37,3.20,3.07,3.00,2.93,2.88,2.82,2.74,2.66,2.58,2.48,2.38,2.28,2.18,2.08,1.97,1.84,1.74,1.61,1.48,1.31,1.15,1.00,1.00,1.00,1.00,1.00,1.00,1.00,1.03,1.73,2.75,4.06,5.72,7.64,9.67,11.27,11.75,10.99,9.87,8.99,8.48,8.26,8.34,8.60,8.77,8.91,8.97,8.91,8.82,8.61,8.48,8.40,8.42,8.55,8.77,9.03,9.31,9.54,9.75,9.91,10.03,10.11,10.19,10.28,10.31,10.15,9.83,9.28,8.48,7.46,6.39,5.33
3.67,3.59,3.48,3.35,3.26,3.16,3.09,3.05,3.00,2.99,2.95,2.96,2.91,2.83,2.73,2.65,2.53,2.43,2.30,2.19,2.09,2.00,1.91,1.83,1.74,1.66,1.56,1.46,1.31,1.21,1.05,1.00,1.00,1.00,1.00,1.00,1.00,1.00,1.00,1.00,1.00,1.00,1.00,1.00,1.00,1.00,1.00,1.00,1.00,1.00,1.00,1.19,2.03,2.80,3.43,3.60,3.08,1.73,1.00,3.68,6.93,10.11,10.57,8.62,7.74,7.61,8.03,8.82,9.59,10.00,10.01,9.76,9.46,9.24,9.07,8.89,8.63,8.25,7.91,7.75,7.67,7.05,5.60,3.88
2.65,2.72,2.70,2.62,2.53,2.46,2.42,2.34,2.33,2.28,2.26,2.23,2.18,2.12,2.08,1.95,1.85,1.76,1.66,1.56,1.49,1.37,1.27,1.16,1.05,1.00,1.00,1.00,1.00,1.00,1.00,1.00,1.00,1.00,1.00,1.00,1.00,1.05,1.19,1.34,1.49,1.63,1.68,1.75,1.79,1.84,1.86,1.88,1.86,1.83,1.80,1.82,1.93,2.04,2.18,2.29,2.38,2.47,2.53,2.52,2.56,2.70,2.90,3.10,3.21,3.12,2.77,2.14,1.42,1.00,1.00,1.31,2.25,2.93,3.27,3.28,3.03,2.64,2.21,1.63,1.00,1.00,1.00,1.06
1.00,1.00,1.00,1.00,1.00,1.00,1.00,1.00,1.00,1.00,1.00,1.00,1.01,1.04,1.06,1.06,1.05,1.02,1.00,1.00,1.00,1.00,1.00,1.00,1.00,1.00,1.00,1.00,1.00,1.00,1.22,1.47,1.73,1.99,2.25,2.54,2.82,3.14,3.50,3.88,4.23,4.54,4.80,4.98,5.13,5.24,5.30,5.29,5.22,5.08,4.93,4.80,4.75,4.71,4.65,4.52,4.35,4.17,4.03,3.92,3.81,3.65,3.43,3.17,2.92,2.63,2.34,2.07,1.80,1.63,1.50,1.38,1.25,1.15,1.01,1.00,1.00,1.00,1.08,1.27,1.41,1.53,1.66,1.87
1.00,1.00,1.00,1.00,1.00,1.00,1.00,1.00,1.00,1.00,1.00,1.00,1.00,1.00,1.00,1.00,1.00,1.00,1.00,1.01,1.00,1.02,1.00,1.00,1.00,1.00,1.00,1.00,1.00,1.00,1.00,1.00,1.00,1.00,1.09,1.37,1.69,2.07,2.47,2.91,3.37,3.85,4.35,4.89,5.41,5.85,6.28,6.69,7.06,7.35,7.51,7.55,7.53,7.51,7.39,7.31,7.22,7.14,7.04,6.87,6.63,6.41,6.21,6.04,5.87,5.71,5.54,5.35,5.08,4.74,4.40,4.03,3.74,3.40,3.05,2.82,2.76,2.82,2.92,3.00,3.10,3.25,3.44,3.69
2.40,2.26,1.85,1.43,1.01,1.00,1.00,1.00,1.00,1.00,1.24,1.59,1.96,2.23,2.41,2.53,2.61,2.60,2.55,2.53,2.49,2.46,2.46,2.35,2.28,2.23,2.16,2.08,1.97,1.82,1.58,1.29,1.00,1.00,1.00,1.00,1.00,1.00,1.44,1.97,2.43,2.84,3.23,3.63,4.04,4.46,4.92,5.45,6.02,6.62,7.22,7.80,8.31,8.73,9.03,9.23,9.31,9.31,9.20,9.08,8.98,8.91,8.87,8.85,8.73,8.52,8.28,8.05,7.76,7.42,7.09,6.78,6.47,6.23,6.04,5.95,5.83,5.61,5.36,5.15,4.99,4.91,4.85,4.77
3.99,3.52,3.03,2.71,2.38,1.88,1.44,1.00,1.00,1.00,1.00,1.00,1.00,1.00,1.05,1.37,1.73,2.06,2.28,2.40,2.49,2.55,2.61,2.65,2.68,2.78,2.82,2.67,2.59,2.54,2.32,2.08,1.83,1.48,1.16,1.00,1.00,1.00,1.00,1.00,1.00,1.22,1.58,1.99,2.44,2.93,3.45,3.96,4.51,4.99,5.47,5.96,6.50,7.06,7.63,8.23,8.81,9.38,9.87,10.17,10.30,10.26,10.15,10.01,9.95,9.84,9.74,9.57,9.34,9.08,8.83,8.57,8.29,8.01,7.74,7.45,7.17,6.99,6.83,6.69,6.59,6.46,6.15,5.78
5.08,5.03,4.64,4.37,4.04,3.89,3.75,3.63,3.36,3.19,3.08,2.84,2.38,1.90,1.47,1.09,1.00,1.00,1.00,1.00,1.04,1.32,1.78,2.08,1.80,1.95,2.10,1.98,1.74,1.44,1.20,1.00,1.00,1.00,1.00,1.00,1.00,1.00,1.08,1.17,1.34,1.54,1.71,1.76,1.95,2.15,2.33,2.68,2.98,3.31,3.74,4.07,4.41,4.75,5.14,5.57,6.02,6.48,6.98,7.49,8.00,8.55,8.98,9.35,9.60,9.65,9.62,9.47,9.28,9.03,8.75,8.48,8.19,7.97,7.86,7.79,7.77,7.82,7.85,7.95,7.90,7.41,6.83,6.38
5.26,5.38,5.53,5.52,5.50,5.65,5.73,5.64,5.47,5.39,5.41,5.37,5.38,5.24,5.12,5.00,4.82,4.49,3.97,3.37,2.83,2.40,1.89,1.51,1.25,1.12,1.00,1.00,1.00,1.00,1.25,1.34,1.44,1.72,2.00,2.11,2.20,2.29,2.33,2.14,2.09,2.09,2.18,1.97,1.88,1.85,1.82,1.83,1.93,2.03,2.15,2.33,2.45,2.62,2.85,3.10,3.35,3.61,3.87,4.16,4.47,4.92,5.44,6.04,6.60,7.06,7.36,7.48,7.44,7.15,6.67,6.36,6.41,6.76,7.33,7.98,8.00,8.17,8.76,9.26,9.09,8.54,8.20,8.12
3.79,3.97,4.12,4.40,4.61,4.73,4.82,4.95,5.26,5.60,5.89,6.22,6.65,7.11,7.51,8.04,7.94,7.74,7.49,7.25,6.85,6.27,5.64,5.02,4.49,4.02,3.59,3.55,3.46,3.22,3.40,3.69,3.81,3.85,3.74,3.60,3.43,3.12,2.91,2.51,2.11,1.85,1.67,1.43,1.15,1.00,1.00,1.00,1.00,1.00,1.00,1.00,1.00,1.00,1.00,1.00,1.00,1.07,1.32,1.55,1.77,2.04,2.41,2.84,3.19,3.36,3.33,3.16,3.03,2.79,2.33,2.30,2.84,3.35,3.83,4.86,4.61,6.44,9.34,8.27,4.70,1.00,1.00,3.01
2.29,2.50,2.50,2.55,2.58,2.83,3.00,3.11,3.32,3.67,4.12,4.73,5.13,5.55,5.99,6.44,6.80,7.19,7.74,8.43,8.96,9.05,8.70,7.99,7.02,5.95,5.26,4.90,4.58,4.48,4.57,4.77,4.74,4.68,4.38,4.01,3.57,2.93,2.28,1.78,1.74,1.17,1.00,1.00,1.00,1.00,1.23,1.41,1.44,1.61,1.66,1.67,1.62,1.62,1.58,1.47,1.30,1.10,1.00,1.00,1.00,1.00,1.00,1.00,1.00,1.00,1.00,1.00,1.00,1.00,1.00,1.12,1.10,1.00,1.00,1.00,2.38,3.11,2.86,2.38,2.80,1.00,1.08,1.00
1.00,1.00,1.00,1.00,1.00,1.00,1.16,1.10,1.05,1.04,1.23,1.58,1.89,2.28,2.80,3.31,3.88,4.45,5.07,5.79,6.27,6.50,7.00,7.68,8.18,7.42,6.48,6.20,6.06,5.99,5.94,5.74,5.58,5.10,4.50,3.90,3.48,2.73,2.10,1.60,1.00,1.00,1.00,1.00,1.37,1.70,1.95,2.53,2.69,2.83,2.96,3.15,3.15,3.06,2.93,2.74,2.68,2.61,2.47,2.31,2.26,2.33,2.61,2.84,2.90,2.84,3.08,3.51,3.41,3.21,1.72,2.52,2.48,1.00,1.00,1.00,2.58,1.56,1.00,1.12,1.00,1.00,1.00,1.18
1.00,1.00,1.00,1.00,1.00,1.00,1.00,1.00,1.00,1.00,1.00,1.00,1.00,1.00,1.00,1.00,1.05,1.44,1.78,2.44,3.02,3.71,4.30,4.28,4.02,4.02,4.39,4.95,5.28,5.56,5.48,5.25,5.02,4.72,4.40,4.02,3.71,2.91,2.10,1.26,1.00,1.00,1.00,1.43,2.06,2.18,2.30,2.60,2.93,3.28,3.61,3.83,3.92,4.04,3.82,3.87,4.04,3.81,3.87,3.93,3.94,3.95,4.01,4.23,4.30,4.42,4.68,4.49,3.45,3.54,3.92,2.98,3.09,4.41,2.92,2.21,2.96,3.29,3.14,3.24,1.63,1.92,1.40,1.00
2.43,2.60,2.45,1.98,1.53,1.18,1.00,1.00,1.00,1.00,1.00,1.73,2.19,1.48,1.00,1.00,1.00,1.00,1.00,1.00,1.23,1.76,1.96,1.77,1.37,1.27,1.12,1.16,1.24,1.58,2.45,3.51,4.32,4.83,5.02,4.85,4.39,3.72,2.90,1.83,1.09,1.00,1.00,1.29,1.54,2.32,3.06,3.37,4.16,4.84,5.18,5.39,5.50,5.18,5.16,4.91,4.73,4.60,4.85,5.14,5.09,4.97,5.26,5.22,5.22,5.56,5.68,5.40,5.73,4.62,3.69,4.37,3.47,4.04,3.98,4.59,4.51,3.98,3.36,3.98,3.04,1.00,1.10,1.09
2.60,2.10,2.20,2.13,1.92,2.26,2.71,2.76,3.10,3.70,3.84,1.93,1.00,1.00,1.62,1.70,1.00,1.00,1.00,1.00,1.00,1.00,1.00,1.00,1.00,1.33,1.34,1.10,1.00,1.00,1.00,1.00,1.00,1.76,3.09,3.67,4.40,4.46,4.33,3.16,2.64,1.84,1.00,1.00,1.00,1.00,1.58,2.63,3.60,4.93,6.73,7.82,7.47,7.19,6.86,6.43,6.22,5.89,5.84,5.71,5.68,5.56,5.66,5.72,5.40,5.24,5.22,5.55,5.17,5.47,6.05,5.02,3.65,2.87,3.69,4.93,5.06,4.53,3.13,1.47,1.00,1.00,1.36,2.01
2.72,3.10,1.28,3.29,2.85,1.75,1.00,1.00,1.00,1.00,1.00,1.00,1.00,1.64,1.56,1.00,1.00,1.83,1.41,1.00,1.00,1.00,1.36,1.54,1.70,1.96,2.16,2.30,2.29,2.29,1.96,1.00,1.00,1.25,1.99,1.00,1.00,1.39,1.94,2.55,2.86,3.71,2.39,1.97,1.00,1.00,1.00,1.00,1.00,1.25,2.70,3.68,5.52,7.72,8.39,8.38,7.90,7.30,6.72,6.36,6.12,5.39,4.99,5.33,5.47,4.96,4.97,5.10,4.73,4.55,4.24,4.66,5.72,6.13,4.86,3.88,3.41,4.08,3.38,2.02,2.03,2.02,1.30,1.56
3.06,1.35,1.00,1.00,1.71,2.06,1.05,2.67,3.69,3.10,2.04,1.00,1.68,3.12,4.00,3.44,2.68,1.81,1.00,1.00,1.00,1.00,1.00,1.00,1.34,1.00,1.00,1.00,1.00,1.00,1.00,1.00,1.00,1.00,1.00,1.00,1.00,1.00,1.00,1.00,1.00,1.00,1.00,1.00,1.00,2.68,1.00,2.96,2.92,2.51,2.00,1.54,1.26,1.53,1.05,5.85,6.08,2.59,2.51,2.91,2.78,2.71,3.45,4.95,5.01,4.69,3.35,2.86,4.24,5.76,6.24,5.97,6.13,4.32,3.95,3.96,3.82,3.84,3.91,3.79,2.55,1.06,1.00,1.00
3.74,3.90,2.67,3.31,4.73,1.64,1.00,2.67,3.10,3.81,2.98,1.39,1.00,1.08,1.51,4.36,4.70,3.91,3.10,2.08,1.69,1.35,1.00,1.00,2.01,1.00,1.00,1.00,1.00,1.00,1.00,1.00,1.00,1.14,2.05,1.00,1.46,1.49,3.22,3.43,2.77,4.85,4.50,3.60,2.84,2.47,2.25,1.79,1.24,1.00,1.00,1.00,1.00,1.00,1.02,1.29,1.00,1.92,1.00,2.23,3.93,4.72,4.53,3.34,3.21,4.26,3.17,2.89,3.39,3.87,4.47,4.72,5.44,3.72,2.21,1.00,3.29,1.66,1.00,1.14,2.14,3.12,2.93,3.16
3.90,2.06,2.03,1.00,1.00,1.00,1.58,1.00,1.00,1.00,1.00,1.00,1.63,1.02,1.92,1.80,1.00,2.52,4.25,3.14,2.15,3.90,2.61,1.00,1.15,2.37,1.00,1.00,1.00,1.00,1.00,1.00,1.00,1.00,1.00,1.00,1.00,1.00,1.00,1.00,1.00,1.00,1.50,1.00,1.00,1.00,1.00,1.00,1.24,1.06,1.05,1.00,1.00,1.00,1.00,1.11,1.00,1.08,1.00,1.24,1.46,2.69,2.26,2.54,2.06,2.71,2.80,2.87,2.86,3.56,3.73,1.86,1.08,2.31,3.68,2.94,1.33,1.00,1.22,2.61,3.14,4.11,4.41,4.46
2.54,1.00,1.00,1.00,1.48,1.82,1.00,1.00,1.00,1.00,2.05,1.00,1.00,3.87,3.38,3.69,2.62,2.83,2.85,2.35,1.02,1.65,4.61,5.56,1.64,1.00,1.00,1.63,1.00,1.00,1.00,1.00,1.00,1.00,1.00,1.00,1.42,1.00,1.00,1.00,1.00,1.67,1.03,1.00,1.00,1.00,1.00,1.00,1.00,1.00,1.00,1.60,1.00,1.00,1.51,1.00,1.00,1.00,1.00,1.00,1.00,1.21,1.00,1.00,1.00,1.50,2.66,2.03,1.81,2.17,2.97,3.37,2.82,3.03,3.42,2.42,1.70,1.00,1.00,1.48,2.84,4.42,4.80,5.72
1.80,1.00,2.80,2.79,2.30,1.00,1.01,1.00,1.00,1.00,1.00,1.00,3.02,2.78,3.11,5.59,4.29,7.65,5.89,2.18,3.25,2.35,3.85,3.06,2.03,2.38,1.00,1.41,1.00,1.00,1.00,1.00,1.00,1.00,1.00,1.00,1.00,1.00,1.00,1.00,1.00,1.67,2.53,2.23,1.00,1.66,1.32,1.00,1.00,1.00,1.00,1.00,2.18,1.00,1.00,1.23,1.00,1.00,1.11,1.98,1.44,1.56,1.00,1.00,1.00,1.91,2.78,2.20,1.00,1.00,1.87,1.76,1.00,1.77,2.46,2.13,2.08,1.51,1.00,1.00,1.65,3.67,3.64,3.42
3.04,1.71,1.65,1.00,1.04,1.00,1.00,1.00,1.00,1.29,1.07,2.01,2.52,2.86,3.91,4.68,4.61,4.18,1.50,4.01,6.72,4.45,1.00,1.00,1.00,1.08,1.00,1.00,1.00,1.00,1.00,1.00,1.00,1.26,1.86,2.27,2.20,1.76,1.04,1.36,2.80,1.68,1.00,1.00,1.00,1.36,1.00,1.51,1.00,1.24,1.00,1.00,1.00,1.00,1.55,3.42,3.45,2.44,1.25,1.53,1.63,1.00,1.00,1.00,1.00,1.00,1.00,1.00,1.42,1.52,1.00,1.00,1.00,1.59,1.59,2.35,1.92,1.61,1.00,1.00,1.00,1.00,1.00,1.20
1.00,1.00,1.00,1.00,1.00,1.00,1.89,2.52,2.04,4.44,3.24,2.55,5.42,6.47,6.63,6.52,5.57,4.94,5.93,2.97,1.72,2.12,2.06,2.24,2.56,2.20,2.00,1.01,1.00,1.00,1.00,1.55,1.83,1.94,1.95,1.31,1.88,1.00,1.39,1.00,1.00,1.00,1.96,1.18,1.20,1.02,3.11,4.31,2.50,1.00,1.00,1.85,1.66,1.00,1.00,1.02,1.18,2.21,2.00,1.85,1.16,1.24,2.15,2.42,1.64,1.00,1.00,1.00,1.00,1.00,1.00,1.00,1.15,1.24,1.00,1.60,1.72,1.00,1.00,1.00,1.00,1.00,1.00,1.00
1.00,1.00,1.00,1.00,1.00,1.98,1.57,1.00,2.76,3.63,4.75,8.65,9.64,8.07,6.95,6.11,5.48,4.69,3.80,2.91,2.47,2.56,2.68,2.72,2.34,1.29,1.00,1.00,1.00,2.15,1.61,1.30,1.78,2.06,2.07,3.83,4.96,3.05,1.00,1.46,2.31,4.54,4.01,5.04,2.81,1.29,5.23,1.00,4.98,2.08,1.27,1.00,1.00,1.00,1.00,1.88,2.64,1.07,1.30,1.00,1.00,1.00,1.00,1.00,1.00,1.00,1.00,1.34,1.00,1.74,1.00,1.00,1.94,2.73,2.34,1.36,1.05,1.00,1.00,1.00,1.00,1.00,1.00,1.73
1.00,1.00,1.00,1.00,1.00,3.73,3.79,5.15,6.92,7.49,7.36,6.93,6.14,5.18,4.47,3.86,3.23,2.70,2.36,2.14,1.81,1.00,1.40,1.34,1.82,2.11,1.18,2.30,2.44,1.58,1.44,2.52,1.83,2.14,3.07,4.31,1.03,1.00,1.00,1.42,2.03,7.90,2.96,2.84,7.25,13.60,3.51,1.86,1.58,1.00,2.60,5.79,3.53,1.00,1.43,2.96,1.77,1.74,1.00,2.33,4.31,1.64,1.00,1.00,1.00,1.16,1.00,1.00,1.76,2.02,1.31,1.09,1.33,1.00,1.00,1.17,1.96,1.00,1.10,1.32,1.66,1.00,1.00,1.00
1.00,1.16,4.04,6.77,5.63,5.07,4.61,4.45,4.52,4.54,4.40,4.01,3.51,3.04,2.69,2.44,2.13,1.78,1.49,1.49,1.57,1.51,1.61,2.09,2.39,2.80,2.06,2.18,3.81,4.10,4.72,4.31,1.67,1.66,1.03,3.10,1.00,1.00,1.00,1.00,5.64,3.14,2.80,6.83,7.50,7.03,2.49,3.16,1.00,3.49,1.00,3.33,7.97,3.25,2.23,2.23,3.07,3.37,1.74,2.20,3.38,2.26,1.00,1.00,5.48,5.04,4.24,1.00,1.68,1.00,1.09,2.08,1.29,1.00,1.32,1.02,1.00,1.53,2.22,2.14,1.71,1.78,1.79,1.08
2.48,2.52,2.80,3.15,3.43,3.43,3.41,3.45,3.43,3.14,3.09,3.18,3.09,2.92,2.66,2.32,2.02,1.79,1.58,1.37,1.27,1.10,1.00,1.00,1.00,1.00,3.29,2.32,1.62,2.87,3.52,1.00,1.26,1.00,2.59,3.58,1.96,1.50,1.26,3.34,7.21,1.45,1.00,6.75,8.44,4.36,2.28,1.00,1.00,1.00,1.00,8.87,18.57,16.88,8.68,3.98,4.55,3.75,5.08,2.73,4.05,3.21,6.13,4.55,1.75,1.77,2.30,2.16,2.84,1.00,1.00,1.00,1.00,1.00,1.00,1.00,3.44,3.52,1.39,1.00,1.66,2.39,1.88,2.49
1.00,1.00,1.00,1.32,1.41,1.71,1.59,2.04,2.67,2.98,2.98,2.91,2.75,2.50,2.31,2.26,2.18,2.06,2.18,2.30,2.38,2.43,2.17,1.47,1.00,1.00,1.49,2.44,3.65,4.36,5.30,7.33,5.02,1.53,2.14,1.59,1.75,1.00,1.00,1.96,1.94,1.93,1.00,1.62,1.38,1.00,1.00,1.60,1.43,8.24,11.95,13.50,9.03,1.00,4.07,18.79,3.61,8.41,5.72,6.12,4.31,3.93,2.40,3.48,3.85,1.08,2.31,1.83,1.00,1.00,1.00,1.00,2.25,1.00,1.00,1.00,2.80,3.07,1.00,1.00,2.49,2.38,1.64,2.59
1.00,1.00,1.00,1.00,1.01,1.04,1.21,1.66,2.04,2.08,2.48,2.80,2.92,3.07,3.14,3.27,3.29,3.17,2.88,2.72,2.55,2.16,1.47,1.00,1.00,1.84,2.19,2.24,2.06,1.48,1.39,2.20,2.43,1.00,1.54,3.68,1.14,2.38,2.36,7.43,1.00,2.43,1.00,1.00,1.11,1.18,2.22,4.45,6.50,6.63,6.34,1.00,6.21,15.31,15.39,11.75,9.18,2.58,6.53,3.17,2.70,4.18,1.81,1.94,3.32,2.56,1.66,1.65,1.12,1.00,2.01,1.59,2.77,1.11,2.03,1.56,1.00,1.51,1.26,1.00,1.00,1.00,1.35,2.10
1.00,1.00,1.00,1.00,1.00,1.29,1.09,1.34,1.45,1.87,2.64,3.24,3.91,4.22,4.39,4.33,4.27,4.06,3.68,3.25,2.22,1.00,1.00,1.48,2.20,2.60,2.67,2.19,1.88,1.32,1.00,2.75,1.98,1.00,7.41,3.53,4.99,3.93,6.04,3.60,3.06,3.67,1.63,2.51,4.29,5.54,6.61,6.46,6.74,4.19,2.61,4.64,9.06,10.60,9.84,6.92,3.99,10.90,8.92,2.91,1.16,2.99,2.21,1.43,2.24,2.48,2.54,2.39,2.12,1.41,2.51,3.05,3.65,4.09,4.86,4.29,2.58,1.78,1.45,1.00,1.36,1.51,1.82,2.98
2.00,1.76,1.41,1.00,1.00,1.00,1.47,1.85,2.34,2.68,3.45,3.93,4.69,5.03,5.27,5.40,4.62,3.54,2.56,1.22,1.00,1.00,1.58,2.43,3.50,4.15,4.22,4.04,3.43,5.35,9.64,9.03,8.09,7.90,8.74,7.66,5.94,5.23,6.04,4.05,1.00,1.30,1.66,2.75,4.19,5.30,5.34,4.82,4.75,4.69,5.62,7.13,6.84,5.30,3.54,3.73,7.29,10.37,9.37,3.50,5.96,4.70,3.88,2.75,2.28,2.70,2.64,4.86,6.89,3.37,1.00,1.40,1.00,3.38,3.82,4.02,4.09,1.01,1.87,1.21,1.56,1.00,1.00,1.59
3.20,2.72,2.21,1.56,1.00,1.00,1.31,2.13,2.87,3.81,4.84,5.55,5.58,4.94,4.19,2.80,1.66,1.00,1.00,2.51,2.75,3.30,3.49,3.73,3.78,3.14,2.17,3.67,4.81,5.79,7.40,8.66,9.93,10.92,10.98,9.94,8.42,6.25,4.46,3.42,1.00,1.00,1.00,1.16,3.80,4.23,4.17,4.04,3.72,4.07,5.70,5.55,4.30,3.34,2.53,4.54,6.57,7.63,8.40,5.37,6.15,12.24,1.89,1.00,3.35,1.21,1.26,2.42,2.02,2.49,2.11,2.66,1.00,1.00,1.00,2.22,2.21,2.94,2.93,3.00,2.05,1.00,1.00,1.00
1.78,1.70,1.60,1.36,1.00,1.00,2.42,3.61,4.51,5.30,5.62,5.34,4.06,1.07,1.46,2.85,2.93,2.31,2.24,2.08,2.59,2.71,2.39,3.53,5.47,5.01,4.25,4.02,4.77,6.00,7.23,8.60,9.62,9.88,9.93,10.08,9.30,8.18,6.19,4.26,3.14,3.75,2.33,1.00,1.00,2.56,2.84,2.56,2.88,3.81,3.98,3.52,4.40,5.41,6.16,7.52,8.29,9.12,6.79,1.00,1.00,9.48,15.02,1.82,1.00,1.44,1.00,1.85,1.24,1.00,2.83,1.72,1.79,1.18,2.19,1.85,2.45,4.35,5.93,6.50,3.98,2.14,1.20,1.00
