public/data/weather/current/current-temp-surface-level-gfs-1.0.json
{"header": {"discipline":0,"disciplineName":"Meteorologicalproducts","gribEdition":2,"gribLength":61787,"center":7,"centerName":"USNationalWeatherService-NCEP(WMC)","subcenter":0,"refTime":"2014-11-30T06:00:00.000Z","significanceOfRT":1,"significanceOfRTName":"Startofforecast","productStatus":0,"productStatusName":"Operationalproducts","productType":1,"productTypeName":"Forecastproducts","productDefinitionTemplate":0,"productDefinitionTemplateName":"Analysis/forecastathorizontallevel/layeratapointintime","parameterCategory":0,"parameterCategoryName":"Temperature","parameterNumber":0,"parameterNumberName":"Temperature","parameterUnit":"K","genProcessType":2,"genProcessTypeName":"Forecast","forecastTime":6,"surface1Type":103,"surface1TypeName":"Specifiedheightlevelaboveground","surface1Value":2,"surface2Type":255,"surface2TypeName":"Missing","surface2Value":0,"gridDefinitionTemplate":0,"gridDefinitionTemplateName":"Latitude_Longitude","numberPoints":65160,"shape":6,"shapeName":"Earthsphericalwithradiusof6,371,229.0m","gridUnits":"degrees","resolution":48,"winds":"true","scanMode":0,"nx":360,"ny":181,"basicAngle":0,"subDivisions":0,"lo1":0,"la1":90,"lo2":359,"la2":-90,"dx":1,"dy":1}, "data":
[rows 38 to 75 of 181, columns 0 to 83 of 360]
1.00,1.09,5.97,7.90,8.38,4.05,3.83,4.22,3.28,3.91,2.16,1.59,1.45,1.74,1.88,2.14,1.28,1.00,2.65,2.95,2.05,1.00,1.00,1.00,1.00,1.09,1.37,1.09,1.00,1.10,1.00,1.25,2.84,2.40,1.62,2.01,1.66,1.70,2.01,1.16,1.00,1.70,2.93,4.66,4.74,2.53,1.43,2.05,2.50,1.76,2.00,1.00,1.00,1.00,1.00,1.00,1.04,1.00,1.00,1.00,1.00,1.00,1.00,1.00,1.00,1.00,1.00,1.00,1.00,1.38,1.00,1.00,1.00,1.00,1.24,1.44,2.56,1.70,1.00,1.00,1.00,2.26,3.32,2.10
1.00,4.72,5.55,4.06,5.52,5.17,5.04,2.03,1.96,2.26,2.83,3.34,2.53,3.53,1.44,1.26,2.51,1.00,2.65,2.61,2.52,1.72,1.00,1.00,1.03,1.00,1.00,1.00,1.00,1.00,1.00,1.02,2.37,3.36,3.08,2.73,3.00,3.56,4.77,4.15,3.48,2.34,1.00,2.86,3.67,4.22,3.41,2.52,2.55,2.04,1.00,1.00,1.00,1.00,1.00,1.00,1.00,1.00,1.00,2.04,4.67,2.28,2.24,1.75,1.00,1.15,1.00,1.63,1.00,1.00,1.00,1.00,1.00,1.00,2.12,1.76,1.71,1.71,2.96,1.00,1.00,1.00,1.00,1.00
4.29,4.12,4.51,6.05,6.30,5.20,5.61,5.28,4.63,3.79,4.50,3.11,2.62,3.72,1.91,1.00,1.00,3.52,3.03,4.36,3.28,1.41,1.06,1.00,1.00,1.00,1.00,1.10,1.63,2.66,1.98,1.00,1.64,2.51,3.34,3.28,3.05,1.89,1.00,1.00,1.00,1.00,1.62,1.00,2.12,4.10,2.84,1.97,1.83,1.52,1.00,1.00,1.00,1.00,1.00,1.00,1.00,1.96,1.63,2.83,1.45,3.35,1.94,3.38,1.76,1.50,2.23,4.36,2.03,2.51,1.00,1.36,1.00,1.00,1.00,1.00,1.00,1.00,1.50,2.29,1.00,1.00,1.00,1.00
3.51,2.01,3.44,4.55,5.62,6.36,6.32,5.39,5.20,2.49,3.35,2.06,2.03,2.84,2.01,3.02,2.74,1.72,1.00,1.00,1.00,1.79,2.77,5.34,1.14,1.00,1.00,1.45,2.92,2.05,2.55,1.00,1.05,1.79,2.18,2.38,2.59,2.94,2.25,1.00,1.00,2.17,3.75,2.97,1.00,1.91,1.36,1.66,2.18,2.21,1.00,1.00,1.00,1.38,1.00,1.00,1.00,2.42,1.00,1.00,1.35,2.06,1.61,4.10,1.76,1.22,1.75,1.19,1.00,1.00,1.29,1.00,1.00,1.00,1.00,1.61,1.44,1.00,1.00,1.00,1.00,1.38,4.35,1.75
1.54,2.83,3.29,3.67,2.37,2.42,1.12,2.35,1.13,2.17,3.20,4.01,4.54,2.90,2.53,1.00,1.00,1.00,1.19,4.26,4.76,4.99,2.07,3.71,4.00,1.00,1.40,1.31,1.53,1.00,1.50,1.00,1.00,1.00,1.00,1.14,1.84,2.48,3.41,2.15,1.93,2.84,2.64,2.91,1.70,1.00,1.00,2.00,1.91,2.76,1.39,2.05,1.48,1.00,1.00,1.00,1.00,1.00,2.57,1.00,3.46,1.00,3.25,2.90,2.32,1.00,1.75,1.48,1.00,1.00,1.00,1.85,1.00,1.00,1.00,1.00,1.19,1.00,1.08,1.54,1.27,1.09,1.00,1.00
1.00,3.41,2.82,3.29,1.96,1.00,2.22,2.61,1.61,1.22,1.44,1.00,1.00,1.00,1.09,1.00,3.19,2.56,3.66,5.60,6.45,5.93,3.57,2.49,1.33,3.61,1.00,1.95,1.92,1.45,1.00,1.00,1.00,1.00,1.00,1.00,1.00,1.40,3.00,3.22,3.91,3.30,4.63,4.18,2.24,1.00,1.00,1.28,1.02,1.00,1.52,2.69,2.28,3.45,2.82,1.66,1.00,1.00,2.27,1.00,1.00,1.41,2.60,2.29,1.00,1.25,1.00,1.00,1.27,1.00,2.90,1.81,1.40,1.00,1.00,1.52,1.48,1.22,1.00,1.00,1.15,1.63,1.00,1.00
1.50,2.40,1.00,1.72,1.00,3.27,3.17,1.00,1.00,1.00,1.12,1.00,1.36,1.37,1.00,1.00,3.32,5.13,5.83,4.74,4.09,3.62,2.61,1.48,1.42,4.18,2.80,3.77,3.16,2.68,1.59,1.00,1.00,1.00,1.00,1.99,1.00,1.10,1.00,1.98,4.08,2.14,1.16,1.93,2.12,1.27,1.00,1.00,1.00,1.00,1.12,2.75,3.63,6.50,6.49,1.00,1.00,1.00,1.34,1.40,2.59,3.60,2.71,2.45,1.00,1.38,1.00,1.00,1.00,1.90,1.00,2.57,1.12,1.10,1.00,1.00,1.00,1.00,1.00,2.50,2.70,1.19,4.13,1.00
1.57,1.00,1.00,2.49,3.47,4.83,1.45,2.19,3.05,4.50,3.64,5.48,4.77,5.56,6.35,9.74,3.38,1.00,3.62,4.81,5.72,1.37,2.66,1.00,2.13,3.83,3.43,5.38,2.79,1.66,1.00,2.29,5.42,6.55,5.72,2.69,1.14,2.91,1.60,2.01,1.00,1.09,1.00,3.34,2.76,1.00,1.11,1.00,2.08,2.12,2.66,2.15,4.80,6.90,5.66,3.13,1.25,2.06,1.75,1.00,2.33,4.77,2.69,1.60,1.00,1.00,1.00,1.00,1.00,1.79,1.75,2.24,1.84,1.77,1.00,1.21,1.00,1.00,1.00,1.82,1.00,1.00,1.00,1.21
1.00,1.00,1.00,1.00,3.05,6.41,2.84,1.41,1.00,1.00,2.95,1.00,8.28,16.65,6.58,8.56,5.23,1.00,1.00,1.00,1.00,1.00,4.26,4.52,6.70,8.79,7.93,4.55,1.99,2.42,1.15,3.75,4.78,4.86,5.68,5.34,3.36,1.89,2.38,2.27,2.00,1.93,1.00,1.00,1.00,1.72,1.14,1.00,1.00,5.12,5.33,5.85,8.09,9.19,5.49,1.86,3.17,3.61,3.25,2.67,1.00,1.00,1.42,1.35,1.00,1.00,1.00,1.00,1.00,1.21,1.00,1.00,1.15,1.00,1.00,2.15,3.11,6.22,2.87,1.69,2.76,4.55,2.74,1.20
1.00,1.00,1.89,4.19,2.71,4.76,9.77,19.92,3.52,4.45,5.12,6.27,1.48,1.00,2.83,4.17,5.72,4.16,1.00,1.00,1.00,1.00,1.37,1.22,1.53,1.00,2.17,1.33,2.55,4.09,3.75,3.12,4.04,4.89,7.33,7.91,7.13,2.99,2.11,6.95,5.94,1.00,1.00,1.00,2.94,1.50,1.58,1.00,1.00,4.23,4.99,7.66,5.72,5.12,5.28,1.00,3.96,5.70,2.96,1.00,1.00,1.00,1.00,3.13,4.16,2.98,1.00,1.42,1.00,2.28,2.51,1.00,1.00,1.00,1.00,1.00,1.00,2.44,1.11,1.41,1.00,1.00,1.00,1.00
1.72,1.19,1.42,1.00,5.54,3.15,7.83,1.00,1.10,1.63,5.33,8.23,2.77,1.00,3.17,7.68,1.23,9.28,5.15,1.38,2.67,1.00,1.00,1.14,1.26,1.00,1.32,3.76,7.49,4.10,2.88,2.62,2.59,3.25,1.37,1.00,2.91,2.61,2.49,3.12,1.00,5.09,2.67,1.00,2.57,2.96,1.00,1.00,1.00,5.46,3.69,5.60,7.37,4.91,3.57,1.91,1.00,5.21,1.17,1.00,1.00,1.00,1.11,1.05,2.88,2.50,1.29,1.00,1.00,1.00,1.00,1.00,1.00,1.00,1.28,1.00,1.00,1.00,1.00,1.00,1.00,1.00,1.00,1.00
1.29,3.67,5.35,7.07,2.69,6.04,11.98,10.61,10.35,1.26,3.53,4.25,6.79,7.08,1.59,3.25,1.00,1.00,7.07,1.72,2.32,1.00,1.00,1.56,1.00,1.83,2.94,3.45,2.84,4.36,1.23,1.00,1.00,1.00,1.00,1.00,1.00,1.16,3.18,2.40,3.27,1.03,1.13,1.00,1.00,1.71,5.06,1.00,1.00,3.86,6.50,7.57,8.04,4.45,4.26,1.52,1.00,3.38,2.36,1.00,1.00,1.00,1.00,1.17,1.91,1.00,1.00,1.30,1.45,1.00,3.26,1.00,1.00,2.68,1.00,1.27,1.00,1.00,1.00,1.18,1.00,1.31,2.87,4.37
9.59,3.25,9.29,2.39,1.55,8.36,6.54,4.96,4.12,3.16,1.00,3.35,5.69,3.10,3.89,1.63,3.71,2.31,1.99,3.61,1.00,1.00,1.00,1.29,3.32,1.00,1.04,1.00,3.13,1.00,1.00,1.25,1.00,1.00,1.00,1.00,1.00,1.00,1.00,1.00,1.38,1.00,1.00,1.00,1.00,1.00,1.00,1.00,1.87,2.28,13.85,13.50,11.83,9.34,6.05,4.31,1.74,1.00,1.00,1.00,1.00,1.08,2.68,2.74,1.81,2.29,2.04,1.06,1.00,1.00,1.00,1.02,1.50,1.00,1.00,1.12,2.44,1.00,1.00,1.00,1.00,2.52,1.87,1.00
3.76,5.23,1.00,2.80,4.72,4.34,4.57,1.88,7.01,14.09,6.34,1.70,1.00,5.03,5.22,1.00,7.55,2.31,1.33,4.92,2.64,1.00,1.00,2.42,1.08,3.35,4.15,1.00,1.00,1.00,1.00,1.00,1.00,1.00,1.00,1.00,1.00,1.02,1.12,1.00,1.00,1.03,1.00,1.36,1.00,1.00,1.15,1.00,3.55,1.75,12.56,10.81,10.90,8.98,5.87,7.56,1.27,2.72,1.33,1.27,1.00,1.21,1.60,2.29,1.00,1.00,1.00,4.90,1.00,1.00,1.00,1.00,1.00,1.42,1.00,1.00,1.00,1.24,1.00,1.17,1.00,1.00,1.00,1.00
1.44,1.66,1.00,1.00,3.62,5.24,2.03,1.00,3.34,4.95,6.05,4.92,6.46,3.73,1.00,4.66,1.00,1.21,8.26,2.85,6.88,1.00,1.00,1.10,2.57,5.49,7.46,1.22,1.78,1.00,1.72,1.00,1.00,1.00,1.00,1.68,1.00,1.00,1.00,1.00,2.13,1.00,1.00,1.00,1.00,1.00,1.36,1.95,2.03,1.07,4.55,3.57,5.02,7.38,6.11,2.21,4.12,1.68,1.00,1.89,1.00,1.00,1.00,1.00,1.77,1.00,3.62,1.52,1.00,1.23,1.00,1.26,1.00,1.00,1.00,1.00,1.34,2.16,1.22,1.00,2.67,1.00,2.29,3.56
3.17,1.28,2.07,2.91,2.31,1.00,1.40,2.92,1.00,4.99,2.54,3.07,6.73,1.00,1.00,2.51,4.71,4.04,4.32,2.23,3.63,5.05,1.39,1.00,2.84,8.11,7.32,4.41,2.15,1.00,1.00,1.45,1.00,1.00,1.00,1.02,1.00,1.97,1.00,1.00,1.00,1.00,1.00,1.00,1.00,3.66,1.84,7.00,1.20,4.17,1.00,1.84,4.36,6.41,8.32,2.93,2.32,1.00,1.00,1.38,3.23,2.66,3.08,1.00,1.35,1.00,1.84,4.81,1.81,1.00,1.00,1.86,1.90,1.00,1.00,1.00,1.00,1.00,1.00,1.00,1.00,3.63,1.12,1.32
1.00,1.00,1.41,1.74,1.40,1.07,1.03,1.79,2.12,1.54,1.17,4.28,4.72,3.16,2.16,1.40,4.19,4.41,4.43,1.30,1.00,2.93,2.50,10.53,1.00,1.00,6.76,3.25,3.79,7.72,3.83,1.00,1.94,2.41,6.21,3.30,2.92,2.61,1.51,1.32,2.05,1.00,2.23,1.00,1.00,1.00,3.80,1.65,1.00,2.05,1.25,1.41,2.01,1.00,1.46,1.00,1.00,1.00,1.00,2.67,1.00,3.17,1.80,2.74,2.31,3.08,3.29,3.84,2.40,1.00,2.99,3.89,1.86,1.00,1.00,1.00,1.00,1.00,1.00,1.00,1.33,2.35,1.66,2.55
1.00,2.11,1.00,1.00,1.00,6.07,1.00,2.28,1.00,1.00,2.37,4.08,5.67,5.67,6.07,5.64,7.20,3.93,1.05,1.00,3.07,1.20,4.01,3.51,2.32,1.54,1.34,2.09,3.73,4.88,4.74,1.84,1.00,1.00,6.70,6.96,6.33,2.96,1.70,1.00,1.00,2.20,2.14,1.04,1.00,1.00,1.00,2.65,2.85,1.00,1.00,1.91,1.00,1.00,1.00,1.00,4.80,1.10,1.00,1.39,1.00,3.22,5.59,1.00,3.11,1.24,1.00,1.00,1.10,1.95,1.00,1.00,1.00,1.00,1.00,1.00,1.00,1.00,1.00,1.00,1.00,1.00,1.00,1.42
1.00,1.48,1.00,2.19,1.00,1.00,3.18,1.71,1.02,1.55,3.61,9.22,10.69,10.20,7.87,8.51,7.90,1.64,3.03,3.94,3.32,1.33,2.34,1.84,1.87,1.28,2.27,3.14,3.65,4.34,5.07,6.48,7.81,8.40,6.64,2.94,1.00,1.00,1.00,2.54,1.00,1.18,1.99,1.00,1.16,1.00,1.00,1.00,2.03,2.08,1.58,1.57,1.00,1.89,1.00,1.60,5.14,1.41,2.24,1.19,1.43,5.60,2.93,1.00,1.00,1.00,1.00,1.25,1.44,1.05,1.00,1.00,1.00,1.00,1.00,1.42,1.00,1.00,1.00,1.00,1.00,1.00,1.00,1.14
5.29,9.15,1.00,1.40,1.64,1.00,1.00,1.48,1.00,1.05,1.35,1.63,6.89,9.88,9.11,8.62,5.06,1.00,1.73,3.88,4.92,3.04,6.12,1.83,2.11,3.10,2.88,2.44,3.13,4.00,4.96,5.66,6.71,7.02,5.85,4.67,3.87,1.00,1.00,1.00,1.00,1.60,1.00,1.05,1.00,1.00,1.00,1.00,1.00,1.00,2.43,1.86,1.00,1.00,1.00,1.23,2.88,1.00,1.00,2.40,1.01,4.10,1.05,1.00,1.00,1.00,1.00,1.00,2.10,1.00,1.00,1.00,1.27,1.00,1.00,1.00,1.00,1.00,1.24,1.45,1.00,1.00,1.00,1.00
2.24,1.98,2.80,3.24,1.29,2.19,3.53,1.00,1.39,1.00,1.99,1.49,2.32,4.15,3.88,4.51,5.96,2.82,1.00,4.66,6.66,2.48,2.04,1.00,1.20,1.16,1.08,1.50,1.74,2.79,3.18,3.25,3.16,3.25,1.44,1.47,3.23,1.44,2.77,1.00,1.19,1.83,1.00,1.00,1.00,1.08,1.39,1.40,1.00,1.00,1.00,2.48,1.26,2.95,1.00,2.01,2.00,2.17,1.00,4.06,1.01,3.07,3.11,1.00,1.00,1.00,1.00,1.00,1.00,1.00,1.00,1.00,1.00,1.00,1.00,1.71,1.00,1.00,1.00,1.00,1.00,1.00,1.00,1.00
8.85,7.86,7.08,5.01,5.04,4.74,1.00,1.00,1.00,1.00,1.57,2.32,2.47,3.59,4.92,1.53,1.00,1.29,3.61,1.33,3.81,2.99,1.77,1.00,1.82,2.34,2.56,1.94,1.00,1.00,1.00,1.00,1.00,1.00,1.00,1.00,2.66,2.32,2.40,3.41,1.00,1.00,1.00,2.08,1.59,1.25,1.24,1.00,2.20,1.00,1.00,1.21,1.00,1.00,2.52,1.00,1.00,2.18,2.53,5.19,1.22,1.00,1.90,1.00,1.00,1.00,1.00,1.19,1.60,1.00,1.00,1.11,1.00,1.00,1.00,1.61,3.03,1.00,1.00,1.00,1.00,1.25,1.00,1.95
8.80,8.28,5.20,3.52,2.78,2.13,1.73,2.57,1.00,1.00,1.00,2.24,2.72,3.71,3.37,1.00,1.74,2.24,1.85,3.11,2.54,1.41,1.00,1.58,1.00,1.94,1.77,1.03,1.36,1.08,1.00,1.00,1.00,1.00,1.67,1.00,1.21,1.05,2.10,3.45,1.00,1.00,1.00,1.35,1.61,1.34,1.22,1.00,1.13,5.16,4.06,1.00,1.00,1.00,2.01,1.69,4.40,1.00,3.82,7.95,5.26,1.00,1.00,4.25,2.50,1.00,1.00,1.51,1.00,1.00,1.12,1.00,1.00,1.32,1.00,1.00,2.02,1.00,1.00,1.00,1.00,1.75,1.72,1.00
2.14,4.39,4.41,5.66,5.07,5.42,3.79,2.79,3.84,2.22,1.00,1.98,4.36,5.08,2.45,1.13,3.07,2.69,1.62,1.00,3.11,3.35,3.44,1.78,1.00,1.00,1.00,1.00,1.00,1.00,1.08,1.00,1.00,1.94,1.00,1.00,1.18,1.18,1.23,1.66,2.37,2.50,1.00,1.00,1.40,1.32,1.00,1.00,1.30,6.66,6.10,1.00,2.23,1.00,1.26,1.00,1.00,1.21,4.09,1.00,4.54,1.00,1.28,1.00,1.00,1.00,1.00,1.00,1.00,1.52,2.51,1.00,1.00,2.06,1.00,1.00,1.07,1.35,1.00,1.00,1.00,1.00,1.00,1.13
2.68,2.40,2.88,1.03,2.81,3.95,3.90,2.33,1.00,1.00,1.43,3.37,6.03,4.55,5.14,4.66,1.61,2.67,1.99,2.84,2.96,2.82,2.03,1.89,1.03,1.00,1.11,1.17,1.00,1.00,1.00,2.29,1.64,1.52,2.49,2.40,1.54,1.82,2.62,1.00,1.74,1.06,1.00,1.00,1.03,1.16,1.00,1.00,1.00,3.28,6.78,4.06,1.63,1.45,1.00,1.00,1.00,1.00,1.08,1.62,2.64,1.00,1.00,3.56,1.00,1.00,1.00,1.00,1.00,1.00,1.26,1.49,1.19,2.30,2.50,2.16,1.00,1.41,1.00,1.00,1.00,1.00,1.00,1.00
1.32,1.23,1.00,1.00,1.62,1.31,5.14,2.01,1.09,1.00,1.40,3.96,3.50,4.70,1.80,1.25,2.71,1.71,1.16,2.37,2.93,3.54,1.92,2.65,1.75,1.00,1.29,1.00,1.00,1.00,1.00,1.00,1.74,1.00,3.60,4.59,1.00,2.23,1.82,1.00,2.21,1.00,1.21,1.00,1.11,1.02,1.06,1.00,1.00,1.35,5.30,4.28,4.74,2.86,1.90,1.00,1.00,1.00,1.00,1.63,1.07,1.55,1.00,2.48,1.26,1.00,1.00,1.00,1.00,1.00,1.00,1.00,1.15,1.25,1.00,1.53,1.00,1.00,1.64,1.19,1.00,1.00,1.00,1.00
1.15,1.28,1.00,1.70,1.17,1.00,1.00,1.58,2.51,1.00,2.51,2.20,5.48,2.27,1.69,2.38,4.56,2.10,1.00,1.49,1.00,1.00,1.00,2.65,1.53,1.73,1.00,1.42,1.00,1.00,1.00,1.00,1.00,1.08,1.00,4.80,3.87,1.19,3.60,1.20,1.00,1.00,1.29,1.00,1.00,1.12,1.00,1.00,1.00,2.38,2.13,1.15,4.35,4.95,6.87,5.02,1.35,2.75,1.00,1.00,1.00,1.00,1.00,1.00,1.04,1.08,1.20,1.00,1.34,1.00,1.00,1.00,1.00,1.00,1.00,1.00,1.06,1.23,1.00,1.00,1.00,1.14,1.00,1.00
1.00,1.48,2.34,1.78,1.60,2.58,1.50,2.11,1.00,1.00,1.00,3.09,1.66,1.00,2.25,1.89,2.16,1.11,1.06,1.00,1.00,1.00,1.02,1.49,1.45,1.00,1.00,1.65,2.10,2.29,1.00,1.04,1.18,1.00,1.47,2.34,3.86,1.81,1.00,1.63,1.11,1.00,1.00,1.81,1.00,1.00,1.00,1.00,1.00,1.00,1.00,1.75,3.59,4.68,4.17,2.24,1.00,1.40,3.41,1.00,1.00,1.71,3.18,1.67,1.30,1.88,1.39,4.69,3.46,1.00,1.55,1.00,1.72,1.00,1.47,1.00,1.03,1.00,1.00,1.00,1.06,1.70,1.54,1.09
1.00,1.00,1.00,1.00,1.00,1.91,3.37,1.00,1.45,1.12,1.00,4.49,3.86,1.00,1.00,1.00,1.00,2.46,1.14,1.00,1.52,1.00,1.00,1.00,1.00,1.00,2.22,1.00,1.00,1.00,1.49,1.00,1.00,1.00,1.00,1.00,3.32,3.75,2.27,1.18,1.00,1.37,1.21,1.75,1.00,1.00,1.00,1.30,1.46,1.65,1.12,2.06,2.80,1.00,1.47,1.00,1.47,1.81,1.76,1.00,1.89,1.83,1.00,1.00,1.92,3.19,5.60,6.33,4.35,1.00,3.32,2.21,1.74,1.00,1.00,1.00,1.00,1.00,1.00,1.00,1.00,1.00,1.00,1.05
1.00,1.00,1.00,1.00,1.00,1.00,1.00,1.92,3.05,1.27,1.27,1.00,1.00,1.00,1.00,1.00,1.00,1.19,1.00,1.00,1.00,1.00,1.13,1.23,1.63,1.75,2.72,2.24,1.34,1.00,1.28,1.00,1.00,1.00,1.00,1.00,2.82,4.81,1.65,1.00,1.00,3.50,1.00,1.00,1.00,1.00,1.09,1.00,1.00,1.00,1.00,1.81,1.74,1.51,1.00,1.00,2.60,1.07,1.00,1.00,3.91,1.95,1.00,1.80,3.91,4.46,6.47,5.73,4.19,2.87,1.00,2.09,2.41,1.00,1.00,2.02,1.00,1.00,1.00,1.00,1.00,1.00,1.00,1.00
1.10,1.00,1.00,2.05,1.00,1.00,1.19,1.50,1.80,1.00,1.00,1.00,1.00,1.00,1.00,1.00,1.00,1.00,1.00,2.17,1.00,1.00,2.14,1.31,1.00,1.17,1.77,1.37,1.00,1.00,1.00,1.00,1.00,1.00,1.00,1.00,1.00,6.31,3.97,2.94,1.00,1.29,2.67,1.28,1.00,1.00,1.30,1.00,1.56,1.00,1.18,1.66,1.00,1.00,1.00,1.00,1.47,1.04,1.00,1.56,4.52,1.00,1.65,2.68,3.55,2.99,2.45,4.28,4.29,3.60,1.00,1.76,1.00,1.72,1.00,1.00,1.00,1.00,1.00,1.00,1.00,1.02,1.00,1.00
1.00,1.00,1.62,1.23,1.00,1.00,1.00,1.00,1.00,1.00,1.00,1.38,1.00,1.00,1.00,1.00,1.00,1.00,1.00,1.00,1.00,1.00,1.61,1.00,1.79,1.13,1.00,1.00,1.00,1.00,1.00,1.00,1.00,1.00,1.75,1.00,1.00,1.00,4.63,5.29,1.00,1.00,1.97,1.00,1.00,1.00,1.00,1.00,1.00,1.00,1.00,1.00,1.00,1.45,2.31,2.43,1.00,1.86,1.00,1.00,1.00,2.17,2.81,2.78,2.74,2.19,1.05,1.00,2.78,2.49,1.00,1.40,1.69,1.57,2.45,1.00,1.00,1.00,1.00,1.00,1.00,1.00,1.00,1.00
1.00,1.00,1.00,1.00,1.00,1.00,1.00,1.00,1.88,1.00,1.80,1.00,1.18,1.00,1.40,1.34,1.00,1.00,1.00,1.00,1.58,1.33,1.00,1.21,1.27,1.39,1.00,1.00,1.00,1.00,1.00,1.00,1.00,1.00,1.00,1.00,1.00,1.00,3.25,2.83,1.00,1.00,1.00,1.22,1.48,1.00,1.00,1.00,1.00,1.00,1.00,1.70,1.66,2.43,1.00,1.00,1.00,1.00,1.00,1.48,2.88,3.44,2.66,2.81,2.22,1.38,1.34,1.74,1.41,1.00,1.26,5.73,4.74,1.00,1.71,1.00,1.00,1.66,1.21,1.00,1.00,1.00,1.00,1.45
1.00,1.00,1.00,1.00,1.18,1.71,1.41,1.00,1.00,1.00,1.00,1.53,1.00,1.00,1.00,1.72,1.00,2.57,1.00,2.92,2.45,1.40,1.04,1.31,1.38,1.00,1.22,1.59,1.00,1.00,1.06,1.43,1.00,1.86,1.79,1.51,1.00,2.44,1.00,2.03,1.66,2.73,1.00,1.00,1.00,1.37,1.00,1.00,1.00,1.00,1.00,1.12,1.13,1.38,1.55,1.17,1.00,1.00,2.73,3.73,3.23,2.71,2.33,2.04,1.74,1.10,1.20,1.43,1.09,1.52,2.01,2.58,1.26,1.00,1.00,1.00,1.00,1.00,1.25,1.00,1.00,1.00,1.00,1.00
1.00,1.00,1.00,1.00,1.00,1.00,1.12,1.36,1.00,1.48,1.36,1.03,1.96,1.00,1.00,1.88,1.27,3.05,2.70,2.86,1.13,1.43,1.00,1.10,1.58,1.00,1.35,2.03,1.47,1.05,1.00,1.38,1.88,1.78,1.06,2.00,1.48,1.17,1.56,1.00,2.98,3.00,1.00,1.00,1.00,1.00,1.00,1.00,1.00,1.00,1.00,2.01,1.00,1.63,1.00,1.51,1.40,2.75,2.46,2.37,2.43,2.34,1.75,1.34,1.07,1.00,1.00,1.00,1.00,1.57,1.00,1.00,1.13,1.00,1.00,1.00,1.00,1.00,1.00,1.00,1.00,1.00,1.00,1.00
1.00,1.00,1.81,1.00,1.81,2.24,1.51,2.67,1.00,1.00,2.90,1.00,1.94,1.96,1.77,1.62,1.36,2.62,1.99,1.36,1.21,1.25,1.79,2.21,1.27,1.01,1.00,1.32,1.39,1.44,1.69,1.53,1.26,1.03,1.68,1.00,1.25,1.52,1.00,1.00,1.00,1.34,1.46,1.00,1.00,1.00,1.00,1.00,1.00,3.02,2.01,1.00,1.35,1.00,1.00,1.86,1.70,1.39,1.31,1.44,1.67,1.45,1.06,1.05,1.00,1.00,1.00,1.00,1.00,1.06,1.00,1.00,1.00,1.04,1.00,1.00,1.00,1.00,1.00,1.00,1.00,1.00,1.00,1.00
1.00,1.67,1.13,1.00,2.36,1.05,2.80,1.00,1.31,1.00,1.28,1.00,1.00,1.54,1.01,1.00,1.61,1.24,1.00,1.00,1.00,2.38,1.00,1.00,1.08,1.58,1.00,1.00,1.43,1.15,1.10,1.00,1.00,1.71,1.00,1.66,1.00,1.02,1.00,1.00,1.05,1.00,1.00,1.00,1.36,1.00,1.00,2.25,1.00,1.00,1.00,1.00,1.00,1.55,1.41,1.23,1.00,1.00,1.00,1.00,1.00,1.00,1.00,1.20,1.31,1.00,1.00,1.00,1.00,1.00,1.00,1.00,1.45,1.02,1.00,1.00,1.00,1.00,1.00,1.00,1.00,1.00,1.12,1.00
2.29,1.33,1.92,1.94,1.55,1.89,1.00,1.00,1.66,1.00,1.00,1.00,1.00,1.00,1.00,1.00,1.00,1.00,1.00,1.00,1.04,2.29,1.00,1.00,1.00,1.60,1.00,1.32,1.26,1.51,1.00,1.00,1.00,1.00,1.00,1.59,1.00,1.00,1.00,1.00,1.00,1.00,1.11,1.00,1.00,1.00,1.00,1.40,1.00,1.13,1.00,1.07,1.17,1.00,1.00,1.00,1.00,1.00,1.00,1.00,1.00,1.00,1.00,1.26,1.24,1.26,1.00,1.00,1.00,1.00,1.00,1.68,1.96,1.00,1.00,1.00,1.00,1.00,1.00,1.00,1.67,1.06,1.07,1.00
