public/data/weather/current/current-wind_model-surface-level-gfs-1.0.json
{"header": {"productDefinitionTemplate":0,"surface1Type":103,"scanMode":0,"genProcessType":2,"winds":"true","productStatus":0,"disciplineName":"Meteorological products","parameterUnit":"m.s-1","significanceOfRT":1,"productDefinitionTemplateName":"Analysis/forecast at horizontal level/layer at a point in time","centerName":"US National Weather Service - NCEP(WMC)","la1":90,"la2":-90,"discipline":0,"lo2":359,"subcenter":0,"surface2Value":0,"significanceOfRTName":"Start of forecast","surface1Value":10,"parameterNumberName":"V-component_of_wind","shapeName":"Earth spherical with radius of 6,371,229.0 m","surface2Type":255,"genProcessTypeName":"Forecast","surface1TypeName":"Specified height level above ground","nx":360,"ny":181,"productTypeName":"Forecast products","basicAngle":0,"gridDefinitionTemplate":0,"gridDefinitionTemplateName":"Latitude_Longitude","subDivisions":0,"parameterNumber":3,"dx":1,"dy":1,"gridUnits":"degrees","parameterCategoryName":"Momentum","parameterCategory":2,"numberPoints":65160,"center":7,"productStatusName":"Operational products","gribEdition":2,"shape":6,"forecastTime":3,"surface2TypeName":"Missing","refTime":"2014-01-31T00:00:00.000Z","productType":1,"lo1":0,"resolution":48,"gribLength":131858},"meta":{"date":"2014-01-31T03:00:00.000Z"}, "data":
[rows 36 to 71 of 181, columns 160 to 239 of 360]
-2.40,-2.20,6.78,10.28,10.70,11.02,10.64,9.18,7.00,4.88,3.34,2.78,3.08,3.66,2.74,-1.16,-5.88,-8.34,-9.60,-12.10,-6.40,3.84,3.04,-5.38,-7.56,2.84,1.88,7.42,22.70,23.48,21.12,17.44,17.44,12.80,8.32,6.80,1.68,-0.20,2.54,6.94,6.78,7.70,12.26,9.48,7.08,6.46,5.52,4.40,3.82,3.98,3.62,2.44,1.58,2.26,3.50,3.72,2.82,0.80,-2.02,-4.94,-7.80,-10.74,-13.52,-13.38,-8.54,-5.54,-6.50,-5.16,-9.38,-11.04,-2.12,-3.96,0.84,2.28,1.94,1.26,2.44,1.54,3.00,0.82
2.80,10.20,11.34,12.24,12.52,12.14,11.42,10.60,9.10,6.60,3.80,1.94,1.34,-0.02,0.24,-0.60,-4.90,-8.80,-12.88,-13.22,0.22,3.16,-1.50,-2.96,1.34,4.80,1.62,-0.04,13.56,22.16,24.02,17.64,14.54,13.76,10.58,7.36,3.46,1.00,0.06,-1.98,-4.08,-5.18,3.16,4.94,2.84,3.34,3.44,3.48,3.28,2.72,2.32,2.18,2.42,3.12,3.76,3.28,2.56,2.74,1.44,-2.26,-5.58,-9.34,-13.82,-15.20,-12.24,-10.86,-10.28,-5.88,-4.56,-12.18,-8.78,-3.96,-3.56,-1.74,1.52,2.26,1.42,2.14,-0.02,-0.58
10.08,13.70,16.36,17.52,17.46,16.74,15.44,13.14,10.28,7.46,4.72,2,0.10,-1.02,-1.70,-2.66,-4.90,-9.50,-15.34,-12.22,-3.82,-6.24,-2.04,1.30,5.00,8.38,9.78,11.42,13.64,13.70,19.64,23.10,19.94,16.32,13.00,8.96,3.22,-2.34,-4.64,-7.82,-11.80,-15.88,-9.60,-2.68,-2.20,1.02,1.58,2,2.48,2.92,3.26,3.54,3.82,4.10,4.40,4.58,4.36,3.80,2.60,-0.14,-4.02,-7.44,-11.88,-15.86,-16.22,-15.40,-13.06,-4.60,-6.54,-13.00,-12.98,-9.50,-3.80,-2.74,-1.86,0.86,0.38,-1.20,-1.28,-1.42
18.32,25.38,28.50,27.84,26.44,23.80,20.80,17.22,13.18,9.20,5.38,2.26,0.40,-0.50,-1.36,-3.36,-6.40,-10.36,-14.94,-14.84,-10.72,-11.80,-5.04,6.10,12.84,15.54,16.22,15.38,12.40,9.08,9.70,18.98,21.94,18.24,13.94,9.20,3.84,-3.04,-9.06,-12.66,-17.06,-22.50,-22.80,-11.08,-2.88,-0.62,0.48,2.16,3.08,3.88,4.34,4.58,4.82,5.08,5.52,5.42,5.30,5.10,3.54,0.48,-3.10,-6.50,-9.54,-12.90,-15.84,-16.46,-17.98,-11.82,-9.06,-15.92,-14.62,-11.96,-3.78,-2.42,-5.42,-6.72,-4.30,-4.06,-3.22,-4.14
24.24,27.16,29.14,33.36,33.94,30.44,25.64,20.74,16.06,11.18,7.12,3.60,0.98,-0.52,-1.70,-3.00,-5.90,-10.24,-14.60,-16.66,-13.42,-13.54,-5.84,6.02,13.42,17.32,16.90,15.52,12.68,8.16,5.08,12.16,20.80,18.30,13.92,8.94,3.58,-2.54,-10.26,-15.96,-20.84,-25.52,-30.82,-22.02,-5.86,-3.44,-1.18,0.24,2,4.10,5.80,6.74,7.18,7.22,7.54,7.98,7.60,6.72,5.62,3.00,-1.12,-4.92,-8.30,-11.14,-13.68,-15.38,-16.02,-17.66,-16.02,-15.20,-15.90,-17.24,-11.98,-2.74,-2.14,-5.06,-2.38,-4.58,-5.08,-4.84
24.08,26.58,28.82,29.62,33.60,34.48,29.94,24.56,19.16,13.66,8.10,4.38,2.44,1.12,-0.76,-2.76,-5.06,-8.94,-13.22,-15.94,-14.82,-9.28,-1.80,5.72,10.18,13.94,15.92,15.88,11.74,6.40,1.92,5.46,19.42,18.12,13.68,7.82,2.82,-2.26,-9.28,-16.16,-21.76,-26.58,-32.30,-34.62,-16.82,-2,4.36,7.60,9.84,8.70,7.18,9.00,10.72,11.04,10.88,10.24,9.98,8.56,7.40,5.94,2.90,-1.44,-5.08,-8.20,-10.80,-13.04,-14.82,-15.90,-16.50,-16.34,-15.96,-15.92,-15.64,-12.02,-4.78,-3.40,-1.98,-6.24,-3.70,-2.72
28.28,28.72,29.60,31.60,30.72,32.96,34.26,29.40,23.14,16.92,10.90,5.90,3.56,2.32,0.48,-1.82,-4.48,-8.02,-11.20,-13.10,-12.50,-8.04,-0.74,6.06,8.92,11.06,13.48,13.28,8.40,3.62,-0.82,-0.14,18.48,18.90,14.58,8.18,1.80,-2.56,-8.64,-15.12,-20.52,-25.10,-29.14,-33.30,-29.06,-12.32,4.78,13.14,15.50,14.60,16.74,16.40,13.32,14.12,14.12,14.12,12.60,11.02,8.26,6.04,4.02,0.46,-3.48,-6.62,-9.10,-10.90,-11.72,-11.86,-12,-12.48,-13.32,-14.72,-15.58,-15.64,-12.74,-3.76,-1.06,-2.12,4.86,1.18
39.34,40.42,39.90,38.18,37.74,37.46,35.08,32.30,25.92,18.92,13.02,8.20,4.36,2.40,0.88,-1.20,-3.98,-7.20,-10.02,-11.02,-10.64,-7.42,-2.82,2.38,5.28,5.16,5.52,7.90,4,0.22,-4.08,-2.46,19.62,19.44,15.16,9.72,3.04,-2.36,-8.66,-14.54,-18.66,-21.98,-23.40,-23.62,-21.20,-11.16,0.26,7.50,11.94,13.74,8.86,9.30,21.88,18.68,18.58,16.42,14.38,12.38,10.30,7.36,4.42,1.18,-2.34,-4.56,-6.04,-7.36,-8.56,-9.66,-10.82,-11.94,-12.68,-12.78,-13.00,-13.60,-12.70,-10.82,-0.42,5.12,3.66,-0.98
38.46,36.96,36.04,35.34,34.68,34.96,33.34,31.92,26.24,19.20,13.14,8.44,4.60,1.92,0.18,-2.04,-4.44,-6.22,-7.38,-9.08,-9.32,-7.28,-3.94,-0.86,-0.10,-0.16,1.06,3.50,-1.16,-2.16,-10.64,4.88,22.52,19.06,15.36,9.76,3.08,-2.06,-8.52,-13.94,-17.42,-19.28,-19.62,-17.54,-13.64,-8.36,-3.46,0.06,5.70,5.26,10.22,4.46,6.60,25.34,22.56,22.38,19.58,14.68,10.66,8.68,5.34,1.82,-0.48,-1.02,-1.00,-1.48,-2.94,-4.96,-7.10,-9.34,-11.60,-13.06,-13.04,-11.28,-8.90,-7.54,0.22,4.24,3.58,3.10
39.10,37.56,36.44,34.52,32.60,31.36,28.86,27.14,22.68,17.64,12.26,7.26,3.88,1.06,-1.28,-3.52,-5.86,-7.70,-9.56,-11.62,-11.94,-9.88,-6.28,-2.98,-3.04,-1.82,-0.10,-0.66,-6.48,-6.64,-12.60,18.80,21.12,18.88,12.72,6.14,0.76,-4.38,-9.14,-12.54,-15.84,-17.38,-17.62,-17.06,-14.78,-12.24,-9.40,-3.04,4.12,1.14,3.98,11.02,-4.08,17.98,26.28,26.78,22.58,17.32,12.02,9.44,6.08,1.90,0.56,2,2.56,1.64,0.02,-2.10,-4.78,-7.86,-10.58,-12.34,-12.90,-11.36,-8.28,-5.50,1.48,5.10,1.84,3.18
38.66,36.66,36.38,34.64,32,29.64,26.52,23.34,20.86,16.46,11.26,6.62,3.42,0.90,-2.10,-5.20,-7.48,-9.56,-11.58,-12.56,-12.10,-10.32,-6.62,-3.68,-2.26,-2.58,-3.18,-7.42,-9.20,-11.70,0.18,23.14,19.64,14.86,8.46,3.60,-1.64,-5.66,-9.32,-12.52,-15.12,-16.20,-16.14,-16,-14.42,-11.90,-10.06,-5.58,1.14,-1.42,1.54,7.98,0.56,3.18,30.86,28.68,23.60,17.74,12.60,9.44,6.32,2.30,0.20,1.04,1.88,1.14,0.16,-0.70,-3.20,-7.20,-10.78,-12.86,-14.08,-13.66,-10.16,-6.74,-2.06,2.74,0.64,-3.66
39.08,36.18,34.50,33.18,30.40,27.44,25.30,23.40,20.82,16.64,10.92,5.62,2.14,0.10,-1.90,-4.58,-7.60,-10.44,-12.02,-12.90,-13.46,-12.20,-10.14,-7.28,-5.02,-6.90,-6.92,-11.46,-8.54,-15.76,18.20,18.74,14.56,10.62,6.74,2.12,-2.50,-6.62,-9.80,-12.52,-14.14,-14.26,-14,-14.52,-14.12,-12.62,-10.72,-8.12,-1.52,-1.30,-0.28,2.72,0.38,-3.26,31.62,28.22,23.00,17.14,11.96,7.82,5.24,3.98,1.50,-0.90,-1.12,-0.34,0.02,-0.56,-3.08,-7.02,-10.20,-12.24,-13.56,-13.48,-13.06,-10.44,-1.80,-1.82,-2.44,-4.82
37.16,34.96,33.02,31.08,28.16,24.94,22.92,22.04,18.44,14.46,9.00,3.52,0.08,-1.76,-3.54,-6.04,-8.46,-10.40,-11.80,-12.46,-13.04,-11.44,-8.64,-7.04,-8.92,-7.96,-11.16,-9.82,-17.62,3.92,19.70,12.86,12.04,9.66,5.64,1.10,-3.32,-7.18,-9.76,-11.46,-12.32,-12.52,-12.30,-12.88,-14.42,-13.18,-11.26,-8.52,-3.68,-3.06,-2.60,-2.72,-4.62,-2.50,31.52,25.84,22.22,15.94,10.12,5.04,1.72,2.94,2.70,-0.64,-1.90,-0.76,-0.50,-2.62,-4.62,-6.82,-9.36,-11.28,-12.90,-14.06,-14.86,-19.48,-6.34,-4.16,-1.98,-4.12
34.84,32.60,31.58,29.74,26.76,24.50,22.66,19.08,15.36,11.24,6.74,2.08,-1.28,-3.64,-6.14,-8.80,-11.16,-12.90,-13.14,-12.30,-11.78,-9.60,-9.40,-12.40,-12.64,-11.92,-12.14,-17.74,-5.88,19.42,11.86,11.82,10.64,8.54,4.34,-0.04,-4.12,-7.36,-9.38,-10.38,-11.26,-11.28,-10.70,-11.64,-13.80,-13.56,-11.00,-8.96,-6.64,-6.80,-7.36,-6.72,-13.20,9.04,28.08,23.90,20.56,14.56,8.22,2.28,-2.26,-2,1.50,1.02,0.42,-0.58,-2.36,-3.46,-5.22,-7.04,-9.28,-11.78,-13.92,-15.96,-19.58,-25.78,-7.90,-4.16,-3.52,-6.28
32.68,32.10,30.98,29.78,29.70,26.62,22.40,17.58,12.78,8.12,3.82,0.18,-2.52,-4.98,-7.88,-10.50,-12.68,-13.52,-13.48,-12.94,-12.54,-11.96,-10.62,-10.66,-14.46,-14.60,-18.62,-10.36,17.44,10.96,10.70,9.16,8.62,6.04,2.76,-1.04,-3.74,-6.04,-7.86,-8.72,-8.68,-8.02,-8.38,-10.94,-13.46,-14.08,-12.58,-10.84,-10.78,-10.44,-11.84,-10.04,-15.44,24.94,21.64,20.84,17.56,12.88,6.78,0.40,-4.34,-5.96,-3.66,-0.42,0.48,-1.20,-5.76,-5.62,-4.22,-6.18,-10.60,-14.42,-17.02,-18.58,-19.40,-21.56,-8.52,-0.28,-1.38,0.88
35.20,35.42,35.30,32.22,28.62,25.84,22,16.70,10.82,5.32,1.30,-1.48,-3.92,-6.42,-8.42,-10.70,-11.64,-10.98,-11.02,-12.40,-14.54,-14.48,-12.40,-16.20,-17.38,-20.36,-11.26,14.12,9.58,8.74,6.54,5.86,4.92,3.62,1.08,-1.84,-3.86,-5.54,-6.32,-7.40,-8.10,-8.60,-10.44,-12.94,-14.64,-14.44,-14.30,-14.68,-13.76,-14.62,-12.88,-18.48,9.44,19.88,17.18,15.74,14.16,10.28,4.94,-0.72,-4.58,-6.30,-6.58,-4.74,-2.14,-3.30,-7.90,-10.78,-9.44,-9.18,-9.60,-13.12,-17.24,-18.98,-19.24,-21.56,-20.54,-4.18,-1.72,1.56
38.94,36.98,34,29.86,25.96,23.50,20.16,15.20,9.36,3.14,-0.94,-2.66,-4.90,-7.34,-8.56,-9.50,-10.36,-11.86,-12.86,-13.72,-14.92,-15.60,-18.14,-19.38,-22,-8.44,10.24,6.88,5.00,1.40,1.22,0.90,0.56,-0.56,-2.94,-5.52,-7.68,-9.30,-10.08,-10,-9.60,-9.72,-11.22,-12.98,-14.46,-15.52,-15.80,-16.12,-16.88,-15.20,-19.02,-1.50,15.68,12.86,12,11.02,9.76,6.80,1.98,-2.46,-5.68,-6.98,-7.10,-7.04,-5.50,-5.86,-9.14,-11.08,-12.12,-14.94,-14,-14.74,-18.96,-21.26,-22.36,-22.16,-21.94,-11.58,6.14,5.28
36.98,34.22,30.06,25.78,22.06,19.94,17.92,14.50,10.08,4.06,-1.44,-4.84,-7.28,-9.36,-10.44,-10.66,-11.16,-11.96,-13.12,-15.14,-17.68,-20.16,-21.02,-23.42,-7.32,6.40,1.26,-0.80,-4.46,-3.68,-3.50,-2.74,-1.72,-1.36,-2.14,-3.72,-5.50,-6.74,-7.60,-8.54,-9.80,-10.84,-11.86,-13.12,-14.26,-15.68,-17.16,-17.32,-16.30,-19.22,-5.38,10.70,9.32,10.58,8.40,7.12,4.26,3.00,0.34,-3.50,-6.14,-7.64,-7.68,-8.34,-8.56,-9.06,-12.14,-12.72,-15.82,-17.36,-16.56,-18.40,-18.74,-19.22,-18.24,-16.16,-13.72,-14.52,-4.92,4.02
34.36,31.36,26.88,23.26,20.36,17.78,15.96,13.60,9.62,3.82,-1.74,-6.02,-9.06,-11.00,-12.46,-13.58,-14.24,-14.80,-15.92,-18.30,-20.68,-21.64,-25.24,-9.20,3.50,-4.56,-6.80,-9.34,-8.52,-7.08,-5.10,-4.22,-3.62,-4.34,-4.20,-3.70,-3.62,-4.60,-5.98,-6.60,-7.84,-10.74,-12.46,-13.88,-15.64,-16.80,-17.00,-17.82,-18.76,-4.42,6.38,5.58,8.26,7.14,4.86,4.26,3.32,1.12,-0.46,-2.70,-4.98,-6.70,-7.96,-8.40,-9.12,-11.94,-14.46,-15.64,-19.46,-20.96,-20.38,-22.42,-22.66,-19.24,-5.78,-5.32,-10.16,-11.58,-13.20,-2.74
30.78,28.92,25.84,22.98,19.84,16.40,13.98,11.96,8.12,3.00,-2.04,-6.22,-9.80,-11.96,-13.68,-15.02,-16.28,-17.24,-18.52,-20.70,-22.28,-26.52,-11.70,-1.40,-7.18,-11.46,-13.46,-13.74,-12.66,-10.56,-8.60,-6.90,-6.10,-5.08,-5.54,-5.56,-4.80,-5.00,-5.12,-6.04,-7.98,-8.54,-11.06,-13.64,-15.38,-16.88,-17.88,-13.30,-0.12,2.96,1.34,4.46,4.86,3.52,1.94,1.52,2.50,0.66,-2.96,-2.28,-3.14,-6.68,-8.96,-10.36,-12.06,-14.28,-16,-17.16,-19.46,-21.10,-20.96,-20.16,-14,-1.26,2.48,-4.66,-6.40,-7.30,-10.24,-6.68
27.48,25.92,23.70,20.88,18,14.80,12.12,9.40,5.48,1.08,-2.80,-6.72,-10.36,-12.80,-14.58,-15.98,-17.26,-18.36,-20.86,-22.88,-25.98,-11.70,-6.38,-10.94,-14.22,-16.90,-17.16,-16.86,-14.90,-13.34,-11.74,-10.24,-8,-8,-8.18,-6.56,-7.80,-8.10,-9.08,-10.96,-9.84,-10.04,-11.84,-13.76,-14.92,-12.30,-4.60,2.20,0.68,-1.38,0.20,2.96,2.92,1.38,0.62,1.02,0.84,-1.20,-4.54,-6.24,-4.80,-6.40,-9.00,-10.70,-12.62,-14.64,-16.12,-17.56,-19.18,-20.68,-20.12,-16.80,-11.46,-4.12,-4.32,-6.44,-6.04,-6.54,-7.18,-9.94
24.14,22.10,20,17.52,15.36,12.78,9.84,6.54,2.84,-0.88,-4.36,-7.64,-10.20,-12.60,-14.36,-15.22,-16.98,-19.60,-21.56,-25.54,-14.42,-8.60,-12.72,-15.64,-19.18,-21.22,-20.26,-17.76,-17.04,-17.26,-15.16,-13.60,-13.06,-10.46,-6.36,-8.10,-10.64,-9.14,0.40,5.10,1.98,-1.90,-4.98,-5.48,-3.44,-2.04,-2.02,-2.24,-3.30,-2.04,1.00,1.52,0.60,0.02,-0.20,-0.46,-1.70,-3.56,-4.98,-6.42,-7.44,-7.72,-8.46,-9.66,-10.88,-12.62,-14.32,-15.92,-16.80,-16.78,-15.46,-12.74,-10.68,-7.04,-8.14,-8.48,-7.28,-8.48,-9.24,-7.90
20.18,18.62,16.44,13.84,12.40,9.98,6.60,3.58,0.56,-2.54,-5.50,-8.18,-10.86,-13.14,-14.58,-15.54,-18.50,-20.72,-24.16,-19.48,-10.08,-13.92,-15.58,-19.72,-22.22,-22.54,-20.76,-20.48,-20.80,-21.00,-18.72,-16.34,-12.16,-4.02,5.12,11.76,13.48,16.58,16.08,12.60,6.58,2.08,0.40,0.18,-0.82,-2.14,-2.36,-3.72,-3.70,-1.38,1.18,-0.28,-1.94,-1.32,-0.98,-1.58,-2.74,-4.20,-6.08,-7.58,-8.30,-8.56,-8.82,-9.54,-9.94,-10.38,-11.74,-13.22,-14.26,-14.12,-13.28,-12.74,-11.68,-8.02,-8.70,-10.20,-9.04,-7.56,-6.98,-4.26
16.52,15.36,13.58,11.58,9.70,7.14,3.92,1.18,-1.68,-4.60,-7.22,-9.38,-11.70,-14.22,-16.10,-17.28,-19.00,-21.22,-20.78,-13.80,-16.36,-16.72,-19.32,-21.68,-23.00,-23.36,-22.42,-20.70,-22.12,-23.60,-18.86,-8.44,10.96,17.94,19.88,21.36,19.06,15.96,14.98,11.26,7.94,6.52,4.54,0.80,-2.26,-2.24,-2.38,-3.24,-3.56,-2,0.16,-0.22,-0.92,-1.08,-1.82,-3.62,-5.26,-6.28,-7.46,-8.70,-9.42,-9.58,-9.48,-9.60,-10.24,-11.52,-12.30,-12.90,-13.46,-13.58,-13.44,-12.80,-11.74,-10.78,-10.38,-11.22,-10.26,-7.78,-5.16,-4.90
14.16,12.72,10.86,8.82,6.36,4.88,3.30,0.42,-2.54,-5.98,-8.54,-10.82,-13.06,-14.92,-17.44,-18.80,-19.58,-18.92,-14.66,-17.64,-20.12,-20.58,-22.68,-22.54,-23.76,-23.34,-20.44,-20.32,-22.96,-20.68,-13.48,0.92,14.92,25.26,22.32,18.46,16.80,15.52,13.94,11.38,9.40,5.52,0.92,-0.42,0.28,0.42,-0.32,-0.86,-1.58,-0.60,-1.38,-1.76,-1.02,-2.18,-3.60,-4.44,-5.18,-6,-7.16,-8.36,-9.28,-9.70,-9.70,-9.74,-10.54,-11.62,-12.10,-12.56,-13.26,-13.08,-11.76,-11.30,-11.54,-11.10,-10.24,-9.70,-8.10,-5.84,-5.06,-6.22
13.08,11.06,8.72,6.72,4.30,2.30,0.44,-1.20,-3.18,-5.88,-8.64,-11.32,-14.04,-16.28,-18.56,-19.82,-18.50,-16.02,-17.60,-21.58,-22.14,-23.14,-24.98,-23.14,-22.74,-22.50,-21.04,-20.74,-19.34,-16.70,-11.44,7.98,23.30,22.10,19.84,18.40,16.54,13.60,11.18,8.72,4.74,1.00,0.54,2.18,2.16,1.78,1.40,1.62,-0.62,-3.26,-5.06,-4.22,-5.56,-6.64,-5.38,-4.38,-4.92,-5.56,-6.36,-7.28,-8.12,-8.74,-9.16,-9.60,-10.40,-11.80,-12.84,-11.18,-6.78,-5.38,-7.52,-9.72,-10.38,-10.34,-9.94,-8.74,-6.68,-5.52,-5.70,-7.20
7.68,6.70,5.96,4.50,2.84,0.94,-1.16,-3.46,-5.80,-7.88,-9.84,-12.06,-15.04,-18.10,-19.28,-18.44,-17.86,-19.12,-21.50,-23.32,-23.36,-23.68,-25.06,-23.18,-22.78,-23.64,-22.48,-18.64,-17.34,-16.74,-0.74,19.14,23.86,22.98,20.02,19.42,16.58,11.74,8.94,5.78,3.32,2.26,1.22,-0.70,1.46,2.54,1.96,-2.74,-5.36,-5.60,-5.90,-7.12,-6.76,-4.30,-3.18,-3.32,-3.72,-4.56,-5.54,-6.44,-7.12,-8.26,-9.42,-9.88,-8.84,-6.12,-3.68,-3.02,-4.76,-6.56,-8.08,-9.24,-9.96,-9.42,-8.26,-7.96,-7.82,-7.54,-7.74,-8.84
5.14,3.96,2.78,1.24,-0.52,-2.46,-4.56,-6.66,-8.40,-9.92,-11.20,-12.34,-13.94,-15.64,-17.20,-18.76,-20.08,-21.62,-23.46,-24.60,-24.60,-23.96,-24.80,-23.40,-23.26,-24.08,-21.14,-17.20,-16.96,-15.56,15.66,21.96,23.72,22.50,22.24,16.92,11.02,8.86,6.52,3.74,0.78,-2.26,-2.66,0.12,3.30,2.68,-1.90,-4.80,-5.30,-5.80,-5.02,-2.62,1.36,1.10,-0.36,-1.94,-2.92,-3.48,-4.34,-4.60,-5.60,-5.66,-4.32,-3.26,-3.12,-3.94,-5.44,-6.36,-6.70,-6.86,-7.50,-8.16,-8.30,-8.52,-8.96,-9.38,-9.06,-8.98,-9.48,-9.60
5.42,4.60,3.30,1.58,-0.36,-2.14,-4.12,-6.16,-7.90,-9.38,-11.40,-13.12,-14.50,-15.56,-16.88,-18.40,-20.48,-22.20,-23.48,-24.54,-24.76,-23.94,-24.28,-24.42,-25.00,-25.40,-22.16,-19.52,-20.40,-3.14,23.74,24.80,21.52,18,11.96,8.28,8.24,6.10,3.74,0.04,-3.32,-2.34,2.54,5.84,4.12,1.50,-1.18,-3.70,-4.78,-2.84,0.74,2.12,2.62,2.60,1.06,0.52,0.48,-0.08,-1.26,-2.76,-3.84,-4.50,-4.90,-5.00,-4.96,-5.84,-7.20,-7.78,-7.48,-6.94,-7.50,-8.94,-10.44,-11.28,-11.86,-11.72,-10.72,-10.08,-8.88,-7.66
1.82,2.38,1.30,-0.70,-1.10,-2.78,-5.14,-7.56,-9.60,-11.34,-12.96,-14.46,-16.40,-18.42,-20.30,-21.78,-23.02,-24,-24.92,-25.48,-24.86,-24.72,-26.16,-27.30,-27.36,-26.38,-25.16,-22.18,-20.28,18.02,19.24,18.30,15.12,10.52,6.94,6.30,5.46,3.64,0.98,-1.86,-1.02,0.68,2.26,3.22,2.64,0.02,-1.36,-1.32,1.16,2.48,2.82,2.56,2.50,1.78,1.84,1.66,-0.06,-1.44,-2.72,-3.70,-4.78,-5.52,-5.54,-5.26,-5.60,-7.24,-9.90,-10.12,-10.04,-10.72,-11.66,-12.10,-12.34,-12.56,-13.10,-12.44,-9.82,-7.24,-6.22,-7.26
-0.52,-1.18,-0.54,-1.32,-3.36,-3.84,-5.44,-8.26,-10.34,-12.36,-14.68,-16.74,-18.36,-19.84,-21.28,-22.20,-23.04,-24.04,-24.84,-25.10,-25.22,-25.88,-26.96,-27.34,-26.36,-26.02,-25.52,-23.38,10.84,17.44,15.90,14.46,9.62,7.20,6.52,6.84,4.84,3.18,0.18,-1.38,0.74,1.86,4,5.50,2.84,4.54,6.78,6.46,6.74,5.52,3.86,2.70,2.88,2.12,1.44,0.58,-1.12,-2.54,-3.88,-4.60,-5.24,-5.66,-6.22,-6.84,-7.70,-10.04,-10.86,-10.18,-10.88,-12.04,-12.40,-12.38,-11.76,-11.60,-9.94,-7.10,-5.96,-6.84,-8.06,-7.34
-2.96,-3.32,-4.54,-3.92,-4.04,-5.50,-7.22,-9.28,-11.86,-13.70,-15.30,-17.00,-18.46,-20.06,-21.82,-23.36,-24.36,-25.02,-24.98,-24.76,-24.80,-25.70,-26.44,-26.28,-25.62,-26.38,-18.96,13.08,16.28,15.70,13.26,9.40,6.82,6.26,6.30,5.04,3.58,2.10,0.44,-1.04,1.14,4.06,4.50,7.30,9.26,6.88,2.86,3.66,4.84,4.18,2.82,2.76,2.40,2.12,0.62,-1.34,-2.24,-2.70,-3.28,-4.24,-5.74,-6.76,-7.40,-6.74,-6.14,-7.56,-9.48,-9.20,-9.66,-10.46,-10,-9.64,-9.38,-9.22,-8.34,-7.38,-8.26,-8.26,-7.76,-6.96
-3.90,-5.00,-5.30,-5.80,-5.92,-7.50,-9.86,-11.64,-13.48,-14.90,-15.88,-16.72,-18.58,-20.22,-21.60,-22.48,-23.22,-24.04,-24.84,-25.22,-25.10,-24.38,-25.72,-25.28,-24.90,-11.80,13.88,12.84,12.92,10.84,7.64,4.68,3.28,4.26,5.62,4.94,2.78,1.18,1.22,-0.30,1.98,1.96,-0.46,3.78,5.20,3.28,1.62,3.64,3.10,2.76,2.74,1.10,2,1.48,-1.04,-2.42,-3.18,-4.04,-4.38,-5.28,-5.94,-6.22,-6.46,-5.74,-5.30,-5.48,-6.40,-8.24,-9.12,-8.82,-9.12,-10,-10.20,-9.82,-9.60,-9.58,-8.88,-7.90,-6.66,-6.12
-4.92,-4.32,-4.04,-5.38,-7.12,-9.32,-10.74,-12.10,-14.38,-16.50,-17.46,-18.86,-19.30,-20.30,-21.28,-21.40,-20.88,-21.02,-22.12,-23.32,-25.46,-26.78,-25.92,-23.60,-5.50,10.44,9.74,9.60,7.32,5.20,3.08,1.18,1.02,2.70,4.04,4.72,2.06,2.24,3.54,2.14,2.14,0.96,2.64,-1.10,0.54,3.28,5.46,5.76,8.56,8.36,6.10,4.02,0.84,-2.10,-3.64,-4.28,-5.62,-6.18,-6.28,-6.12,-6.58,-7.46,-5.70,-5.32,-6.64,-7.82,-8.36,-7.82,-7.68,-8.48,-9.22,-10.08,-10.18,-10.38,-9.22,-8.72,-7.78,-7.48,-5.78,-3.44
-6.04,-5.66,-4.20,-4.98,-7.14,-9.36,-10.36,-12.34,-13.36,-14.74,-16.44,-17.12,-17.92,-18.62,-19.32,-19.50,-18.96,-19.40,-21.88,-24.46,-24.34,-23.54,-16.74,1.34,6.94,7.08,6.46,4.38,2.78,1.88,0.78,-0.58,1.12,3.58,5.16,4.16,1.82,2.38,3.72,3.92,3.56,1.26,-2.06,-1.66,-3.42,3.30,7.32,9.38,8.24,6.76,6.22,1.72,0.36,-2.48,-1.46,-3.02,-5.06,-6.02,-7.42,-7.82,-7.38,-6.34,-6.84,-7.62,-8.42,-8.70,-8.80,-8.78,-8.14,-8,-8.66,-9.44,-10.16,-9.06,-7.86,-6.74,-6.48,-4.98,-3.44,-2.44
-5.94,-4.66,-3.80,-4.08,-6.80,-9.64,-10.92,-11.92,-12.10,-12.94,-14.70,-16.08,-17.92,-19.26,-19.76,-20.60,-20.88,-21.96,-21.52,-19.42,-15.38,-6.10,2.18,3.88,3.98,3.26,2.98,1.68,1.86,1.26,-0.72,-1.84,3.52,4.98,4.58,2.02,0.64,1.80,3.24,3.26,5.70,4.46,-0.96,-1.30,1.56,-3.04,7.78,7.36,7.44,6.90,3.98,2.94,0.84,1.26,3.06,0.28,-2.62,-4.72,-6.44,-6.82,-6.16,-6.58,-7.94,-8.80,-8.76,-8.58,-8.24,-8.54,-8.66,-8.54,-8.28,-9.02,-9.64,-8.88,-7.88,-7.66,-6.84,-5.64,-3.78,-1.56
