public/data/weather/current/current-temp-surface-level-gfs-1.0.json
{"header": {"discipline":0,"disciplineName":"Meteorological products","gribEdition":2,"gribLength":61787,"center":7,"centerName":"US National Weather Service - NCEP(WMC)","subcenter":0,"refTime":"2014-11-30T06:00:00.000Z","significanceOfRT":1,"significanceOfRTName":"Start of forecast","productStatus":0,"productStatusName":"Operational products","productType":1,"productTypeName":"Forecast products","productDefinitionTemplate":0,"productDefinitionTemplateName":"Analysis/forecast at horizontal level/layer at a point in time","parameterCategory":0,"parameterCategoryName":"Temperature","parameterNumber":0,"parameterNumberName":"Temperature","parameterUnit":"K","genProcessType":2,"genProcessTypeName":"Forecast","forecastTime":6,"surface1Type":103,"surface1TypeName":"Specified height level above ground","surface1Value":2,"surface2Type":255,"surface2TypeName":"Missing","surface2Value":0,"gridDefinitionTemplate":0,"gridDefinitionTemplateName":"Latitude_Longitude","numberPoints":65160,"shape":6,"shapeName":"Earth spherical with radius of 6,371,229.0 m","gridUnits":"degrees","resolution":48,"winds":"true","scanMode":0,"nx":360,"ny":181,"basicAngle":0,"subDivisions":0,"lo1":0,"la1":90,"lo2":359,"la2":-90,"dx":1,"dy":1}, "data":
[rows 114 to 151 of 181, columns 84 to 167 of 360]
4.34,4.45,4.49,4.52,4.60,5.25,5.89,5.57,5.10,5.28,5.39,4.92,4.95,4.84,4.44,4.02,3.25,2.96,2.23,1.81,1.01,1.40,1.09,1.16,1.06,1.02,1.41,1.77,1.87,2.19,2.66,1.29,2.48,3.63,4.53,4.08,3.23,2.37,1.26,1.17,1.12,1.07,1.55,1.14,3.64,1.28,1.10,1.07,1.10,1.36,1.46,3.45,1.52,1.98,2.04,1.20,1.05,1.18,1.01,1.05,1.37,2.38,3.45,2.34,2.32,2.62,1.85,1.16,1.60,1.05,2.44,3.14,3.92,5.37,5.94,4.15,3.69,2.95,2.33,1.38,1.46,2.06,2.69,3.92
4.22,4.14,3.83,3.59,3.39,3.64,4.66,5.77,6.13,6.24,6.14,5.48,5.31,4.68,4.19,3.82,3.41,3.15,2.92,2.36,1.75,1.30,1.28,1.17,1.02,1.18,1.13,1.34,1.36,1.71,2.90,1.66,1.38,3.88,4.85,3.93,2.99,1.43,1.25,1.09,1.02,1.00,1.08,1.14,1.47,3.31,1.08,1.81,1.21,1.01,1.24,1.53,2.10,2.09,1.75,1.68,1.10,1.00,1.13,1.18,1.07,1.80,2.15,2.35,1.19,1.47,2.09,1.47,1.02,1.20,1.53,1.75,2.99,4.42,4.25,4.26,4.34,3.20,1.62,1.84,2.70,2.76,2.77,2.91
3.02,3.05,2.79,2.38,2.35,2.95,3.66,4.21,4.64,4.60,5.01,4.80,4.76,4.34,3.92,3.67,3.28,3.64,3.27,2.80,2.17,1.86,1.36,1.14,1.02,1.04,1.00,1.09,1.24,1.05,1.65,3.31,1.44,1.21,3.39,3.97,2.99,1.43,1.14,1.45,1.36,1.55,1.69,1.11,1.18,1.36,3.20,1.44,1.41,1.27,1.19,1.17,1.05,1.90,1.85,1.51,1.43,1.04,1.18,1.10,1.27,1.67,2.04,1.62,1.15,1.04,1.03,1.08,1.47,1.10,1.20,1.30,2.36,2.66,3.15,3.69,3.64,2.32,1.60,2.40,1.48,1.17,2.33,3.20
1.88,2.25,2.61,2.85,2.84,3.12,3.49,4.13,5.04,4.65,4.73,4.50,4.44,3.86,3.65,3.60,3.53,3.55,3.60,3.56,3.46,2.62,1.73,1.23,1.03,1.31,1.53,1.46,1.29,1.38,1.25,2.21,1.59,1.82,3.50,3.69,2.91,1.59,1.54,2.33,2.19,1.88,1.42,1.09,1.61,2.05,2.44,1.57,1.00,1.15,1.29,1.12,1.12,1.60,2.16,1.92,1.40,1.23,1.03,1.29,1.02,1.34,1.01,1.06,1.10,1.02,1.04,1.02,1.26,1.18,1.20,1.38,1.72,1.86,2.04,2.25,2.02,1.09,2.02,1.29,1.34,2.75,3.73,4.31
1.49,1.65,1.80,2.02,2.95,3.43,3.74,3.95,5.18,5.64,5.95,6.02,5.11,4.31,4.17,3.99,3.83,3.79,3.88,4.59,4.60,3.67,2.58,1.55,1.11,1.34,1.66,1.76,1.75,1.64,1.15,1.49,1.41,1.87,2.13,2.91,2.38,1.26,2.53,2.52,2.08,1.02,1.08,1.12,1.91,2.74,2.20,4.50,1.01,1.41,1.11,1.02,1.32,2.50,1.74,2.08,1.91,1.73,2.68,3.06,2.78,1.76,1.28,1.10,1.02,1.02,1.35,1.51,1.46,1.18,1.60,1.37,1.59,1.57,1.45,1.52,1.29,1.98,1.91,1.99,2.83,4.12,5.23,6.04
2.34,1.93,2.22,2.66,3.43,3.47,2.19,1.35,2.49,3.69,4.57,5.62,6.11,5.46,4.97,4.48,4.66,4.47,4.38,4.62,4.99,4.81,3.72,2.62,1.75,1.17,1.78,1.91,2.22,2.12,1.66,1.82,2.81,2.46,1.06,1.03,1.23,1.68,2.39,2.64,1.41,1.57,1.44,2.03,2.69,1.34,1.71,3.12,1.03,1.04,1.11,1.03,1.28,1.01,2.05,1.84,2.41,2.31,2.75,2.57,2.69,2.46,2.84,2.90,2.44,2.28,2.35,2.56,1.47,1.02,1.17,1.19,1.48,1.41,1.47,1.29,1.26,1.71,1.98,3.17,4.39,5.92,7.14,7.89
2.80,3.00,3.42,3.87,4.35,4.30,4.20,4.25,4.16,4.04,3.84,3.16,2.82,2.52,1.26,3.07,4.62,5.87,5.27,5.25,4.92,4.73,5.17,4.20,3.19,2.07,1.16,2.04,1.99,2.42,2.19,1.66,1.02,2.95,2.07,3.06,3.27,2.30,1.83,2.10,1.98,1.79,1.68,1.10,1.45,1.22,1.14,1.18,2.24,2.38,2.23,1.00,1.27,1.41,1.05,5.04,2.06,1.10,2.55,2.76,2.76,3.07,2.78,3.02,3.15,2.83,2.66,2.34,1.33,1.04,1.68,1.26,1.09,1.23,1.28,1.04,1.31,1.31,2.54,3.93,5.24,6.70,7.83,7.87
1.91,2.33,2.80,3.05,3.43,3.76,3.86,4.01,4.00,3.87,3.86,4.22,4.83,5.07,5.05,4.61,3.43,2.04,6.63,7.30,5.86,5.01,4.80,4.94,4.55,3.78,2.27,1.02,1.54,1.71,1.69,1.23,1.85,1.91,1.46,1.71,1.79,1.69,2.43,1.98,1.41,1.77,1.43,1.44,1.52,1.21,1.03,1.04,1.45,1.75,1.29,1.02,1.23,1.18,1.21,4.39,1.02,1.11,2.51,2.28,2.20,2.06,2.45,2.33,2.08,2.30,2.17,1.08,1.25,1.60,1.84,1.73,1.35,1.16,1.02,1.00,1.06,1.45,2.89,3.80,4.89,6.57,6.07,5.22
1.69,2.34,1.23,2.18,2.60,2.94,3.24,3.48,3.55,3.57,3.33,3.50,3.71,4.45,4.85,5.12,4.88,4.41,3.17,2.89,6.49,6.61,5.46,4.81,4.79,4.55,3.81,2.56,1.77,1.18,1.26,1.32,1.41,1.99,3.23,2.20,2.37,2.55,2.33,2.61,2.03,1.14,1.69,2.18,1.11,3.89,2.42,1.36,1.34,1.65,1.48,1.10,2.72,1.65,1.44,1.68,3.06,1.07,1.38,1.12,1.54,1.71,1.56,1.78,1.37,1.60,1.04,1.64,1.75,1.09,2.78,2.17,1.72,1.39,1.10,1.01,1.08,1.71,2.40,2.95,4.17,4.43,3.87,3.68
1.81,1.18,2.35,1.09,2.29,2.77,3.04,3.30,3.50,3.69,3.73,3.82,3.75,3.97,4.47,4.51,4.94,5.18,4.63,3.85,2.98,1.61,4.70,5.04,4.68,4.55,4.23,3.94,3.34,2.55,2.17,1.59,1.74,1.33,2.14,3.87,4.91,4.36,3.11,2.66,3.14,1.13,2.97,2.78,2.49,1.74,3.81,3.09,3.24,2.20,1.07,3.20,1.09,1.91,1.67,2.45,1.54,2.44,2.64,1.44,1.23,1.22,1.46,1.85,1.68,1.83,2.08,1.08,1.62,3.33,3.80,2.98,2.47,1.84,1.30,1.01,1.05,1.26,1.16,1.53,2.27,2.55,2.22,2.38
2.05,1.91,1.44,1.83,1.96,2.71,3.03,3.26,3.48,3.65,3.73,3.74,3.84,3.57,3.76,3.95,4.07,4.14,4.45,4.29,4.09,3.71,2.88,1.12,3.86,4.35,4.21,3.84,3.66,3.45,2.93,2.31,1.51,2.30,1.57,1.15,1.35,1.77,1.23,1.07,1.44,1.10,1.54,1.59,1.82,1.56,2.54,4.44,4.35,3.78,3.06,2.70,1.23,1.32,2.78,1.46,1.13,1.82,1.85,1.59,1.12,1.32,1.12,1.39,1.41,1.39,1.29,1.49,3.21,6.87,5.62,4.61,3.79,2.82,1.76,1.11,1.20,1.38,1.56,1.42,1.59,2.31,2.52,1.66
1.99,2.06,1.59,2.49,1.12,2.28,2.88,2.96,3.03,3.27,3.46,3.66,3.81,3.84,3.63,3.48,3.39,3.60,3.48,3.23,3.21,3.45,3.84,3.37,2.23,2.18,3.73,3.52,2.88,2.61,2.86,2.72,2.47,1.84,1.07,1.57,1.80,1.32,1.93,1.65,2.24,2.25,1.14,1.54,1.03,1.36,1.51,3.70,4.23,4.45,4.88,4.10,3.70,2.79,1.22,3.09,1.65,1.71,1.74,2.03,1.04,1.20,1.11,1.22,2.04,2.68,1.09,1.84,5.57,6.36,5.14,5.02,4.35,2.95,1.59,1.04,1.43,1.74,2.16,2.27,1.78,1.06,1.47,1.08
1.76,1.83,1.75,1.22,2.96,1.48,2.54,2.92,2.93,2.97,3.10,3.13,3.21,3.36,3.53,3.57,2.86,3.04,3.32,3.23,2.98,2.97,3.20,3.45,3.15,2.59,1.18,2.03,2.31,1.93,1.09,1.84,2.00,1.94,1.77,1.35,1.06,1.64,1.59,3.78,4.03,3.88,2.92,2.02,1.78,1.38,1.49,2.57,2.76,2.99,3.90,4.20,3.27,1.95,1.42,1.61,3.34,1.54,1.37,1.21,1.42,1.18,1.38,1.55,2.04,2.71,1.35,2.21,2.44,4.95,4.16,4.13,3.66,3.53,2.25,1.29,2.12,2.55,3.19,4.02,3.56,2.30,2.22,1.78
1.11,1.19,1.48,1.80,1.30,2.14,2.56,2.83,2.77,2.63,2.59,2.55,2.57,2.61,2.66,2.74,2.21,1.72,2.14,2.22,2.21,2.19,2.17,2.39,3.00,2.79,2.21,1.49,1.19,1.39,1.25,2.40,1.25,1.20,1.50,1.74,1.26,1.26,1.87,3.41,4.14,4.27,3.28,3.28,3.14,2.41,1.41,1.44,1.90,2.12,2.48,2.75,2.55,1.87,1.21,1.13,2.13,2.01,1.10,1.46,1.68,1.87,1.93,1.11,1.01,1.96,2.49,2.41,1.56,2.16,2.86,3.36,3.07,2.77,2.25,1.39,2.16,3.01,3.88,4.79,4.15,3.52,3.12,2.89
1.74,1.44,1.17,1.54,2.16,2.11,1.14,2.74,2.53,2.43,2.19,2.05,2.05,2.08,2.17,2.25,2.18,1.35,1.69,1.19,1.06,1.07,1.19,1.18,1.29,1.41,1.17,1.28,1.22,1.17,1.04,1.69,3.68,2.41,1.74,1.23,1.51,1.28,1.72,2.45,3.81,4.44,4.49,4.41,4.14,3.57,2.67,1.92,1.48,1.02,1.58,1.78,1.74,1.49,1.10,1.21,1.54,2.18,2.19,1.44,2.14,2.72,1.01,1.35,1.28,1.74,2.37,2.36,1.65,1.45,3.40,3.81,3.59,2.57,1.77,1.01,1.22,1.85,3.36,4.94,4.99,4.13,4.07,3.67
3.28,2.59,1.76,1.30,1.76,2.37,2.09,1.14,2.44,2.36,2.05,1.81,1.57,1.48,1.44,1.51,1.80,1.90,1.72,1.37,1.85,2.00,2.27,2.79,2.56,2.87,3.17,3.17,1.70,1.41,1.12,1.14,2.52,4.55,3.84,3.27,2.42,1.05,1.39,1.48,3.70,4.84,5.64,5.62,5.40,4.81,3.76,2.81,2.20,1.82,1.50,1.17,1.03,1.04,1.01,1.11,1.22,1.25,1.22,1.55,1.53,2.57,6.46,8.86,3.93,1.25,2.64,2.10,1.83,1.02,2.55,3.99,3.90,2.90,2.05,1.69,1.56,1.70,3.44,5.93,5.32,4.57,4.12,3.62
5.97,4.61,3.46,2.42,1.24,1.19,1.94,1.09,1.73,1.76,1.69,1.38,1.07,1.16,1.31,1.26,1.03,1.42,1.40,1.02,1.56,2.36,2.57,3.06,3.42,3.41,3.67,4.23,4.15,2.04,1.55,2.19,1.69,1.45,3.91,4.79,4.62,3.67,2.39,1.75,3.69,5.19,5.86,5.97,5.54,5.08,4.43,3.44,2.65,2.30,2.14,1.92,1.54,1.14,1.26,1.51,1.43,1.21,1.12,1.09,1.41,1.46,1.13,3.26,2.69,1.64,3.18,2.73,2.53,1.70,1.05,3.11,3.96,3.44,3.12,2.59,1.50,2.48,4.36,7.22,5.74,4.79,4.14,3.70
7.50,7.22,6.35,5.32,3.98,2.47,1.66,1.55,1.37,2.88,1.05,1.02,1.33,1.49,1.51,1.44,1.36,1.18,1.30,1.44,1.03,2.04,2.92,3.07,3.32,3.53,3.57,3.77,4.30,4.67,2.97,2.20,3.21,2.95,2.31,1.75,4.53,5.02,4.05,3.08,2.95,5.34,6.71,6.52,5.71,4.92,4.34,3.67,2.98,2.60,2.48,2.33,1.95,1.22,1.74,2.71,3.45,3.62,3.03,2.29,1.46,2.42,1.20,2.90,4.73,1.63,3.24,3.00,3.31,2.93,1.60,1.09,3.12,3.26,2.73,2.42,1.14,3.43,5.59,7.55,6.01,5.06,3.93,3.47
7.97,7.04,8.11,8.85,7.74,6.08,3.65,2.05,1.76,1.45,3.80,2.02,1.61,1.96,1.85,1.57,1.31,1.10,1.24,1.26,1.38,1.86,2.47,3.03,3.36,3.12,2.61,2.80,3.31,3.74,4.25,3.78,3.59,3.77,3.23,2.46,2.51,1.14,3.58,3.54,2.83,2.81,3.68,4.89,4.40,3.39,3.10,2.97,2.53,2.05,1.73,1.63,1.40,1.21,2.25,3.63,4.99,6.29,7.14,6.69,4.90,2.88,2.14,1.58,1.20,1.37,1.22,2.07,2.34,2.55,2.23,1.09,1.33,1.16,2.13,1.37,2.46,4.54,6.12,7.34,5.59,4.39,3.43,2.84
9.58,8.29,7.05,7.72,9.16,9.98,8.36,5.61,2.87,1.11,1.75,4.42,3.78,2.43,2.15,1.94,1.75,1.51,1.36,1.42,1.96,2.60,2.90,3.13,3.21,3.16,2.96,2.53,2.82,3.19,3.15,3.60,4.21,4.13,3.45,2.21,1.35,2.34,3.48,1.21,3.77,2.77,2.58,2.35,2.37,2.42,2.31,1.81,1.01,1.86,2.29,2.13,1.98,2.27,2.93,4.00,5.44,6.76,8.46,10.20,9.97,8.49,4.91,1.14,1.06,1.05,5.25,3.50,1.69,1.02,1.20,1.01,1.33,1.68,1.86,2.67,4.40,5.44,6.28,6.54,4.88,3.46,2.61,2.09
7.41,8.48,7.48,5.71,5.57,7.12,8.41,9.63,6.96,4.02,2.62,1.18,1.37,3.77,2.87,2.20,1.91,1.55,1.62,2.00,2.66,3.69,3.95,3.72,3.51,3.29,3.34,3.27,3.10,3.39,2.99,2.75,3.22,3.27,3.04,2.54,2.16,1.19,1.10,3.16,3.20,1.91,2.57,2.07,2.07,2.21,2.17,2.01,1.65,1.20,2.45,3.23,3.17,3.04,3.09,3.72,4.87,6.12,7.21,9.60,12.07,12.30,10.75,8.76,8.58,8.84,7.94,7.38,4.48,2.79,2.21,1.93,1.85,1.99,2.07,2.43,3.18,4.50,6.04,6.33,5.36,3.71,2.77,1.53
6.23,6.27,7.21,6.30,4.57,4.29,5.56,6.03,5.75,5.63,4.17,1.61,2.07,3.32,2.08,2.63,2.18,1.81,1.74,1.73,2.15,2.99,3.99,4.17,4.05,3.84,3.54,3.76,3.82,3.69,3.28,2.66,2.25,1.86,1.99,2.22,2.44,3.09,2.83,1.99,2.31,3.28,2.35,1.17,1.45,1.29,1.05,1.24,1.57,2.01,2.43,3.06,3.25,3.04,2.82,3.24,4.07,5.21,6.27,7.18,9.30,11.60,11.35,9.79,9.56,6.65,9.26,8.92,8.01,4.00,2.37,2.26,2.18,2.11,1.99,2.14,2.64,3.40,4.83,6.89,7.12,5.52,3.47,2.27
6.22,6.02,5.38,5.59,4.87,3.43,2.36,2.27,1.80,2.62,3.33,3.25,2.41,4.27,3.48,3.93,2.94,1.49,1.54,1.69,2.26,2.83,3.37,4.31,4.28,3.95,3.63,3.33,3.24,3.27,2.91,2.37,2.41,2.14,1.83,1.87,2.14,2.30,2.90,3.46,3.47,3.18,2.82,2.53,2.34,1.90,2.32,3.59,4.28,3.78,3.27,2.83,2.19,1.80,1.78,2.74,3.64,4.60,5.76,6.64,6.44,8.08,10.15,9.26,8.07,8.58,6.74,7.45,7.57,7.14,4.55,2.51,2.62,2.69,2.69,2.63,2.78,3.42,4.16,6.23,8.04,7.48,5.56,2.18
6.79,6.75,5.67,5.22,5.27,4.30,2.22,1.29,1.43,2.16,2.98,2.36,1.10,2.06,3.30,2.63,1.10,1.74,1.74,1.52,2.46,3.19,3.61,4.65,4.92,4.49,4.26,4.24,4.43,4.38,3.90,3.10,2.57,2.66,2.73,2.71,2.88,3.28,3.01,2.68,2.90,3.25,3.32,3.07,2.61,2.42,2.93,3.69,4.38,4.47,4.62,4.11,3.16,2.35,1.93,2.29,2.75,3.57,4.57,5.51,5.91,5.03,5.87,7.25,6.86,6.39,6.73,5.87,5.49,6.33,5.77,6.06,5.08,3.60,2.87,2.56,2.45,3.07,4.09,5.74,8.73,9.65,8.77,7.37
8.38,7.96,6.52,5.46,5.14,5.42,3.07,1.75,1.93,2.49,2.61,2.30,1.62,1.26,2.02,3.21,1.61,1.27,1.23,1.56,3.46,4.20,4.20,5.43,6.34,6.24,5.85,5.56,5.03,4.98,4.79,4.47,4.07,3.28,3.28,3.68,3.80,3.66,3.72,3.52,3.22,3.24,3.36,3.39,3.24,2.89,2.62,3.13,3.67,4.04,4.45,4.50,4.69,4.60,4.30,3.49,2.89,2.84,3.36,3.64,3.70,3.61,2.89,3.31,4.20,4.79,4.80,5.24,4.47,3.16,4.59,6.25,6.61,5.44,3.96,2.87,2.30,2.47,3.23,4.89,8.58,11.14,11.37,9.18
9.36,7.63,6.23,5.59,4.73,4.44,4.63,2.81,1.94,1.87,1.78,1.88,1.83,1.15,3.09,3.84,2.02,1.01,1.38,2.05,1.95,5.64,6.50,6.33,7.02,7.58,7.11,7.03,6.44,5.70,5.37,5.06,4.75,4.67,4.25,4.53,4.84,4.62,4.35,4.03,3.28,3.36,4.21,4.42,4.69,4.58,4.57,4.97,5.23,4.75,4.13,4.35,4.80,5.52,6.12,6.04,5.59,4.87,3.93,2.83,1.66,1.25,1.24,1.30,1.22,2.11,3.06,3.21,3.31,2.87,2.30,2.87,4.34,4.68,4.46,3.84,2.80,2.31,2.93,5.36,8.63,10.13,9.66,8.52
8.11,6.71,5.44,4.84,3.75,3.55,3.49,2.01,1.10,1.26,1.39,1.25,1.44,1.18,2.94,1.98,1.39,1.26,2.89,5.49,1.01,6.64,7.13,7.43,7.90,8.11,7.90,7.60,6.82,6.08,5.40,5.21,4.85,4.73,4.78,5.19,5.57,5.59,5.33,4.88,4.16,3.27,4.26,5.25,5.68,5.36,6.06,6.35,6.53,5.80,5.37,6.31,6.83,7.10,7.52,7.78,7.87,7.38,5.98,4.58,3.94,2.97,2.38,2.70,2.13,1.12,1.86,2.56,2.49,2.21,1.79,1.75,1.54,1.28,1.43,2.66,3.71,4.12,5.18,6.51,7.91,7.84,7.88,7.36
8.45,7.43,6.87,6.06,5.62,4.14,1.94,1.27,1.15,1.50,2.05,1.65,1.72,1.31,2.12,1.20,1.59,2.31,4.13,5.85,4.67,1.50,5.11,6.88,7.73,9.57,7.70,6.30,5.42,4.36,4.23,4.53,4.83,5.52,5.73,5.54,5.75,5.72,5.50,5.62,5.09,4.37,4.62,5.12,5.57,5.94,7.10,6.98,7.07,6.44,7.10,7.34,7.74,7.96,8.06,7.97,8.15,7.76,6.26,4.48,3.53,2.84,1.44,2.03,1.77,1.47,1.82,3.03,3.42,2.03,1.32,2.31,3.01,4.20,4.97,4.69,3.24,1.55,1.71,2.79,4.22,5.50,6.22,6.05
8.65,7.49,6.69,6.92,6.53,3.66,2.33,2.85,1.71,1.78,2.38,2.60,2.60,1.73,1.81,1.58,2.16,3.39,2.89,3.40,6.05,2.49,3.00,1.34,1.02,2.30,5.17,10.16,7.10,4.88,3.53,3.31,4.15,5.16,5.96,6.31,6.58,6.84,6.82,6.34,5.69,5.42,4.89,4.96,5.34,5.87,6.79,7.11,7.19,7.14,7.78,7.79,8.10,7.86,7.42,6.75,6.11,5.11,3.39,2.53,1.72,1.19,1.94,2.64,3.07,2.94,1.10,2.55,3.51,1.61,1.49,2.38,3.63,5.50,5.53,4.89,3.78,2.45,1.06,2.43,3.37,4.07,4.55,4.26
5.68,4.18,4.60,5.63,4.37,3.25,3.51,3.11,2.02,1.35,1.12,2.79,2.25,1.91,1.36,1.54,2.37,3.24,1.11,1.46,4.06,4.28,3.03,2.15,2.42,2.43,1.18,3.87,9.06,8.14,5.55,3.43,3.59,4.95,6.18,7.16,7.47,7.84,7.75,7.75,6.45,4.78,4.09,4.51,5.19,5.39,5.75,6.44,7.15,7.40,7.88,8.32,8.40,7.62,6.74,6.24,5.64,4.38,2.75,1.68,1.02,1.53,2.59,3.43,3.26,2.36,1.17,2.24,1.97,1.60,1.34,1.68,1.52,2.09,2.20,1.82,1.46,1.45,2.42,2.81,2.53,1.88,1.65,1.55
4.80,4.56,4.82,4.16,4.20,4.58,3.48,2.53,2.60,2.48,1.56,1.20,1.16,1.28,2.30,2.22,2.50,2.09,2.23,1.12,3.43,3.57,2.87,1.50,1.28,2.38,1.18,1.23,2.68,6.30,10.56,7.16,6.03,6.38,7.04,7.79,8.34,8.01,7.50,6.74,4.61,3.19,2.83,2.79,3.74,3.72,4.43,5.96,6.61,6.99,8.09,8.57,7.78,6.87,5.97,5.47,5.19,4.20,2.98,1.90,1.02,2.11,3.92,4.25,2.97,1.57,1.31,1.56,1.64,1.46,2.30,2.12,1.03,1.00,1.16,1.41,1.77,1.64,1.11,2.08,3.18,3.64,3.86,3.60
10.12,8.56,6.70,6.19,7.87,5.87,2.51,1.73,1.47,1.11,1.42,1.92,2.53,3.06,3.05,2.80,3.09,2.22,2.01,1.40,1.78,2.18,1.75,2.50,3.28,1.84,1.97,2.66,2.80,2.99,4.71,10.45,7.19,6.25,6.83,7.54,7.98,7.89,6.88,4.70,2.93,2.26,1.83,2.03,1.75,1.95,2.99,4.44,6.31,7.55,7.79,7.68,7.31,6.88,6.25,5.76,5.43,4.81,3.84,2.38,2.09,4.58,5.67,5.14,3.28,1.87,1.69,2.70,2.95,2.93,2.53,1.99,1.45,1.14,1.30,1.10,1.36,1.69,2.56,2.50,3.44,4.51,5.18,5.47
12.36,11.09,9.00,8.10,10.61,9.17,6.51,5.54,2.52,1.89,2.95,3.47,3.58,3.49,3.18,2.59,2.08,1.58,1.37,2.36,2.33,2.20,3.98,5.47,4.84,2.98,2.61,3.80,4.45,4.58,4.26,5.50,8.98,11.19,11.15,11.56,11.07,9.35,6.25,3.31,1.93,1.67,1.44,1.56,1.43,1.60,3.10,4.35,5.17,5.82,5.79,5.85,6.20,6.75,5.88,4.54,3.55,3.01,2.83,2.62,1.15,2.95,3.06,2.95,3.25,3.90,5.27,4.74,4.12,3.32,2.70,2.27,1.40,1.55,1.96,2.12,2.39,3.00,3.75,4.33,5.47,6.68,6.65,6.47
13.77,14.45,13.06,9.89,8.02,8.65,8.36,6.34,3.46,1.57,2.07,3.17,3.73,3.68,3.26,2.52,1.31,1.26,2.10,3.58,3.42,4.01,5.35,5.21,4.36,3.49,3.80,4.59,5.31,5.99,5.96,5.45,7.15,9.68,10.69,10.34,9.50,7.46,4.71,2.98,2.08,1.60,3.74,3.49,2.80,2.55,2.33,2.34,2.08,1.47,1.93,2.84,3.57,4.21,3.70,2.16,1.90,1.84,2.08,2.55,2.25,1.17,1.78,3.09,3.98,4.25,3.72,4.87,7.14,4.40,2.06,1.54,1.11,2.86,4.55,5.52,5.67,5.38,5.68,5.88,6.21,6.21,6.07,5.90
14.03,14.69,16.98,14.50,9.79,6.98,8.09,7.17,4.60,2.48,1.24,1.74,2.58,3.12,3.16,2.36,1.32,2.19,3.72,4.03,3.60,3.55,3.77,4.05,4.24,5.30,6.56,6.87,7.05,7.47,7.39,6.48,6.26,7.07,8.24,8.23,6.69,3.91,2.37,1.36,1.41,2.48,1.26,2.51,3.77,3.63,1.67,4.10,4.87,3.41,2.62,2.38,2.27,2.25,2.56,1.22,2.25,3.15,3.55,4.11,4.02,3.32,2.76,1.09,3.09,3.93,4.31,4.64,4.80,4.95,4.85,3.11,1.04,3.00,4.62,5.78,6.50,6.85,6.74,6.01,5.94,5.78,5.69,6.28
16.53,15.98,15.52,14.84,11.82,8.31,7.53,6.39,4.73,2.89,1.34,1.86,2.79,3.78,3.66,2.32,1.28,3.29,3.71,3.83,3.67,3.71,3.77,3.75,4.91,6.99,8.70,9.11,9.07,9.26,9.35,8.61,7.96,7.53,6.61,5.69,3.74,1.40,1.89,1.45,1.46,1.47,2.42,2.65,2.23,1.49,1.22,1.08,1.08,1.37,2.05,2.23,2.23,2.30,2.48,1.21,2.67,3.81,4.34,4.56,3.96,2.83,1.95,1.16,1.54,1.93,2.23,2.54,2.40,1.98,1.70,1.30,1.50,2.56,3.54,4.35,5.09,5.61,5.83,5.74,5.11,5.91,6.47,6.40
17.21,18.59,16.01,11.85,10.58,7.10,5.53,3.97,3.36,2.16,1.13,1.89,3.21,4.86,4.21,1.10,2.47,2.65,3.29,2.00,1.74,2.78,4.03,4.95,6.57,7.54,8.20,9.43,10.33,10.95,11.05,10.50,10.37,10.17,8.91,4.03,1.68,1.48,1.66,2.83,3.47,3.28,1.69,1.24,1.24,1.22,1.16,1.17,1.08,1.19,1.22,1.10,1.02,1.15,1.41,1.24,1.83,3.26,4.22,4.77,5.25,5.47,4.79,4.09,3.63,3.23,2.97,2.89,2.83,2.81,3.06,3.49,3.96,4.67,5.33,5.68,5.90,5.70,4.99,4.45,4.44,4.47,4.34,3.81
14.71,12.22,8.80,6.70,5.39,3.75,2.20,1.96,1.76,1.54,1.23,1.58,3.27,4.18,3.02,1.44,1.05,1.37,1.09,1.08,1.06,1.88,3.32,5.70,7.14,7.90,8.19,7.23,8.09,7.61,8.90,9.57,10.42,9.30,2.21,1.25,1.87,1.72,1.16,1.27,1.65,2.54,2.33,1.54,1.37,1.26,1.31,1.41,1.46,1.18,1.09,1.09,1.05,1.18,1.62,1.63,1.02,2.35,4.12,5.39,6.10,7.00,8.37,10.36,8.09,5.43,3.97,3.54,2.72,1.27,3.65,5.16,4.97,3.50,1.02,4.09,6.38,6.11,5.40,4.92,4.79,4.97,4.97,4.85
