public/data/weather/current/current-wind_model-surface-level-gfs-1.0.json
{"header": {"productDefinitionTemplate":0,"surface1Type":103,"scanMode":0,"genProcessType":2,"winds":"true","productStatus":0,"disciplineName":"Meteorological products","parameterUnit":"m.s-1","significanceOfRT":1,"productDefinitionTemplateName":"Analysis/forecast at horizontal level/layer at a point in time","centerName":"US National Weather Service - NCEP(WMC)","la1":90,"la2":-90,"discipline":0,"lo2":359,"subcenter":0,"surface2Value":0,"significanceOfRTName":"Start of forecast","surface1Value":10,"parameterNumberName":"U-component_of_wind","shapeName":"Earth spherical with radius of 6,371,229.0 m","surface2Type":255,"genProcessTypeName":"Forecast","surface1TypeName":"Specified height level above ground","nx":360,"ny":181,"productTypeName":"Forecast products","basicAngle":0,"gridDefinitionTemplate":0,"gridDefinitionTemplateName":"Latitude_Longitude","subDivisions":0,"parameterNumber":2,"dx":1,"dy":1,"gridUnits":"degrees","parameterCategoryName":"Momentum","parameterCategory":2,"numberPoints":65160,"center":7,"productStatusName":"Operational products","gribEdition":2,"shape":6,"forecastTime":3,"surface2TypeName":"Missing","refTime":"2014-01-31T00:00:00.000Z","productType":1,"lo1":0,"resolution":48,"gribLength":131858},"meta":{"date":"2014-01-31T03:00:00.000Z"}, "data":
[rows 108 to 143 of 181, columns 160 to 239 of 360]
3.42,3.94,2.72,2.60,6.48,10.30,10.88,12.02,14.74,6.04,17.04,16.26,15.74,14.92,13.38,11.78,9.92,8.30,6.16,9.78,7.14,8.16,6.74,9.00,-15.94,-29.38,-25.22,-22.94,-21.52,-18.88,-18.28,-17.54,-15.12,-13.48,-11.92,-10.60,-8.48,-6.08,-3.82,-1.16,-1.32,0.46,0.42,0.20,2.28,3.60,-0.94,-2.46,-3.10,-1.90,-1.76,-1.92,-1.66,-2,-2.28,-2.60,-3.58,-3.90,-1.70,-0.72,0,0.56,0.68,2.16,4.40,6.92,8.70,9.02,8.88,6.92,6.36,4.14,3.16,3.10,2.86,2.46,1.62,0,-1.86,-4.76
2.84,5.48,6.50,4.38,4.74,9.32,11.50,12.76,16.20,6.74,16.98,16.44,16.44,15.22,13.88,12.24,10.44,9.36,6.72,6.08,6.26,6.76,10.52,9.60,-13.58,-31.08,-24.90,-23.40,-23.38,-20.82,-20.50,-18.88,-16.62,-14.92,-12.28,-10.46,-8.54,-6.40,-4.88,-2.78,-2.06,-1.02,1.14,1.50,1.36,2.72,1.84,-1.42,-3.70,-3.14,-2.62,-2.50,-2.04,-2.84,-3.88,-3.94,-3.26,-3.28,-2.74,-1.70,-0.76,0.06,0.72,3.28,5.88,7.94,8.18,6.80,7.76,7.98,7.72,7.02,5.48,4.12,3.36,2.88,2.64,1.56,-1.24,-4.60
3.02,5.42,7.86,8.24,1.32,2.10,13.60,14.08,15.34,13.34,16.02,17.06,17.86,17.50,16.32,14.40,11.06,8.80,8.46,7.28,5.76,5.86,9.46,11.14,-12.62,-30.64,-24.82,-23.92,-25.24,-22.70,-21.76,-21.26,-18.86,-16,-13.98,-11.22,-9.34,-8,-6.88,-5.00,-3.10,-0.52,2.72,4.08,3.70,3.08,1.08,-1.58,-3.94,-5.14,-4.34,-4.86,-4.48,-3.76,-4.22,-4.70,-4.36,-4.16,-4.58,-3.44,-2.32,-2.64,-0.24,2.08,4.72,7.38,7.84,6.04,7.60,7.70,6.96,6.04,5.72,5.50,3.18,2.44,3.40,3.58,1.00,-3.62
2.60,5.14,7.84,9.76,15.22,3.44,2.32,14.84,15.70,16,16.70,17.78,18.48,18.56,18.28,16.22,12.90,9.56,7.84,6.68,4.44,4.66,7.04,8.08,1.12,-23.92,-23.20,-21.60,-23.00,-23.94,-22.40,-21.82,-20.70,-16.72,-14.82,-12.66,-11.26,-10.06,-7.60,-4.96,-2.58,-0.66,1.00,3.22,3.94,3.80,3.08,-0.78,-5.12,-5.60,-4.72,-5.68,-6.66,-5.88,-4.32,-4.36,-4.24,-4.16,-4.82,-3.84,-1.00,-0.80,-0.66,2.14,4.08,5.86,6.66,5.58,7.38,8.52,7.78,5.52,5.42,6.14,5.40,4.86,4.38,4.44,2.30,-0.72
2.36,5.18,6.58,7.56,7.14,10.50,12.02,13.72,15.14,16.28,17.84,19.70,21.54,22.14,21.00,19.06,16.66,14.36,9.90,6.22,3.70,2.54,3.30,3.14,-1.88,-12,-19.52,-19.82,-21.84,-21.78,-23.18,-22.26,-20.88,-17.94,-16.40,-16.18,-13.64,-9.34,-7.22,-5.60,-3.68,-1.76,-0.42,1.02,2.40,3.82,4.42,2.04,-4.48,-7.04,-4.62,-3.60,-4.76,-6.44,-5.38,-4.82,-4.94,-4.48,-3.74,-3.04,-1.66,-0.72,-1.68,1.16,3.86,4.98,6.46,5.34,6.68,7.90,6.90,5.42,4.78,5.38,6,7.08,4.94,4.66,4.24,3.62
3.88,4.98,6.30,7.78,9.48,11.10,11.68,13.84,16.06,17.46,18.64,19.46,20.14,20.88,21.08,20.12,18.66,17.16,13.38,7.54,5.56,2.06,0.42,-1.74,-6.38,-11.08,-17.82,-21.22,-22.24,-22.12,-23.72,-22.86,-21.88,-19.78,-18.30,-17.04,-14.94,-10.76,-8.16,-6.60,-4.72,-3.02,-1.94,-0.74,1.02,3.52,5.84,5.44,3.40,-2.58,-5.12,-4.42,-3.22,-5.50,-5.98,-5.14,-3.94,-4.10,-3.08,-1.52,-0.82,-0.46,0.28,0.76,3.08,3.84,5.56,4.58,4.76,7.20,6.98,5.66,5.44,4.48,5.06,6.72,5.40,4.80,6.58,6.52
4.92,6.44,8.48,10.18,11.28,11.92,13.62,15.44,17.02,18.54,19.44,19.90,20.42,21.40,21.28,20.28,19.62,18.54,16.06,13.02,9.70,4.98,-1.62,-4,-8.36,-13.00,-16.40,-24.10,-23.06,-24,-24,-23.50,-22.22,-20.88,-19.04,-17.74,-15.62,-12.08,-9.42,-7.06,-5.18,-3.86,-2.64,-0.92,1.02,1.84,3.34,5.08,5.28,3.74,0.82,-1.28,-3.66,-7.08,-7.88,-6.70,-5.00,-2.74,-1.86,-0.48,1.58,1.36,0.36,1.60,3.02,2.98,4.26,4.22,4.26,6.36,7.70,6.94,5.90,4.56,4.76,4.50,4.62,5.82,7.02,8.38
5.30,7.52,9.56,11.02,11.98,13.66,14.92,15.94,17.34,18.96,19.84,20.64,21.14,21.50,21.44,21.32,19.66,18.32,17.18,15.88,12.54,7.18,0.50,-6.86,-9.90,-13.70,-16.20,-22.42,-27.14,-26.70,-24.98,-25.00,-22.60,-20.70,-18.86,-17.76,-16.26,-13.56,-11.02,-8.76,-6.90,-5.08,-3.20,-1.88,-0.68,0.46,1.04,1.38,1.78,2.50,2.26,1.92,2.32,-1.40,-7.50,-5.56,-3.48,-3.72,-2.18,-0.62,1.76,2.36,0.04,-0.46,0.70,2.06,2,2,2.86,5.18,7.02,6.50,5.12,4.98,4.30,3.90,3.62,4.12,5.10,6.32
5.34,7.94,9.74,10.94,12.52,14.60,15.96,16.88,18.36,20.28,20.88,21.18,21.22,21.34,21.84,21.74,20.08,18.92,19.64,19.68,17.76,13.06,3.82,-5.34,-11.52,-15.08,-17.44,-17.78,-30.78,-28.38,-27.12,-24.66,-22.42,-20.28,-18.70,-18.46,-17.50,-14.90,-12.48,-10.06,-7.52,-5.32,-3.34,-1.78,-0.48,0.42,1.30,1.96,1.16,-0.94,0.86,2.86,3.30,2.80,2.40,2,2.42,2.72,2.32,1.46,2.14,3.20,2.10,0.04,-3.40,-2.16,-2.48,-2.22,-0.44,2.74,5.22,6.12,5.34,5.82,4.62,3.48,3.10,4.06,4.32,2.72
5.60,7.90,9.80,11.48,13.38,14.98,16.30,17.68,19.68,21.52,21.94,21.64,21.32,21.50,21.82,21.38,20.72,20.28,21.32,21.54,17.86,13.32,6.80,-3.50,-14.70,-18.74,-19.90,-16.94,-29.32,-29.66,-28.04,-25.22,-22.76,-20.40,-19.34,-18.78,-17.80,-16.02,-13.70,-11.62,-9.08,-6.96,-4.68,-2.60,-1.00,0.28,0.60,0.38,0.02,-1.34,-1.04,1.28,2.68,2.16,1.06,1.36,1.56,1.66,1.96,2.96,4.04,5.08,4.56,5.64,3.54,-3.06,-6.78,-6.06,-4.32,-0.60,2.20,5.08,4.64,4.82,5.66,5.80,6.32,5.74,5.00,1.48
5.82,8.50,10.16,11.82,13.96,16.44,18.02,19.10,20.22,21.54,21.82,21.44,21.54,21.96,22.18,21.64,20.76,20.68,21.40,19.82,16.18,9.20,-1.26,-13.56,-21.76,-24.96,-23.62,-21.20,-25.36,-33.60,-32.98,-29.48,-23.46,-21.46,-20.34,-18.86,-18.16,-16.44,-14.80,-13.54,-11.14,-8.52,-6.60,-4.58,-2.62,-1.20,-0.22,-0.32,-1.26,-3.02,-2.62,-0.76,0.74,1.50,2.18,1.92,0.78,0.16,0.36,1.24,2.18,3.82,4.52,5.20,6.78,7.20,0.30,-7.94,-7.18,-3.84,-1.06,2.22,1.26,1.68,3.04,3.88,4.66,4.76,4.16,3.70
6.58,8.52,10.38,12.94,15.48,17.48,18.38,18.84,19.08,19.66,20.82,21.46,21.42,21.62,22.42,23.28,23.54,24.30,26.40,26.56,26.64,18.40,-8.60,-30.80,-36.02,-32.68,-28.60,-23.10,-23.16,-34.62,-30.50,-27.78,-26.30,-22.62,-20.68,-19.44,-18,-16.32,-15.02,-14.14,-12.20,-9.52,-7.46,-5.72,-3.82,-2.54,-1.84,-2.04,-3.02,-4.22,-3.78,-1.94,-0.88,-0.86,-1.00,-1.14,-1.30,-0.70,-0.08,0.32,1.12,2.58,4.68,3.88,4.58,6.82,6.38,-6.88,-10.84,-7.82,-4.62,-0.64,-0.42,1.38,2.86,3.30,4.18,5.46,4.82,2.08
5.74,7.74,10.52,13.28,15.10,15.92,16.20,16.46,17.06,18.78,20.70,20.92,20.74,21.04,22.26,23.96,25.90,28.46,31.50,37.54,39.22,29.10,-5.94,-38.74,-42.90,-37.74,-29.70,-23.64,-24.56,-34.50,-30.66,-27.66,-23.46,-21.66,-19.72,-19.14,-17.54,-16.98,-15.88,-14.80,-13.40,-11.26,-8.94,-7.56,-6.68,-5.66,-4.22,-3.62,-4.38,-5.32,-5.50,-4.36,-3.20,-3.12,-3.86,-4.12,-4.02,-3.16,-1.44,-0.52,0.18,0.20,2.24,4.44,2.80,3.96,7.42,2.10,-12.46,-11.18,-8.16,-5.88,-4.10,-0.26,1.42,1.20,1.18,2.32,2.84,2.14
4.74,7.66,9.70,11.04,12,12.54,13.74,15.56,17.30,18.82,19.70,19.56,19.40,20.10,22.16,24.66,26.88,29.80,35.22,41.44,43.82,39.20,-8.18,-31.46,-36.42,-33.26,-29.42,-23.54,-28.36,-31.46,-28.94,-26.70,-21.94,-20.48,-19.22,-19.12,-18.76,-17.14,-16.50,-15.72,-14.08,-12.36,-11.30,-10.04,-8,-5.98,-5.70,-5.22,-5.10,-6.04,-6.64,-6.66,-5.58,-4.14,-4.26,-4.20,-3.14,-3.12,-3.18,-2.12,-0.22,0.98,0.64,2.22,2.76,0.94,3.38,7.68,-7.50,-14.46,-10.74,-8.36,-5.02,-2.52,-1.58,-0.36,0.72,0.98,2,3.26
4.80,6.64,7.42,8.44,10.02,12.06,14.44,16.90,18.24,18.30,17.98,16.70,17.16,18.46,21.52,24.28,26.58,29.52,33.84,41.44,43.80,41.08,8.78,-15.52,-23.26,-26.32,-24.50,-24.70,-30.52,-27.56,-25.82,-24.84,-22.78,-20.26,-17.34,-15.08,-16.96,-18.06,-17.98,-15.62,-12.86,-11.02,-9.34,-8.06,-7.26,-7.16,-7.62,-8.44,-7.20,-6.22,-7.86,-9.28,-9.64,-8.14,-5.26,-4.90,-3.68,-1.92,-2.22,-2.70,-1.76,0.04,1.58,1.62,2.54,1.98,-0.22,5.74,3.74,-15.02,-12.76,-9.50,-6.18,-4.14,-2.74,-2.64,-1.96,0.58,1.70,1.76
3.76,3.86,5.16,7.18,9.46,11.36,13.84,16.22,17.10,16.94,15.46,12.46,13.14,16.08,19.98,23.10,25.16,28.32,31.12,36.92,38,36.24,29.74,0.64,-11.30,-16.86,-21.06,-26.58,-23.28,-20.68,-20.50,-19.86,-15.50,-12.38,-9.32,-6.34,-8.04,-16.80,-17.82,-13.54,-9.22,-7.24,-6,-5.64,-6.22,-7.40,-8.88,-10.20,-11.58,-11.02,-10.74,-11.88,-12.12,-11.20,-9.12,-7.24,-4.76,-2.72,-2.64,-2.74,-2.06,-1.66,-0.10,1.28,1.64,2.42,1.36,0.26,7.74,-10.76,-13.88,-10.44,-6.74,-4.20,-4.48,-4.82,-2.08,-0.56,0.08,0.48
1.68,3.22,5.56,9.20,11.86,13.98,14.06,15.06,16.68,14.08,12.56,8.02,6.96,8.20,18.56,22.58,25.72,27.98,29.18,30.32,33.88,33.36,30.38,25.24,10.86,-4,-12.54,-9.24,-6.36,-5.18,-2.88,-2.38,-2.02,-1.68,-2.22,-1.68,-2.22,-4.24,-4.18,-2.08,-0.02,2.08,3.26,3.74,3.00,2.40,1.50,-1.22,-6.20,-12.14,-15.04,-16.94,-16.90,-16.50,-13.66,-11.08,-9.92,-7.32,-5.20,-3.82,-2.38,-2.46,-2.26,-0.76,0.82,0.02,1.46,-2,3.32,-6.58,-15.62,-13.56,-6.84,-4.24,-7.22,-5.22,-3.70,-2.64,-1.88,0.10
1.18,2.96,6.02,8.66,11.08,13.56,13.82,14.44,15.10,11.14,9.98,5.96,9.76,7.62,8.20,20.82,24.56,28.10,28.78,27.08,26.78,26.50,24.32,19.20,15.66,11.20,8.22,3.98,-0.46,-1.70,-1.14,-0.42,0.68,1.42,3.34,5.82,4.74,0.58,-1.54,-1.14,0.86,2.42,2.78,1.94,0.92,0.34,-0.08,-0.64,-1.04,-3.28,-8.82,-16.68,-20.82,-19.78,-18.86,-14.72,-12.04,-9.28,-6.66,-3.90,-1.06,-1.34,-4.14,-2.44,-0.26,-0.02,-0.02,-1.12,-3.02,-3.72,-17.54,-14.38,-8.68,-7.90,-6.86,-5.68,-5.70,-5.30,-2.68,0.08
2.08,3.50,3.86,7.00,10.46,10.94,12.62,13.78,12.04,9.68,8.32,2.46,6.34,14.18,6.10,11.34,19.66,24.10,28.60,25.12,23.16,21.36,20.88,20.50,16.96,12.36,9.12,5.84,3.36,1.14,0.12,-0.02,0.06,1.36,2.58,1.40,1.40,1.76,2.50,3.64,4.34,4.74,4.86,4.38,3.94,3.42,2.74,1.76,0.02,-0.94,-1.52,-7.56,-20.32,-23.14,-20.70,-17.34,-13.60,-11.58,-8.52,-4.58,-1.90,-0.90,-3.14,-5.30,-2.54,-1.40,-0.22,0.52,-3.96,-2.04,-19.52,-16.12,-12.58,-10.12,-7.58,-7.40,-7.62,-6.26,-2.88,-0.14
0.06,-0.38,2.36,6.06,7.68,9.76,11.66,12.22,9.48,8.82,7.66,1.36,2.52,7.58,12.72,4.94,12.14,16.30,25.20,25.84,20.42,18.14,15.80,14.26,13.66,13.10,9.64,6.26,4.56,3.50,2.58,1.86,1.84,1.92,2.14,3.38,5.10,5.58,5.26,5.40,5.84,6.40,7.38,8.36,8.80,8.80,8.48,7.50,5.24,1.48,-1.48,-1.90,-13.46,-24.96,-23.52,-20.96,-16.22,-12.08,-8.24,-4.16,-1.14,-1.24,-3.48,-7.64,-5.70,-4.04,-2.66,-3.32,-0.90,-6.32,-20.68,-17.60,-14.58,-11.30,-9.30,-9.22,-8.78,-6.10,-2.50,1.02
-5.44,-1.80,1.18,4.02,6.86,8.92,11.00,11.54,8.24,5.80,6.94,5.78,5.46,7.04,9.46,3.42,6.82,14.88,14.44,24.74,19.56,14.88,12.98,11.10,9.82,9.22,7.00,4.02,1.96,1.16,1.38,2.44,3.70,4.90,6.96,9.54,10.62,8.54,6.24,6.96,7.82,9.56,11.86,13.38,13.80,13.56,13.22,12.08,9.62,6.08,1.18,-2.66,-5.70,-23.52,-24.50,-23.96,-19.98,-15.04,-11.28,-6.48,-2.64,-1.64,-6.32,-8.96,-7.38,-6.74,-6.36,-6.30,-1.76,-14.96,-17.36,-15.74,-13.74,-11.54,-9.92,-9.68,-8.68,-6.24,-2.54,1.38
-6.92,-3.20,-0.02,3.74,6.62,8.66,10.72,11.82,7.42,1.62,4.12,6.20,11.00,17.20,6.60,0.76,7.24,10.92,15.54,18.28,18.42,14.82,10.66,9.76,7.58,5.50,4.40,3.10,2.70,3.24,3.84,4.52,5.56,7.64,10,12,14.24,12.52,5.42,2.86,7.06,11.40,14.82,17.10,16.58,15.68,16.50,16.32,13.18,6.36,0.14,-4.06,-6.16,-18.92,-25.28,-24.70,-19.92,-14.30,-10.06,-5.82,-1.92,-4.96,-11.02,-10.02,-7.82,-7.74,-8.08,-7.24,-10.84,-16.48,-14.38,-14.52,-12.58,-11.04,-10.76,-11.58,-9.34,-5.94,-2.98,-0.22
-7.46,-3.78,-0.14,3.50,6.68,8.86,10.20,9.70,7.20,-3.54,-2.64,-0.60,4.78,11.48,17.72,11.16,2.90,11.78,15.50,15.24,14.54,14.92,11.76,8.14,6.34,4.74,4.76,4.10,2.36,2.52,3.82,5.00,5.94,7.26,9.38,11.22,12.44,12.86,9.72,7.44,9.06,12.04,15.32,17.26,16.86,15.34,17.88,20.52,19.88,13.62,3.24,-2.02,-6.38,-17.60,-23.50,-22.54,-16.52,-10.32,-6.74,-2.22,-2.38,-11.32,-11.22,-8.60,-7.80,-7.56,-8.18,-11.16,-17.54,-16.64,-16.28,-14.44,-12.34,-11.98,-11.92,-11.12,-8.70,-5.88,-4.28,-2.60
-7.42,-3.46,0.42,3.84,6.74,9.04,9.98,8.70,4.04,-2.62,-4.94,4.30,5.82,-4.60,8.62,7.14,2.78,10.88,14.28,15.86,14.10,12.34,11.76,10.82,9.16,4.50,3.66,3.94,3.04,2.70,3.14,4.22,5.66,7.62,9.40,10.54,10.88,10.44,9.98,10.20,11.24,12.34,14.02,17.00,19.72,18.22,14.66,17.02,20.76,19.72,12.42,0.08,-9.64,-13.84,-17.78,-16.80,-10.08,-5.54,-3.26,-2.80,-9.08,-9.28,-7.44,-6.26,-6.24,-7.64,-9.48,-17.32,-20.80,-18.84,-16.34,-13.66,-13.34,-12.76,-11.88,-10.54,-9.06,-6.92,-5.36,-3.84
-6.68,-2.92,1.32,4.92,7.36,9.16,10.60,9.12,0.90,-2.34,-2.36,-0.76,-0.30,-1.98,1.24,3.02,1.18,6.06,9.88,13.08,14.26,11.88,10.32,9.78,10.84,8.26,3.38,3.60,4.08,3.74,3.98,4.80,5.82,7.28,9.46,11.04,10.88,9.94,9.90,10.90,12.88,15.40,16.08,15.26,16.40,19.26,17.74,12.02,11.84,13.14,13.38,13.44,6.80,-3.70,-9.34,-10.98,-10.32,-7.62,-6.52,-6.44,-6.78,-6.04,-4.40,-4.44,-6.66,-7.92,-14.88,-22.02,-20.80,-17.62,-15.26,-14.34,-13.72,-13.62,-11.60,-9.54,-8.50,-6.92,-5.46,-4.28
-3.66,-0.84,2.56,5.80,8.12,9.72,12.02,9.28,-2.38,-4.74,-2.64,-3.38,0.10,0.08,-3.52,-0.04,1.68,4.98,7.14,8.92,11.50,10.80,9.40,8.82,8.48,9.44,7.86,5.06,3.88,3.88,4.88,5.88,6.72,7.58,8.48,9.62,10.40,10.60,10.88,12.56,14.84,16.84,19.08,20.32,17.32,13.22,13.02,13.70,11.52,9.28,7.72,4.54,1.16,-0.66,-2.70,-5.62,-7.34,-10.18,-9.30,-6,-6.10,-5.82,-3.66,-4.64,-5.40,-11.70,-19.76,-20.66,-19.00,-17.60,-15.76,-14.88,-14.06,-12.58,-10.52,-9.22,-8,-6.68,-5.26,-4.54
-3.02,-0.10,2.48,5.38,8.06,10.32,12.50,7.56,-5.22,-4.56,-1.56,2.34,-3.42,-5.68,-3.90,-1.26,1.34,3.84,5.48,6.68,8.46,9.86,9.44,9.58,8.94,6.72,6.22,6.42,5.62,4.82,5.22,6.52,7.36,7.76,8.18,8.88,10.04,10.58,10.56,11.84,14.62,17.00,18.10,18.30,18.66,18.62,13.98,6.70,5.84,6.24,4.80,4.06,2.60,0.50,-2.62,-3.26,-6.02,-9.94,-9.42,-7.76,-7.68,-7.54,-5.52,-4.62,-8.18,-15.18,-18.28,-19.66,-18.86,-16.74,-16.38,-15.60,-14.52,-12.62,-10.76,-9.66,-8.20,-6.38,-5.32,-5.08
-3.00,-1.10,1.28,4.16,7.44,10.70,14.50,-0.78,-3.68,-3.48,-1.96,-6.38,-9.22,-7.70,-6.02,-3.46,-0.70,1.24,2.96,4.76,6.76,8.36,8.96,8.16,7.48,8.32,7.98,7.40,6.54,4.54,5.12,5.82,6.28,6.70,7.12,7.66,8.08,8.64,9.32,10.48,12.92,15.76,17.70,18.30,17.60,16.50,18.32,16.68,4.50,-1.20,0.78,0.10,0.52,2.22,2.68,2.46,-3.16,-8.86,-9.08,-8.34,-9.12,-9.32,-6.94,-6.90,-13.58,-18.06,-18.84,-18.12,-17.40,-17.48,-16.24,-15.56,-14.70,-13.56,-11.64,-9.98,-8.42,-6.70,-5.50,-5.34
-2.88,-1.92,0.10,3.12,6.76,9.68,15.04,6.92,7.12,5.68,1.38,-11.00,-8.40,-6.44,-6.06,-5.24,-3.92,-2.34,-0.58,1.30,3.64,5.98,7.62,8.48,8.24,7.56,7.26,6.86,7.42,7.46,7.90,8.66,7.38,4.94,4.02,4.94,6.06,6.62,7.18,8.26,9.96,13.18,16.66,17.88,17.46,15.32,14.38,17.02,16.06,4.60,-3.84,-2.90,-1.72,-0.38,0.68,1.18,-3.14,-7.22,-8.78,-9.84,-9.72,-11.00,-9.94,-11.38,-17.12,-19.34,-19.00,-19.14,-19.54,-18.30,-16.88,-16.08,-15.50,-14.50,-13.06,-11.50,-9.72,-7.90,-5.94,-5.00
-5.08,-3.84,-1.90,1.02,4.58,7.10,6.42,6.60,4.34,1.16,-6.88,-8.78,-7.40,-6.58,-5.72,-5.06,-4.20,-3.62,-3.10,-2.30,-0.86,1.48,3.90,5.44,6.26,6.82,6.98,6.72,6.94,7.88,8.92,9.50,10.64,10.86,6.94,2.20,1.48,2.76,4.02,5.92,7.90,9.06,12.12,15.44,16.16,15.08,13.34,14.14,14.12,12.88,6.10,-2.14,-3.96,-1.96,-0.06,1.82,-3.32,-7.92,-7.98,-8.74,-8.98,-11.72,-13.64,-15.36,-19.26,-20.08,-21.00,-21.06,-20.34,-19.30,-18.38,-17.12,-16.44,-15.86,-14.48,-12.74,-10.84,-9.06,-6.94,-4.60
-9.22,-6.82,-4.68,-2.42,0,2.14,3.28,2.28,-0.12,-4.86,-6.96,-7.92,-8.10,-7.30,-6.62,-5.82,-4.58,-3.66,-3.56,-3.74,-3.78,-2.60,-0.04,2.44,3.64,4.14,4.76,5.38,6.12,7.06,8.30,9.58,10.08,10.50,11.12,9.98,6.08,1.44,-0.16,1.72,4.82,6.44,6.86,11.24,14.02,14.72,14.48,14.18,14.08,13.20,10.76,3.20,-4.16,-5.06,-3.28,-0.52,-3.20,-5.88,-3.58,-4.40,-8.86,-12.98,-16.14,-17.42,-20.24,-21.36,-22.62,-22.52,-21.00,-19.50,-18.92,-17.98,-16.80,-16.38,-15.46,-14.02,-12.50,-11.04,-8.94,-5.82
-10.04,-8.98,-7.10,-5.22,-3.74,-3.06,-2.98,-2.36,-2.08,-3.90,-6.24,-6.64,-6.80,-6.78,-5.78,-5.50,-6.02,-5.70,-4.98,-4.88,-4.92,-4.82,-3.90,-1.70,0.52,1.70,2.48,3.22,4.24,5.82,7.52,9.10,10.30,11.56,12.70,12.86,13.02,10,2.04,-2.04,0.02,2.30,1.96,6,11.48,13.36,14.06,13.70,13.58,13.80,13.54,9.62,-1.34,-9.16,-9.58,-6.60,-4.72,-3.92,-0.70,-1.88,-10.16,-16.04,-17.46,-18.10,-20.54,-22.48,-22.98,-22.12,-20.88,-20.10,-19.74,-18.80,-17.40,-16.66,-15.98,-14.60,-12.90,-11.26,-9.22,-6.66
-11.70,-10.48,-9.24,-8.06,-7.00,-6.54,-6.90,-7.48,-6.76,-5.22,-5.04,-5.52,-5.00,-4.50,-4.02,-3.52,-3.78,-4.72,-5.26,-5.80,-6.18,-5.94,-5.32,-4.34,-3.02,-1.80,-0.62,0.76,1.58,2.44,4.22,6.26,8.10,9.26,10.92,12.68,13.56,14.22,11.76,4.42,-1.34,-1.38,-1.92,0.16,6.78,9.78,12.02,13.54,14.56,15.06,15.14,13.34,6.60,-7.58,-13.76,-11.34,-7.92,-4.36,0.92,-2.14,-13.18,-17.04,-17.90,-18.82,-21.32,-22.76,-22.24,-20.96,-20.74,-20.34,-19.22,-17.84,-17.10,-16.64,-16.48,-15.68,-14.10,-12.18,-10.06,-7.86
-13.10,-12.44,-11.64,-10.70,-9.50,-8.50,-8.54,-9.06,-8.68,-6.92,-5.42,-5.18,-4.78,-4.80,-5.94,-6.36,-6.32,-6.64,-6.48,-5.90,-6.22,-6.86,-6.64,-5.72,-4.76,-4.50,-4.44,-3.86,-2.94,-2.24,-1.08,0.98,3.52,5.64,7.58,10.06,12.02,13.48,14.68,13.16,5.22,-2.50,-4.50,-3.92,1.34,5.60,8.78,12.40,15.34,16.62,16.82,15.52,11.94,-0.80,-14.54,-14.54,-10.74,-6.90,-1.44,-5.28,-15.12,-16.94,-18.34,-19.94,-21.60,-22.84,-21.56,-20.14,-20,-19.36,-18.52,-17.78,-16.70,-16.46,-16.78,-16.12,-14.66,-12.94,-10.98,-8.60
-12.74,-11.84,-11.14,-10.54,-9.62,-8.60,-8.30,-9.16,-9.80,-9.32,-8.40,-8.20,-8.96,-9.28,-9.34,-9.28,-9.18,-9.58,-10.28,-9.72,-8.92,-8.74,-8.54,-8.22,-7.66,-6.86,-6.08,-5.64,-5.26,-4.74,-4.44,-4.16,-2.66,0.08,2.62,5.08,7.68,9.84,12.42,15.06,13.12,3.90,-5.40,-6.98,-2.64,1.34,5.58,10.34,14.40,16.94,18.70,18.78,15.66,6.16,-11.04,-16.34,-12.84,-9.44,-4.74,-7.14,-16,-17.28,-18.70,-20.14,-21.70,-22.68,-22.18,-20.60,-19.24,-17.88,-17.14,-17.34,-17.06,-16.46,-16.22,-15.50,-13.98,-12.30,-10.68,-8.70
-8.60,-7.52,-6.72,-6.68,-7.18,-7.48,-7.46,-6.90,-6.76,-7.44,-7.78,-7.84,-8.72,-10.44,-11.02,-9.94,-9.44,-10.24,-10.94,-11.06,-10.64,-10.30,-10.40,-10.40,-9.44,-7.84,-6.76,-6.52,-6.18,-5.38,-4.80,-5.24,-6.02,-5.08,-2.96,-0.88,1.86,4.64,7.08,10.66,13.78,11.04,-0.78,-9.92,-5.68,-1.92,2,7.24,12.18,15.78,18.18,19.84,18.42,11.28,-4.94,-15.28,-14.96,-12.74,-9.04,-7.60,-14.54,-17.82,-17.84,-18.76,-20.58,-21.08,-21.18,-20.88,-19.86,-18.78,-17.70,-16.98,-16.94,-17.02,-16.84,-16.32,-15.26,-13.76,-12.14,-10
