public/data/weather/current/current-temp-surface-level-gfs-1.0.json
{"header": {"discipline":0,"disciplineName":"Meteorological products","gribEdition":2,"gribLength":61787,"center":7,"centerName":"US National Weather Service - NCEP(WMC)","subcenter":0,"refTime":"2014-11-30T06:00:00.000Z","significanceOfRT":1,"significanceOfRTName":"Start of forecast","productStatus":0,"productStatusName":"Operational products","productType":1,"productTypeName":"Forecast products","productDefinitionTemplate":0,"productDefinitionTemplateName":"Analysis/forecast at horizontal level/layer at a point in time","parameterCategory":0,"parameterCategoryName":"Temperature","parameterNumber":0,"parameterNumberName":"Temperature","parameterUnit":"K","genProcessType":2,"genProcessTypeName":"Forecast","forecastTime":6,"surface1Type":103,"surface1TypeName":"Specified height level above ground","surface1Value":2,"surface2Type":255,"surface2TypeName":"Missing","surface2Value":0,"gridDefinitionTemplate":0,"gridDefinitionTemplateName":"Latitude_Longitude","numberPoints":65160,"shape":6,"shapeName":"Earth spherical with radius of 6,371,229.0 m","gridUnits":"degrees","resolution":48,"winds":"true","scanMode":0,"nx":360,"ny":181,"basicAngle":0,"subDivisions":0,"lo1":0,"la1":90,"lo2":359,"la2":-90,"dx":1,"dy":1}, "data":
[rows 64 to 95 of 181, columns 288 to 359 of 360]
296.84,296.85,296.85,296.84,296.86,296.9,296.98,297.11,297.29,297.3,297.48,297.8,297.8,297.75,298.02,298.22,297.99,297.4,297.68,297.97,297.96,298.19,298.35,298.13,297.75,297.81,297.66,297.16,296.63,296.32,296.35,296.35,296.3,296.99,296.8,296.84,296.88,296.77,296.72,296.65,296.69,296.41,296.37,296.07,295.63,295.47,295.51,295.59,295.58,295.38,295.42,295.37,295.26,295.17,294.95,294.5,294.23,294.25,295.33,293.72,291.43,291.26,291.4,291.67,291.86,291.29,292.32,291.41,291.31,291.8,293.46,294.48
297.48,297.54,297.46,297.31,297.13,297.3,297.53,297.56,297.68,297.8,297.89,297.76,297.56,297.91,298.29,298.02,298.06,298.41,298.25,298.17,298.52,298.56,298.37,297.99,298.09,298.12,297.67,297.25,296.97,297.02,297.08,296.93,296.76,297.26,297.09,297.05,297.09,297.1,297.22,297.23,297.01,296.9,296.78,296.41,296.09,296.04,296.05,295.98,295.9,295.76,295.62,295.65,295.51,295.41,295.05,294.52,294.03,294.29,293.55,292.79,292.43,292.54,292.64,292.34,292.02,291.77,292.45,292.73,292.95,293.69,295.33,296.01
297.9,297.99,298.22,298.45,298.45,298.3,298.23,298.27,298.01,298.02,297.69,297.87,298.64,298.73,298.61,298.68,298.71,298.51,298.41,298.62,298.75,298.74,298.47,298.23,298.4,298.3,297.85,297.49,297.37,297.46,297.2,297.18,297.2,297.55,297.54,297.37,297.32,297.28,297.43,297.37,297.4,297.26,297.01,296.65,296.49,296.5,296.46,296.4,296.1,295.94,295.84,295.94,295.71,295.51,294.95,294.59,294.43,294.74,293,292.8,292.58,292.01,292.9,292.81,292.68,292.85,293.35,293.86,294.06,295.85,296.22,296.83
298.51,298.59,298.65,298.5,298.65,298.74,298.35,298.21,298.04,297.67,298.1,298.84,299.09,299.03,298.98,298.96,298.86,298.9,298.81,298.83,298.91,298.97,298.57,298.72,298.37,298.18,297.82,297.69,298.02,297.99,297.49,297.41,297.49,297.58,297.85,297.72,297.47,297.5,297.6,297.67,297.79,297.53,297.25,297,296.86,296.83,296.75,296.65,296.47,296.26,296.43,296.37,295.9,295.39,294.77,294.28,294.63,294.21,292.93,292.7,291.87,293.28,292.87,293.37,293.73,293.77,295.32,295.24,296.01,297.35,297.25,297.61
298.93,298.97,299.14,299.13,299.13,298.87,298.76,298.96,299.12,299.39,299.56,299.48,299.38,299.28,299.33,299.34,299.26,299.18,299.09,299.13,299.08,298.85,298.89,298.72,298.51,298.36,298.09,298.09,298.35,298.35,298.16,297.63,297.57,297.57,297.8,298.03,297.81,297.73,297.84,297.89,298.02,297.83,297.66,297.49,297.46,297.29,297.02,296.87,296.8,296.62,296.45,296.23,295.94,295.51,294.94,294.47,294.55,293.53,293.74,293.4,293.3,293.49,294.85,294.84,294.56,295.43,295.85,296.99,297.61,298.28,297.89,298.51
298.74,298.8,298.93,299.33,299.59,299.8,299.75,299.71,299.68,299.6,299.58,299.53,299.45,299.63,299.75,299.55,299.47,299.46,299.49,299.37,299.12,299.13,299.07,298.81,298.78,298.59,298.25,298.38,298.33,298.33,298.6,298.42,297.92,297.82,297.76,298.24,298.16,298.07,298.14,298.24,298.24,298.19,298.1,297.98,298.01,297.74,297.33,297.17,297.07,296.86,296.57,296.2,295.93,295.57,295,295.02,296.15,294.62,295.44,294.53,294.98,295.52,296.13,296.38,296.44,297.08,297.81,298.12,298.45,298.35,299.3,300.52
299.35,297.78,299.63,300.09,299.99,299.88,299.87,299.97,299.9,299.7,299.99,299.84,299.83,299.97,300,299.84,299.7,299.52,299.52,299.15,299.17,299.5,299.25,298.95,298.84,298.7,298.55,298.57,298.57,298.56,298.78,298.84,298.62,298.14,297.74,298.09,298.42,298.42,298.5,298.64,298.44,298.17,298.12,298.1,297.94,297.73,297.56,297.45,297.33,297.18,296.95,296.58,296.17,295.71,295.13,294.42,296.98,296.5,296.87,296.59,296.59,296.41,296.34,296.65,296.57,296.86,297.47,298.81,299.29,299.72,300.96,301.81
292.62,286.31,294.32,297.93,300.18,300.16,300.28,300.28,300.19,300.14,300.19,300.3,300.39,300.28,300.07,299.97,299.68,299.64,299.53,299.59,299.56,299.49,299.23,299.06,298.81,298.78,298.97,298.78,298.67,298.63,298.62,298.59,298.63,298.47,297.95,297.69,297.79,298.15,298.33,298.4,298.33,298.2,298.14,298.17,298.13,297.96,297.76,297.61,297.44,297.17,296.86,296.57,296.24,295.83,295.53,295.26,298.28,298.47,298.33,298.05,298.01,296.74,297.04,297.51,297.7,298.33,300.05,300.11,300.47,301.58,302.65,303.44
298.14,298.02,298.5,299.81,300.4,298.05,297.65,300.39,300.14,300.04,300.21,300.83,300.81,300.32,300.2,300.11,299.85,299.77,299.81,299.76,299.69,299.61,299.45,299.23,299.07,299.02,299.03,298.97,298.77,298.67,298.65,298.64,298.68,298.76,298.62,298.44,298.27,298.1,297.94,297.95,298.1,298.2,298.15,298.16,298.18,298.09,297.95,297.81,297.62,297.4,297.17,296.94,296.64,296.4,296.18,296.14,297.79,299.75,299.15,298.91,298.62,300.03,300.4,299.86,299.5,300.28,301.05,301.22,301.7,302.98,304.77,305.56
300.76,300.27,300.18,300.64,300.85,300.79,300.66,300.5,300.37,300.49,300.65,300.65,300.71,300.41,300.34,300.24,299.99,299.81,299.76,300.01,299.87,299.61,299.47,299.4,299.27,299.06,299.14,298.97,298.71,298.58,298.57,298.59,298.6,298.67,298.92,299.1,299,298.8,298.63,298.53,298.33,298.03,298.06,298.15,298.2,298.22,298.16,297.97,298.02,297.98,298.03,297.88,297.43,297.11,297.13,297.06,299.9,300.91,300.63,300.59,300.53,301.49,300.88,301,301.19,301.44,302.2,303.03,303.74,305.57,306.2,307.53
300.59,300.7,300.94,301.07,301.14,301.17,301.02,300.96,300.95,300.85,300.55,300.75,300.63,300.48,300.41,300.29,300.05,299.96,300.23,300.2,299.91,299.71,299.6,299.4,299.41,299.32,299.24,299.06,298.8,298.74,298.44,298.54,298.77,298.73,298.57,298.58,298.75,298.75,298.52,298.46,298.49,298.22,298.29,298.25,298.2,298.14,298.11,298.04,298.03,298.13,298.14,298.16,297.95,297.91,297.95,297.84,301.4,300.93,301.34,301.7,301.24,301.78,302.07,301.66,301.74,302.82,304.44,305.38,306.9,307.53,308.55,308.35
301.06,301.28,301.27,301.36,301.52,301.47,301.38,301.35,301.19,301.04,301.04,300.86,300.66,300.62,300.51,300.31,300.05,300.25,300.31,300.06,299.83,299.77,299.73,299.56,299.47,299.31,299.2,299.16,299.04,298.88,298.84,298.76,298.81,298.79,298.63,298.53,298.67,298.85,298.75,298.51,298.39,298.15,298.23,298.3,298.15,297.95,297.93,298,297.85,297.95,297.88,298.07,298.2,298.48,298.56,301.27,302.42,302.62,302.66,302.69,303.34,304.66,302.81,302.65,303.79,305.5,306.45,307.33,308.48,307.68,308.74,308.97
301.44,301.58,301.66,301.7,301.68,301.45,301.49,301.41,301.26,301.19,301.01,301.05,300.79,300.73,300.59,300.37,300.34,300.37,300.23,300.08,299.97,299.88,299.85,299.69,299.52,299.33,299.26,299.21,299.15,299.06,299.31,299.31,299.17,298.94,298.77,298.59,298.55,298.55,298.5,298.45,298.41,298.39,298.41,298.26,298.01,297.83,297.88,298.08,297.83,298.19,298.19,298.36,298.66,298.82,298.72,299.05,303.3,304.06,304.84,305.64,306.02,306.17,306.04,305.89,304.44,307.03,307.36,308.24,307.99,309.23,308.83,308.74
301.4,301.44,301.63,301.69,301.55,301.52,301.43,301.22,301.27,301.21,301.09,300.78,300.7,300.79,300.64,300.58,300.57,300.5,300.4,300.18,300.2,300.29,300.12,299.96,299.82,299.75,299.7,299.5,299.47,299.41,299.44,299.34,299.15,299.07,298.95,298.89,298.87,298.86,298.77,298.68,298.61,298.69,298.86,298.76,298.33,298.24,298.27,298.17,298.18,298.47,298.55,298.76,298.84,298.72,298.9,298.94,303.72,304.78,305.15,306.35,307.27,306.45,306.85,305.5,306.61,308.36,304,304.17,307.94,308.76,308.7,308.83
300.8,301.26,300.92,301.36,301.53,301.35,301.16,301.09,300.86,300.98,301.23,301.16,301.1,300.97,300.75,300.68,300.59,300.5,300.33,300.36,300.4,300.33,300.21,300.1,300.01,299.93,299.88,299.7,299.57,299.46,299.46,299.44,299.44,299.24,299.11,299.12,299.08,299.05,299.07,299.09,299.13,299.12,299.15,299.15,298.83,298.66,298.55,298.49,298.67,298.66,298.65,298.86,298.95,299.14,299.37,299.38,302.84,302.89,303.69,305.36,302.78,303.41,303.98,305.24,307.92,308.55,307.56,306.08,308.11,309.1,308.76,309.01
298.29,299.95,296.39,297.04,301.46,301.65,301.22,300.84,300.19,300.5,300.88,301.21,301.26,301.11,300.93,300.69,300.56,300.67,300.67,300.67,300.7,300.64,300.42,300.28,300.21,300.13,300,299.93,299.88,299.77,299.7,299.59,299.41,299.31,299.39,299.34,299.26,299.26,299.4,299.56,299.66,299.58,299.63,299.56,299.31,299.29,299.13,299.04,299.12,299.23,299.23,299.21,299.49,299.55,299.84,300,299.65,304.11,305.56,303.53,301.83,303.87,304.11,306.03,308.53,307.14,306.68,304.49,307.86,310.02,309.5,309.49
298.94,296.88,295.07,295.82,295,294.95,297.12,298.94,293.44,298.88,300.22,300.04,301.11,301.22,300.99,300.87,300.69,300.62,300.51,300.47,300.33,300.35,300.4,300.38,300.41,300.31,300.23,300.25,300.2,300.1,300.01,299.84,299.74,299.7,299.58,299.41,299.44,299.46,299.49,299.57,299.62,299.66,299.7,299.69,299.76,299.94,299.84,299.68,299.75,299.87,299.98,299.89,299.95,300.1,300.4,300.55,300.69,301.05,304.05,303.26,304.06,303.74,302.49,304.17,306.19,304.92,304.52,306.53,306.66,308.81,309.5,309.75
295.04,286.69,297.22,297.67,296.94,298.59,298.38,297.71,298.27,298.93,299.93,299.86,300.83,300.64,300.75,300.49,300.33,300.5,300.63,300.71,300.55,300.61,300.54,300.59,300.72,300.63,300.72,300.6,300.51,300.3,300.19,300.12,300.07,299.91,299.76,299.6,299.56,299.7,299.82,299.78,299.61,299.46,299.79,299.68,299.58,299.74,300.2,300.24,300.32,300.41,300.48,300.53,300.55,300.62,300.47,300.66,301.05,301.54,301.23,305.87,304.21,301.75,300.75,302.84,304.06,304.01,304.25,305.63,306.35,308.17,308.17,309.6
285.33,296.4,295.2,297.25,298.3,298.71,298.47,298.55,298.23,298.08,295.69,298.73,300.18,301.12,301.04,300.89,300.85,300.7,300.72,300.75,300.72,300.88,300.72,300.91,300.79,300.83,300.53,300.55,300.71,300.54,300.45,300.32,300.21,300.07,300.01,299.91,299.72,299.78,299.6,299.37,299.75,299.7,300.05,300.07,299.99,299.63,299.59,299.67,299.96,299.79,300.08,300.11,300.07,300.13,300.44,300.71,300.86,300.76,300.86,302.43,304.32,301.65,300.25,303.3,304,305.46,304.85,305.04,305.26,305.29,307.25,310.22
294.54,294.32,295.49,297.92,298.85,297.94,294.64,295.98,295.75,296.64,295.21,298.41,298.03,300.25,301,300.88,300.77,300.76,300.66,300.55,300.71,300.73,300.76,300.77,300.82,299.79,298.72,299.87,300.5,300.66,300.5,300.24,299.97,300.07,299.68,299.79,299.37,299.26,298.99,298.91,299.42,299.46,299.66,299.73,299.85,300.12,299.92,299.98,300.04,300.05,300.3,300.18,300.19,300.14,300.45,300.49,300.39,300.28,300.28,299.9,300.31,302.73,304.18,303.96,305.83,305.03,304.98,305.27,305.36,304.75,303.93,309.74
296.54,295.34,295.9,298.58,298.28,292.96,289.26,291.26,294.25,295.88,294.75,295.34,297.56,297.94,300.55,300.99,300.64,300.46,300.42,300.36,300.37,300.44,300.58,300.71,300.74,300.71,300.56,300.75,300.75,300.62,300.65,300.42,300.14,300.11,300.03,299.98,299.65,299.65,300.03,300.13,300,299.68,299.6,299.77,299.96,300.11,300.2,300.31,300.32,300.11,299.75,299.97,299.97,299.96,300.11,299.89,300.07,299.95,299.8,299.68,299.92,300.23,302.99,305.58,304.69,304.44,305.13,305.66,305.53,305.45,307.43,309.17
294.91,296.36,296.68,298.37,298.37,287.65,293.28,291.71,293.92,293.2,295.47,293.4,294.64,297.92,299.59,300.19,300.31,299.91,299.89,301.72,300.27,300.36,300.47,300.54,300.51,300.43,300.57,300.82,300.96,301.09,301.02,300.75,300.58,300.49,300.47,300.53,300.44,300.4,300.5,300.39,300.35,300.31,300.27,300.34,300.28,300.22,300.49,300.37,300.2,299.82,299.93,299.93,299.91,299.69,299.62,299.82,299.91,299.8,299.8,299.9,300.05,300.13,299.86,301.9,302.19,303,303.38,300.88,300.47,301.08,305.54,301.29
296.67,296.84,296.86,297.77,298.07,297.68,292.6,293.55,297.4,294.96,296.72,300.67,299.63,299.34,298.26,298.92,298.08,298.97,298.55,298.93,301.71,300.7,300.44,300.42,300.32,300.31,300.53,300.65,300.84,300.98,300.99,300.94,300.91,300.88,300.9,300.87,300.45,300.12,300.23,300.25,300.18,300.11,300.14,300.03,300.13,300.18,300.16,299.9,299.49,299.72,299.62,299.63,299.48,299.65,299.7,299.67,299.88,299.84,299.88,299.73,299.79,299.63,299.91,300.15,300.22,300.03,300.42,300.62,300.5,300.46,300.27,300.64
296.27,296.7,297.12,297.56,297.62,297.6,299.71,297.57,294.72,296.66,299.12,301.24,299.8,296.81,298.44,298.87,295.87,296.1,298.17,295.76,300.31,301.08,300.38,300.31,300.22,300.27,300.39,300.58,300.71,300.85,300.9,300.91,300.93,300.86,300.9,300.78,300.66,300.32,300.46,300.4,300.33,300.01,299.99,299.85,299.59,299.58,299.6,299.67,299.78,299.61,299.61,299.53,299.48,299.57,299.7,299.52,299.51,299.46,299.41,299.42,299.39,299.31,299.4,299.74,299.86,299.99,300.16,300.44,300.39,300.27,300.28,300.33
296.03,297.02,297.14,297.4,297.3,299.3,299.79,298.07,298.64,297.83,299.82,300.21,299.24,297.89,297.74,299.04,299.37,298.66,298.37,298.4,298.86,301.95,300.49,300.38,300.28,300.28,300.29,300.39,300.57,300.71,300.74,300.74,300.88,300.83,300.71,300.63,300.47,300.45,300.25,300.12,300.09,300.18,299.85,299.77,299.86,299.97,299.66,299.44,299.3,299.17,299.11,299.08,299.06,299.04,299,298.98,298.95,298.91,298.88,298.9,298.85,298.98,299.06,299.23,299.3,299.55,299.72,299.93,300.04,300.04,300.14,300.16
296.41,297.2,297.29,298.04,298.5,297.79,295.67,297.55,299.68,300.69,301.56,300.06,300.2,299.75,298.79,299.28,299.04,298.37,299.23,300.42,300.88,301.74,301.13,300.56,300.41,300.28,300.23,300.32,300.37,300.36,300.37,300.49,300.67,300.74,300.59,300.51,300.39,300.34,300.18,299.92,299.88,299.92,299.83,299.77,299.72,299.52,299.29,299.13,298.99,298.75,298.69,298.76,298.71,298.58,298.46,298.47,298.35,298.29,298.33,298.41,298.43,298.44,298.59,298.77,298.97,299.12,299.36,299.43,299.64,299.61,299.66,299.68
295.98,297.09,297.25,298.08,298.68,298.3,300.16,300.18,300,301.01,300.89,300.72,300.36,300.34,300,300.54,300.39,299.85,300.2,301.06,301.38,301.72,301.78,300.96,300.59,300.53,300.44,300.46,300.38,300.22,300.21,300.34,300.52,300.53,300.4,300.31,300.24,300.17,300.09,299.89,299.77,299.71,299.69,299.57,299.44,299.24,299.15,299.06,298.79,298.59,298.48,298.45,298.4,298.26,298.07,297.98,297.89,297.91,297.88,297.97,298.07,298.09,298.24,298.43,298.59,298.61,298.85,299.01,299.22,299.36,299.48,299.47
297.35,297.46,298.09,298.64,298.41,298.62,299.47,300.42,300.64,301.53,301.4,301.57,301.5,302.15,302.46,301.7,301.73,301.34,300.65,301.74,302.52,302.93,302.66,302.32,301.46,301,300.76,300.55,300.36,300.28,300.33,300.37,300.47,300.39,300.27,300.16,300.1,300.1,299.97,299.78,299.72,299.72,299.62,299.51,299.35,299.21,299.11,298.86,298.62,298.47,298.33,298.21,298.09,297.97,297.85,297.77,297.75,297.71,297.69,297.77,297.84,297.84,297.96,298.14,298.26,298.27,298.32,298.56,298.77,299.15,299.37,299.58
297.7,297.42,297.96,298.34,298.59,299.35,300.22,301.22,301.69,301.81,301.97,301.85,302.07,302.25,302.7,302.22,303.35,302.27,302.98,302.55,302.63,303.02,303.23,302.92,302.61,301.63,302.04,301.89,300.53,300.5,300.5,300.47,300.43,300.37,300.26,300.19,300.05,299.98,299.96,299.84,299.77,299.77,299.62,299.52,299.42,299.34,299.23,298.83,298.6,298.39,298.28,298.15,298.03,297.91,297.82,297.73,297.68,297.62,297.61,297.64,297.72,297.69,297.74,297.87,297.99,297.98,297.9,298.12,298.42,298.79,299.06,299.19
297.59,297.01,298,299.28,299.12,300.66,301.23,301.51,301.94,302.08,302.27,302.2,302.63,302.68,303.25,303.95,303.63,302.63,302.28,302.66,302.52,302.8,303.21,302.73,302.64,302.82,303.09,301.71,301.39,302.29,303.88,303.56,302.83,300.2,300.24,300.23,300.15,299.97,299.96,299.96,299.85,299.76,299.53,299.5,299.38,299.31,299.24,299.01,298.66,298.47,298.32,298.17,298.09,298.02,297.97,297.89,297.82,297.77,297.71,297.65,297.71,297.68,297.65,297.65,297.72,297.7,297.55,297.68,298.01,298.3,298.56,298.77
297.59,297.28,298.34,299.11,300.39,300.52,301.63,301.84,301.73,302.25,302.38,302.12,302.83,303,304.14,304.91,304.2,303.14,302.32,302.69,302.41,302.7,302.89,302.73,302.39,301.99,302.49,302.37,301.75,303.21,303.75,300.75,302.5,302.13,300.09,300.04,300.11,300.01,299.83,299.79,299.69,299.71,299.64,299.62,299.45,299.32,299.18,298.98,298.76,298.63,298.46,298.28,298.17,298.07,298.06,298.08,297.93,297.81,297.72,297.75,297.7,297.72,297.58,297.55,297.49,297.43,297.3,297.29,297.5,297.6,297.88,298.17
297.37,297.41,298.58,300.26,300.46,300.76,301.57,301.64,301.3,301.73,302.46,302.71,302.27,302.47,303.77,304.71,304.16,303.93,302.47,302.39,301.92,301.89,303.03,303.5,302.84,302.12,302.17,301.4,301.6,303.21,304.15,302.86,300.25,301.7,303.1,302.31,300.56,299.88,299.89,299.71,299.55,299.46,299.44,299.53,299.4,299.23,299.12,298.93,298.61,298.63,298.51,298.36,298.21,298.04,297.95,297.95,297.85,297.7,297.6,297.69,297.65,297.58,297.43,297.35,297.22,297.06,296.96,296.95,296.91,296.97,297.22,297.51
