public/data/weather/current/current-wind_difference-surface-level-gfs-1.0.json
{"header": {"discipline":0,"disciplineName":"Meteorological products","gribEdition":2,"gribLength":130681,"center":7,"centerName":"US National Weather Service - NCEP(WMC)","subcenter":0,"refTime":"2014-11-13T18:00:00.000Z","significanceOfRT":1,"significanceOfRTName":"Start of forecast","productStatus":0,"productStatusName":"Operational products","productType":1,"productTypeName":"Forecast products","productDefinitionTemplate":0,"productDefinitionTemplateName":"Analysis/forecast at horizontal level/layer at a point in time","parameterCategory":2,"parameterCategoryName":"Momentum","parameterNumber":2,"parameterNumberName":"U-component_of_wind","parameterUnit":"m.s-1","genProcessType":2,"genProcessTypeName":"Forecast","forecastTime":0,"surface1Type":103,"surface1TypeName":"Specified height level above ground","surface1Value":10.0,"surface2Type":255,"surface2TypeName":"Missing","surface2Value":0.0,"gridDefinitionTemplate":0,"gridDefinitionTemplateName":"Latitude_Longitude","numberPoints":65160,"shape":6,"shapeName":"Earth spherical with radius of 6,371,229.0 m","gridUnits":"degrees","resolution":48,"winds":"true","scanMode":0,"nx":360,"ny":181,"basicAngle":0,"subDivisions":0,"lo1":0.0,"la1":90.0,"lo2":359.0,"la2":-90.0,"dx":1.0,"dy":1.0}, "data":
[rows 0 to 35 of 181, columns 164 to 245 of 360]
1.53,1.63,1.72,1.82,1.91,2.00,2.10,2.19,2.28,2.37,2.46,2.55,2.64,2.73,2.82,2.90,2.99,3.07,3.16,3.24,3.32,3.40,3.48,3.56,3.64,3.71,3.79,3.86,3.94,4.01,4.08,4.15,4.22,4.28,4.35,4.41,4.48,4.54,4.60,4.66,4.71,4.77,4.82,4.88,4.93,4.98,5.02,5.07,5.12,5.16,5.20,5.24,5.28,5.32,5.36,5.39,5.42,5.45,5.48,5.51,5.53,5.56,5.58,5.60,5.62,5.64,5.65,5.67,5.68,5.69,5.70,5.71,5.71,5.71,5.72,5.72,5.71,5.71,5.71,5.70,5.69,5.68
1.01,1.10,1.17,1.26,1.34,1.42,1.50,1.58,1.66,1.74,1.82,1.90,1.98,2.06,2.14,2.22,2.29,2.38,2.46,2.54,2.62,2.70,2.79,2.87,2.95,3.03,3.11,3.20,3.28,3.36,3.44,3.53,3.61,3.69,3.76,3.84,3.92,4.01,4.09,4.16,4.23,4.30,4.37,4.44,4.51,4.59,4.65,4.71,4.77,4.83,4.89,4.95,5.00,5.06,5.11,5.16,5.20,5.25,5.29,5.34,5.38,5.42,5.45,5.49,5.51,5.54,5.57,5.60,5.63,5.66,5.68,5.70,5.72,5.74,5.77,5.79,5.81,5.82,5.83,5.84,5.85,5.86
0.33,0.43,0.53,0.62,0.73,0.83,0.93,1.03,1.13,1.23,1.33,1.43,1.52,1.61,1.70,1.80,1.89,1.97,2.05,2.13,2.21,2.29,2.36,2.44,2.52,2.59,2.66,2.74,2.81,2.89,2.97,3.05,3.13,3.22,3.30,3.39,3.47,3.56,3.64,3.73,3.81,3.90,3.99,4.07,4.16,4.23,4.32,4.39,4.46,4.53,4.60,4.67,4.74,4.81,4.87,4.93,4.98,5.04,5.09,5.15,5.19,5.24,5.29,5.34,5.38,5.42,5.46,5.50,5.55,5.59,5.64,5.68,5.73,5.78,5.82,5.87,5.92,5.97,6.02,6.06,6.11,6.14
-0.39,-0.31,-0.24,-0.17,-0.10,-0.04,0.03,0.09,0.16,0.22,0.29,0.36,0.44,0.52,0.61,0.70,0.80,0.90,0.99,1.10,1.20,1.31,1.41,1.52,1.63,1.74,1.85,1.97,2.08,2.19,2.30,2.41,2.52,2.62,2.73,2.84,2.95,3.05,3.15,3.25,3.36,3.45,3.55,3.65,3.74,3.83,3.92,4.01,4.09,4.18,4.26,4.34,4.42,4.50,4.58,4.65,4.73,4.79,4.87,4.93,4.99,5.05,5.11,5.17,5.23,5.28,5.33,5.39,5.43,5.47,5.52,5.57,5.61,5.66,5.70,5.74,5.78,5.82,5.86,5.90,5.95,5.99
-1.30,-1.23,-1.17,-1.10,-1.05,-0.99,-0.92,-0.85,-0.78,-0.71,-0.61,-0.52,-0.42,-0.30,-0.19,-0.06,0.06,0.20,0.33,0.46,0.59,0.72,0.84,0.97,1.09,1.21,1.32,1.42,1.52,1.61,1.70,1.79,1.87,1.97,2.06,2.17,2.29,2.41,2.55,2.68,2.81,2.94,3.07,3.19,3.31,3.42,3.54,3.65,3.75,3.86,3.96,4.05,4.15,4.24,4.32,4.41,4.49,4.56,4.63,4.70,4.77,4.83,4.89,4.95,4.99,5.04,5.08,5.13,5.17,5.20,5.24,5.28,5.33,5.37,5.42,5.47,5.53,5.58,5.63,5.69,5.74,5.79
-1.63,-1.55,-1.49,-1.42,-1.36,-1.30,-1.24,-1.18,-1.13,-1.06,-0.99,-0.92,-0.84,-0.74,-0.64,-0.53,-0.42,-0.26,-0.12,0.06,0.23,0.41,0.60,0.77,0.94,1.10,1.27,1.44,1.62,1.80,2.01,2.23,2.47,2.71,2.94,3.16,3.33,3.48,3.60,3.69,3.76,3.83,3.90,3.98,4.05,4.11,4.16,4.19,4.20,4.20,4.20,4.21,4.24,4.27,4.33,4.39,4.46,4.52,4.57,4.62,4.66,4.71,4.74,4.77,4.80,4.84,4.86,4.88,4.90,4.90,4.91,4.92,4.93,4.96,4.99,5.03,5.07,5.12,5.18,5.24,5.31,5.38
-1.87,-1.85,-1.83,-1.83,-1.84,-1.85,-1.87,-1.87,-1.87,-1.84,-1.79,-1.72,-1.59,-1.43,-1.23,-1.00,-0.75,-0.47,-0.18,0.12,0.42,0.72,1.01,1.28,1.54,1.77,1.98,2.16,2.33,2.49,2.63,2.77,2.89,3.02,3.15,3.28,3.42,3.56,3.71,3.86,4.00,4.12,4.21,4.26,4.29,4.30,4.31,4.32,4.34,4.37,4.42,4.47,4.51,4.55,4.58,4.60,4.61,4.60,4.58,4.56,4.54,4.52,4.50,4.49,4.48,4.47,4.47,4.47,4.47,4.47,4.46,4.45,4.44,4.43,4.44,4.45,4.48,4.53,4.59,4.66,4.74,4.83
-1.92,-1.85,-1.78,-1.71,-1.65,-1.58,-1.49,-1.37,-1.23,-1.07,-0.87,-0.65,-0.41,-0.16,0.10,0.36,0.62,0.85,1.08,1.29,1.47,1.63,1.78,1.91,2.03,2.15,2.26,2.40,2.56,2.73,2.93,3.15,3.38,3.61,3.85,4.08,4.29,4.47,4.64,4.78,4.90,5.02,5.12,5.20,5.28,5.34,5.39,5.42,5.43,5.44,5.43,5.40,5.38,5.34,5.31,5.27,5.23,5.19,5.15,5.10,5.04,4.97,4.90,4.82,4.73,4.64,4.56,4.45,4.34,4.23,4.14,4.04,3.95,3.88,3.83,3.80,3.80,3.83,3.88,3.96,4.05,4.13
-0.29,-0.10,0.05,0.14,0.21,0.23,0.24,0.23,0.22,0.22,0.24,0.27,0.33,0.40,0.49,0.59,0.68,0.78,0.86,0.92,0.99,1.06,1.14,1.24,1.36,1.51,1.70,1.92,2.17,2.44,2.73,3.03,3.34,3.64,3.94,4.23,4.52,4.79,5.07,5.33,5.58,5.82,6.04,6.23,6.39,6.51,6.61,6.67,6.70,6.71,6.69,6.65,6.60,6.52,6.43,6.32,6.19,6.05,5.91,5.77,5.61,5.47,5.33,5.18,5.04,4.88,4.72,4.55,4.38,4.19,3.99,3.80,3.60,3.42,3.26,3.13,3.05,3.02,3.03,3.08,3.16,3.25
1.74,1.83,1.84,1.78,1.64,1.45,1.22,0.97,0.70,0.47,0.28,0.14,0.06,0.03,0.04,0.08,0.13,0.19,0.27,0.36,0.48,0.61,0.77,0.95,1.15,1.36,1.60,1.87,2.16,2.47,2.78,3.10,3.41,3.73,4.04,4.36,4.68,5.01,5.35,5.68,6.00,6.32,6.63,6.91,7.16,7.37,7.54,7.67,7.76,7.81,7.82,7.81,7.77,7.70,7.60,7.48,7.33,7.14,6.93,6.69,6.43,6.16,5.89,5.61,5.35,5.10,4.84,4.60,4.35,4.11,3.85,3.58,3.29,3.00,2.72,2.48,2.28,2.16,2.10,2.11,2.16,2.22
3.36,3.35,3.32,3.22,3.06,2.82,2.46,1.99,1.43,0.86,0.37,0.01,-0.24,-0.39,-0.43,-0.43,-0.38,-0.32,-0.23,-0.11,0.05,0.27,0.53,0.82,1.15,1.52,1.93,2.36,2.80,3.24,3.66,4.06,4.42,4.75,5.06,5.34,5.61,5.85,6.10,6.32,6.53,6.73,6.93,7.10,7.27,7.42,7.57,7.73,7.90,8.07,8.21,8.30,8.33,8.27,8.16,8.02,7.86,7.67,7.46,7.22,6.97,6.69,6.42,6.13,5.82,5.50,5.17,4.83,4.49,4.13,3.79,3.44,3.10,2.74,2.40,2.09,1.81,1.60,1.45,1.36,1.32,1.28
5.01,4.92,4.76,4.60,4.43,4.20,3.88,3.36,2.62,1.72,0.74,-0.10,-0.71,-1.08,-1.20,-1.12,-0.93,-0.75,-0.59,-0.38,-0.13,0.20,0.64,1.16,1.76,2.42,3.08,3.71,4.28,4.77,5.17,5.50,5.77,5.99,6.18,6.34,6.49,6.61,6.72,6.83,6.93,7.03,7.15,7.26,7.37,7.48,7.60,7.71,7.82,7.92,8.02,8.11,8.20,8.27,8.30,8.28,8.19,8.03,7.82,7.55,7.24,6.89,6.54,6.20,5.86,5.53,5.21,4.89,4.56,4.23,3.89,3.52,3.14,2.75,2.36,1.99,1.64,1.35,1.09,0.88,0.71,0.53
4.28,4.10,3.89,3.62,3.31,3.01,2.81,2.73,2.63,2.34,1.68,0.62,-0.49,-1.50,-2.23,-2.40,-2.18,-1.77,-1.38,-0.96,-0.46,0.17,0.98,1.90,2.77,3.50,4.14,4.68,5.15,5.52,5.80,6.03,6.18,6.29,6.39,6.50,6.62,6.73,6.78,6.77,6.74,6.72,6.72,6.74,6.78,6.84,6.91,7.04,7.24,7.46,7.60,7.62,7.55,7.49,7.51,7.56,7.60,7.63,7.64,7.58,7.40,7.11,6.78,6.41,6.05,5.68,5.33,4.95,4.56,4.18,3.81,3.46,3.10,2.76,2.41,1.99,1.49,1.03,0.62,0.26,-0.02,-0.22
5.48,5.12,4.68,4.13,3.51,2.85,2.18,1.58,1.12,0.82,0.68,0.52,0.14,-0.47,-1.23,-2.01,-2.52,-2.52,-2.23,-1.70,-0.89,0.05,1.09,2.20,3.11,3.84,4.51,5.23,6.01,6.78,7.39,7.73,7.80,7.67,7.45,7.25,7.09,6.94,6.77,6.57,6.36,6.16,5.99,5.87,5.81,5.79,5.81,5.85,5.88,5.95,6.11,6.31,6.52,6.66,6.72,6.73,6.78,6.83,6.84,6.83,6.83,6.79,6.61,6.35,6.06,5.73,5.38,5.02,4.65,4.29,3.94,3.58,3.19,2.72,2.24,1.87,1.41,0.93,0.51,0.09,-0.25,-0.49
5.64,5.14,4.65,4.12,3.52,2.93,2.36,1.79,1.19,0.60,0.08,-0.34,-0.63,-0.82,-0.95,-1.15,-1.46,-1.91,-2.29,-2.36,-1.92,-0.84,0.57,2.01,3.36,4.80,6.36,7.97,9.22,9.82,9.77,9.28,8.66,8.09,7.61,7.25,6.96,6.68,6.40,6.12,5.87,5.67,5.52,5.38,5.20,5.01,4.82,4.66,4.56,4.55,4.59,4.67,4.82,5.02,5.25,5.49,5.68,5.83,5.92,5.95,5.95,5.96,5.89,5.74,5.53,5.28,4.99,4.67,4.32,3.97,3.65,3.39,3.20,2.98,2.58,2.23,1.40,0.79,0.16,-0.19,-0.27,-0.34
4.75,4.31,3.90,3.49,3.04,2.48,1.83,1.18,0.58,0.07,-0.35,-0.71,-1.02,-1.28,-1.46,-1.51,-1.46,-1.42,-1.48,-1.57,-1.43,-0.86,0.24,1.79,3.90,6.40,8.77,10.14,10.39,9.74,8.81,8.04,7.53,7.16,6.84,6.53,6.22,5.87,5.53,5.27,5.10,5.01,4.96,4.88,4.72,4.46,4.14,3.79,3.49,3.26,3.15,3.15,3.25,3.42,3.66,3.95,4.24,4.52,4.79,4.99,5.15,5.30,5.45,5.46,5.30,5.00,4.64,4.28,3.94,3.58,3.14,2.59,2.14,1.95,2.04,2.14,2.08,1.85,1.41,0.84,0.50,0.61
3.68,3.61,3.49,3.16,2.56,1.87,1.25,0.73,0.28,-0.17,-0.59,-0.96,-1.25,-1.49,-1.77,-2.16,-2.71,-3.28,-3.67,-3.72,-3.30,-2.32,-1.03,0.80,3.61,6.99,9.39,10.00,9.28,8.31,7.65,7.28,6.99,6.70,6.35,5.96,5.51,5.11,4.81,4.67,4.68,4.76,4.81,4.71,4.45,4.02,3.49,2.93,2.39,1.93,1.61,1.46,1.47,1.64,1.94,2.35,2.79,3.22,3.64,4.04,4.46,4.86,5.23,5.51,5.62,5.56,5.33,4.98,4.56,4.12,3.76,3.45,3.01,2.69,2.96,3.51,3.78,3.57,2.78,1.71,1.17,1.17
2.70,2.58,2.44,2.17,1.64,0.84,-0.04,-0.80,-1.40,-1.89,-2.26,-2.47,-2.61,-2.86,-3.26,-3.62,-3.92,-4.21,-4.45,-4.61,-4.66,-4.68,-4.30,-2.49,1.77,7.22,10.56,10.76,9.17,8.04,7.40,6.85,6.44,6.24,6.03,5.76,5.42,5.08,4.85,4.81,4.90,4.94,4.83,4.51,4.06,3.57,3.05,2.52,2.02,1.50,0.98,0.55,0.24,0.17,0.32,0.67,1.17,1.76,2.38,3.01,3.67,4.34,4.91,5.38,5.73,5.96,6.08,6.04,5.78,5.24,4.57,3.77,2.60,2.15,2.77,3.66,3.37,2.18,1.46,1.26,1.19,0.91
2.43,2.08,1.66,1.15,0.57,-0.08,-0.75,-1.34,-1.85,-2.31,-2.76,-3.17,-3.51,-3.72,-3.79,-3.83,-3.97,-4.45,-5.22,-5.88,-6.15,-6.35,-6.64,-6.00,-2.48,3.51,8.53,9.63,8.67,8.08,7.91,6.94,6.10,5.87,5.89,5.86,5.69,5.42,5.07,4.71,4.26,3.68,3.04,2.54,2.32,2.32,2.36,2.30,2.05,1.64,1.12,0.54,-0.05,-0.57,-0.96,-1.09,-0.88,-0.26,0.71,1.96,3.18,4.24,5.14,5.92,6.52,6.91,7.14,7.21,7.21,6.99,5.93,4.12,2.94,3.19,3.98,3.91,3.35,2.47,1.68,1.02,0.70,0.99
2.26,1.87,1.56,1.24,0.95,0.77,0.66,0.34,-0.34,-1.20,-2.00,-2.71,-3.26,-3.68,-4.30,-4.19,-3.25,-2.80,-4.43,-6.92,-8.15,-8.50,-9.02,-9.33,-6.72,-0.31,6.29,9.12,8.84,8.08,7.75,7.34,6.34,5.25,4.88,5.08,5.32,5.27,4.83,4.08,3.13,2.35,1.84,1.72,1.92,2.27,2.56,2.58,2.27,1.67,0.99,0.34,-0.31,-1.00,-1.68,-2.22,-2.53,-2.30,-1.04,0.93,3.21,4.83,5.66,6.31,6.87,7.20,7.20,6.95,6.60,6.42,6.42,5.72,3.55,1.64,1.62,2.44,2.84,3.03,2.55,2.17,1.42,0.56
1.69,1.41,1.63,2.32,2.78,2.92,2.95,2.61,2.26,1.84,2.07,1.86,0.81,-1.11,-3.41,-5.49,-7.05,-7.77,-7.91,-7.99,-8.28,-8.96,-10.17,-11.23,-9.94,-4.45,2.89,7.64,8.92,8.50,7.84,6.95,5.43,3.59,2.49,3.00,3.74,4.09,4.09,3.86,3.27,2.58,2.15,1.84,1.56,1.64,1.88,1.63,0.86,0.13,-0.21,-0.44,-0.87,-1.26,-1.63,-1.99,-2.39,-2.06,-0.42,1.89,3.85,4.86,5.17,5.76,6.61,7.39,6.69,6.16,4.70,4.75,5.01,3.77,2.14,1.51,1.96,2.12,2.36,3.50,4.29,3.91,3.88,3.10
1.65,2.53,2.54,1.88,1.88,1.98,2.12,1.28,0.48,0.83,1.08,0.76,0.55,0.50,0.49,-0.23,-3.22,-7.82,-10.85,-11.42,-11.09,-11.07,-11.66,-12.34,-11.27,-6.98,-0.74,4.55,7.30,7.75,6.86,5.40,4.23,3.65,3.54,3.88,4.51,4.82,3.94,2.69,2.01,1.86,1.87,1.81,2.13,2.71,2.75,3.27,4.36,4.70,4.11,3.40,2.45,1.65,1.59,1.67,1.69,2.06,2.23,2.17,2.73,3.25,3.42,4.66,4.87,5.90,6.75,6.62,6.02,5.54,4.82,4.32,4.20,4.20,3.19,1.97,1.57,2.31,3.91,4.47,3.93,2.97
1.32,0.85,-0.08,0.46,1.84,2.56,1.66,0.52,-0.31,-1.86,-3.46,-3.91,-3.43,-2.32,-2.09,-2.30,-1.82,-1.30,-3.42,-7.73,-12.00,-13.11,-12.78,-12.18,-10.64,-7.17,-2.63,1.22,3.09,3.48,3.42,2.70,1.41,0.59,0.61,0.92,1.59,1.94,1.53,1.66,2.25,2.62,2.69,2.59,2.23,1.72,1.27,0.99,0.40,0.02,0.29,0.49,0.51,0.82,1.30,1.28,0.39,0.39,0.99,0.77,1.10,2.33,3.30,3.59,3.21,2.89,3.28,3.57,4.23,5.20,4.56,3.17,2.32,2.27,2.59,2.22,1.49,1.97,2.87,2.28,1.27,0.88
-0.51,0.02,-0.07,0.52,0.96,-0.28,-2.43,-3.77,-3.77,-3.19,-3.42,-3.48,-2.97,-2.96,-2.88,-2.27,-1.31,-1.14,-2.97,-4.44,-4.33,-6.94,-10.18,-8.28,-7.17,-6.60,-5.70,-3.69,-2.45,-2.11,0.59,4.05,3.85,1.83,0.45,-0.26,-0.46,-0.34,0.16,0.34,-0.52,-1.16,-0.83,-1.22,-1.67,-0.36,0.65,-0.26,-0.82,-0.40,0.38,1.00,1.04,1.00,1.14,1.25,0.89,0.45,1.44,1.73,0.36,0.32,1.57,2.15,2.05,1.50,1.53,2.01,2.35,3.02,3.92,3.58,2.99,2.40,1.61,1.58,2.48,2.10,1.63,1.32,1.52,1.22
1.76,1.97,1.99,0.45,-2.00,-2.86,-2.47,-3.29,-3.34,-3.39,-3.70,-3.23,-3.21,-3.17,-2.19,-0.55,-0.43,-2.65,-4.33,-6.94,-6.98,-5.81,-5.36,-4.83,-4.70,-4.36,-5.42,-5.70,-4.56,-3.29,-1.30,0.72,2.03,2.60,2.02,0.72,0.41,1.02,0.08,-2.02,-2.83,-1.76,-1.29,-1.35,0.21,0.52,-1.04,-0.98,-0.21,0.35,0.55,0.27,0.58,2.19,2.44,2.28,2.18,1.56,1.67,1.32,-0.18,-0.04,1.60,1.23,0.21,-0.24,-0.66,-0.23,1.27,2.72,3.36,2.94,2.58,2.22,2.32,3.02,3.12,2.51,1.66,1.14,0.76,0.67
1.15,-0.09,-1.04,-1.13,-1.55,-2.77,-2.91,-0.88,0.31,-0.49,-1.39,0.02,-0.86,-2.56,-1.94,-1.96,-4.23,-8.58,-11.69,-12.49,-9.47,-7.52,-7.95,-6.64,-7.01,-6.17,-5.51,-5.87,-5.09,-2.70,-0.27,0.59,0.50,-0.30,-1.84,-1.83,-0.31,-1.04,-2.70,-2.50,-1.49,-1.39,-2.23,-1.32,0.00,-1.01,-2.67,-2.28,-1.10,-0.26,0.09,0.63,2.23,3.66,3.85,2.25,2.19,3.20,2.87,2.98,3.97,4.81,4.34,2.81,2.08,1.86,1.26,2.70,4.75,2.90,0.86,0.79,1.78,2.63,2.55,1.57,2.08,1.73,0.50,0.04,-0.26,-0.78
-0.85,-0.71,-0.98,-2.18,-3.08,-2.13,-1.51,-1.13,-0.89,-0.87,-0.93,-1.20,-1.42,-2.38,-3.38,-5.06,-7.21,-11.94,-15.21,-13.03,-6.75,-2.48,-2.78,-4.65,-5.53,-4.98,-4.97,-5.35,-4.89,-3.33,-1.36,0.20,0.51,-0.40,-0.89,-0.22,-0.91,-2.50,-2.82,-3.47,-2.70,-0.89,-0.22,-1.94,-4.93,-3.95,0.99,2.68,3.94,4.10,2.26,1.10,-0.29,0.61,1.77,2.15,1.97,1.31,0.33,-0.10,-0.21,0.12,0.10,0.56,0.58,0.39,1.28,2.61,2.57,2.12,2.30,2.35,1.84,2.54,2.47,1.81,0.78,-0.32,-1.21,-1.03,-0.84,-1.03
-3.39,-2.14,-1.82,-2.24,-2.41,-1.65,-0.23,-0.38,-1.12,-0.78,-1.10,-2.09,-2.77,-4.81,-3.92,-4.20,-11.52,-14.54,-15.40,-13.80,-8.84,-4.18,-1.70,-1.25,-2.33,-3.47,-4.62,-6.58,-7.58,-5.34,-2.36,-0.19,1.68,2.49,0.75,-1.69,-3.20,-3.11,-1.92,-0.51,-1.64,-3.81,-3.52,-0.15,3.56,3.42,-0.41,-0.90,0.45,0.34,0.53,-0.33,-0.51,0.62,-0.22,-0.07,0.55,0.35,0.44,-0.37,-0.95,-1.22,-0.29,0.83,1.27,0.68,0.54,0.96,1.13,0.86,1.67,2.65,2.07,1.27,0.76,-0.80,-1.33,-1.30,-1.50,-1.77,-2.16,-2.07
-2.84,-0.23,-1.97,-1.84,-0.87,0.22,0.41,-0.26,-1.31,-2.57,-3.68,-4.52,-6.26,-6.61,-4.54,-5.61,-11.05,-14.49,-15.38,-14.08,-10.47,-7.66,-4.79,-2.25,-3.21,-4.55,-5.09,-7.03,-8.79,-7.87,-4.50,-1.71,-0.67,-1.37,-2.20,-1.83,-1.34,-1.01,-0.89,-1.99,-2.85,-0.79,1.15,1.10,0.11,-1.86,-1.43,-1.62,-0.67,0.38,-0.59,0.71,2.09,1.78,1.97,0.37,-0.53,0.47,0.52,0.46,0.05,-0.72,0.46,1.14,-0.24,-0.03,0.54,1.22,1.59,0.49,0.28,1.41,1.16,0.50,-0.34,-0.17,-0.81,-1.95,-1.94,-2.03,-2.49,-3.42
0.20,0.05,-1.89,-1.24,-0.62,-0.71,-0.24,0.11,-1.40,-4.50,-5.72,-5.68,-5.91,-4.95,-4.00,-6.43,-10.40,-13.01,-14.29,-13.61,-11.42,-9.59,-6.07,-3.42,-4.91,-6.13,-6.45,-8.26,-10.16,-9.50,-6.81,-3.90,-3.37,-3.37,-2.93,0.63,4.65,3.47,-0.29,-1.29,-0.03,1.20,0.28,-0.22,-2.21,-3.34,-0.59,-0.19,-1.32,-0.35,-0.61,-0.73,1.89,1.75,-0.25,0.01,0.56,0.29,-0.78,-1.58,-0.56,0.82,0.21,0.16,0.07,0.41,0.67,1.02,0.30,0.13,0.63,0.32,0.13,0.77,0.61,-0.45,0.42,-0.01,-1.06,-1.41,-2.23,-2.75
-0.44,-2.86,-3.82,-4.04,-4.20,-1.33,-0.28,-1.47,-2.49,-3.31,-4.19,-4.72,-4.96,-3.99,-4.40,-7.43,-10.26,-12.41,-13.51,-12.91,-11.43,-9.04,-5.64,-5.64,-7.72,-8.28,-8.51,-10.32,-12.33,-10.51,-7.51,-6.83,-4.76,-4.15,-1.98,1.61,0.55,-1.18,0.57,0.64,0.01,-0.70,-0.80,-4.28,-6.09,1.58,1.88,-2.59,-4.04,-1.94,0.26,1.39,1.49,1.03,0.30,-0.49,0.00,-2.02,-2.86,-1.44,-1.10,-0.37,-0.16,0.48,-0.20,-0.04,0.79,0.18,-0.13,-0.37,0.71,0.07,-0.55,1.12,-0.25,-1.70,-1.97,-1.47,-1.63,-1.83,-0.83,-0.66
0.43,1.95,2.13,2.18,2.89,2.99,0.73,-1.77,-3.39,-4.39,-4.10,-3.38,-2.95,-2.60,-4.20,-7.23,-9.88,-11.69,-12.38,-11.81,-10.47,-7.77,-6.24,-8.14,-9.40,-9.52,-10.14,-12.13,-14.74,-14.21,-11.44,-7.32,-2.52,0.91,1.30,-1.74,-3.28,-3.27,-2.96,-3.70,-2.86,-0.86,-0.41,-1.82,-1.23,-2.74,-2.74,0.73,2.66,3.91,4.18,4.23,4.36,3.98,2.96,0.85,-1.38,-2.18,-0.74,-2.26,-2.35,-0.92,-1.25,-0.79,0.87,0.11,-1.27,0.03,-0.59,-0.53,0.63,-0.14,-0.80,-0.93,-1.29,-1.69,-1.51,-1.10,0.18,0.53,-1.48,-1.80
1.82,1.36,1.43,1.39,1.40,1.53,0.94,-1.01,-2.29,-1.11,1.49,2.09,-0.71,-3.70,-5.62,-7.24,-8.82,-10.33,-10.99,-10.94,-10.15,-7.95,-7.65,-9.41,-10.01,-10.33,-11.12,-13.08,-16.27,-16.69,-12.61,-5.58,-1.82,-1.51,-2.09,-1.32,0.17,1.38,3.04,3.80,1.71,-5.37,-6.96,-1.24,-0.67,0.61,2.67,4.05,4.81,5.04,4.60,4.13,4.00,4.20,4.04,3.34,1.74,0.05,0.50,-0.17,0.24,0.52,-0.83,0.20,-0.87,-0.28,0.18,-0.01,-0.77,-0.82,-0.92,-1.61,-1.33,-0.86,-0.43,-0.48,0.17,-0.41,-0.62,-0.18,1.24,0.63
3.60,3.08,2.95,2.04,1.31,0.83,-0.08,-1.21,-1.61,-2.24,-2.88,-1.64,-0.40,-2.80,-6.27,-7.89,-8.07,-7.58,-8.29,-10.02,-10.45,-8.90,-8.42,-9.84,-10.54,-10.92,-12.01,-14.04,-17.14,-18.83,-13.92,-5.29,-2.53,-1.43,-0.97,-0.72,1.17,3.84,2.98,0.09,-1.15,-0.10,-2.17,-3.76,1.12,2.54,3.19,4.00,4.92,5.89,5.80,4.99,4.35,4.25,4.57,4.42,3.50,2.05,0.43,-0.13,0.16,-1.14,-0.78,-0.71,-2.28,-1.69,-0.63,-1.42,-1.68,-1.11,-0.76,-1.00,-1.77,-1.90,-2.09,-1.48,-0.47,-0.34,-0.77,0.68,0.25,0.78
5.34,5.26,5.73,4.97,3.21,1.52,-0.14,-1.38,-1.98,-2.63,-3.29,-4.15,-3.50,-1.95,-4.19,-7.54,-8.07,-6.79,-7.48,-9.44,-9.91,-8.85,-8.94,-10.81,-11.72,-11.88,-13.08,-15.11,-17.43,-19.68,-16.80,-7.07,-2.08,-1.27,1.47,2.82,3.25,1.58,1.76,3.00,3.22,2.30,3.30,3.84,3.41,3.86,4.33,4.67,4.72,4.39,4.27,4.65,5.20,4.37,4.04,4.19,4.02,3.30,2.11,0.84,0.16,-1.21,-1.75,-0.19,-0.75,-1.18,-1.35,-1.09,-1.03,-0.20,-1.30,-1.46,-0.60,-1.33,-1.14,-0.93,-0.36,0.50,0.46,1.02,0.42,0.41
7.44,7.34,6.13,6.66,5.52,3.79,1.72,-0.21,-1.25,-2.10,-3.34,-4.25,-5.03,-4.63,-3.37,-4.93,-6.69,-6.99,-7.43,-8.29,-8.87,-9.25,-10.15,-11.90,-13.13,-13.29,-14.13,-16.13,-17.82,-19.03,-18.36,-10.69,-3.58,-3.86,-0.47,2.55,2.88,3.28,4.71,5.80,5.95,5.13,4.38,4.40,5.07,5.78,6.01,5.99,5.71,5.44,5.92,5.22,5.43,5.85,4.96,4.22,3.80,3.58,3.40,3.04,2.35,1.62,1.06,-0.66,-2.99,-2.55,-1.34,-1.27,-0.25,0.32,0.28,-0.65,-1.39,-0.99,-1.36,-1.09,-0.75,-0.69,0.09,0.87,1.01,0.68
