public/data/weather/current/current-wind_model-surface-level-gfs-1.0.json
{"header": {"productDefinitionTemplate":0,"surface1Type":103,"scanMode":0,"genProcessType":2,"winds":"true","productStatus":0,"disciplineName":"Meteorological products","parameterUnit":"m.s-1","significanceOfRT":1,"productDefinitionTemplateName":"Analysis/forecast at horizontal level/layer at a point in time","centerName":"US National Weather Service - NCEP(WMC)","la1":90,"la2":-90,"discipline":0,"lo2":359,"subcenter":0,"surface2Value":0,"significanceOfRTName":"Start of forecast","surface1Value":10,"parameterNumberName":"U-component_of_wind","shapeName":"Earth spherical with radius of 6,371,229.0 m","surface2Type":255,"genProcessTypeName":"Forecast","surface1TypeName":"Specified height level above ground","nx":360,"ny":181,"productTypeName":"Forecast products","basicAngle":0,"gridDefinitionTemplate":0,"gridDefinitionTemplateName":"Latitude_Longitude","subDivisions":0,"parameterNumber":2,"dx":1,"dy":1,"gridUnits":"degrees","parameterCategoryName":"Momentum","parameterCategory":2,"numberPoints":65160,"center":7,"productStatusName":"Operational products","gribEdition":2,"shape":6,"forecastTime":3,"surface2TypeName":"Missing","refTime":"2014-01-31T00:00:00.000Z","productType":1,"lo1":0,"resolution":48,"gribLength":131858},"meta":{"date":"2014-01-31T03:00:00.000Z"}, "data":
[rows 144 to 179 of 181, columns 0 to 79 of 360]
-16.20,-15.10,-14.48,-15.14,-15.82,-15.80,-15.62,-15.14,-13.80,-11.30,-7.72,-4.70,-2.94,-2.76,-3.92,-4.18,-3.36,-2.46,-2.06,-2.32,-2.92,-2.96,-1.86,-0.78,0.22,1.04,3.10,5.00,2.52,-0.94,-6.06,-9.88,-11.40,-12.08,-11.74,-10.80,-9.18,-6.22,-6.48,-9.42,-13.98,-22.68,-27.56,-28.12,-25.94,-23.26,-20.92,-17.56,-15.12,-12.94,-11.70,-10.28,-9.06,-9.14,-8.72,-7.42,-6,-4.48,-3.10,-1.98,-1.14,-0.44,0.12,0.68,1.38,2.10,2.62,2.98,3.00,3.04,3.02,2.56,2.36,2.28,2.26,2.70,4.60,6.06,6.74,7.72
-17.04,-16.30,-15.52,-15.12,-14.96,-15.42,-17.44,-19.10,-16.92,-11.74,-6.76,-3.34,-1.74,-1.04,-0.46,0.06,0.50,1.48,2.22,2.32,1.66,1.14,1.50,2.68,4.68,6.80,8.96,7.76,3.74,0.34,-3.14,-8.48,-12.02,-13.28,-13.12,-12.02,-10,-8.24,-8.50,-10.74,-18.06,-26.04,-29.08,-28.84,-25.88,-23.36,-22.20,-20.08,-16.84,-14.02,-12.36,-11.60,-10.96,-9.68,-7.86,-6.02,-4.48,-3.40,-2.60,-2,-1.54,-1.02,-0.20,0.74,1.50,2.12,2.66,2.18,1.48,2.12,2.52,2.46,2.50,1.88,1.02,2.12,5.80,7.28,7.98,9.12
-16.18,-13.32,-12.86,-14.14,-15.72,-14.82,-14.76,-17.00,-15.96,-11.08,-6.56,-3.68,-1.80,-0.80,0,1.30,3.00,4.42,4.96,5.04,5.12,5.98,8.24,10.50,11.16,12.02,13.56,10.50,2.80,-0.88,-2.14,-5.68,-9.40,-10.40,-9.68,-7.66,-6.50,-7.48,-9.00,-13.28,-21.94,-27.30,-27.84,-26.80,-24.80,-22.36,-21.00,-19.72,-17.90,-16.54,-15.26,-13.22,-11.02,-9.04,-6.36,-3.74,-2.36,-1.60,-0.96,-0.34,0.30,0.88,1.46,2.12,3.10,4.12,5.52,5.96,4.56,3.68,2.86,2.40,1.84,0.62,0.40,2.96,5.90,6.80,8.30,9.68
-13.42,-12.42,-12.28,-13.90,-14.70,-13.72,-12.66,-11.86,-10.44,-8.16,-6.16,-4.62,-3.10,-1.58,0.40,2.88,5.12,6.78,7.82,8.14,9.28,10.64,11.54,12.34,13.88,17.10,20.46,15.06,2.92,-0.94,-1.38,-3.34,-5.42,-5.04,-2.88,-0.12,-1.00,-6.42,-9.98,-15.44,-22.36,-25.78,-26.42,-24.64,-21.96,-20.14,-18.88,-17.46,-16.16,-14.92,-13.50,-12.56,-11.50,-9.02,-6.16,-4.56,-3.50,-2.26,-0.98,0.04,0.64,1.62,3.34,5.02,6.24,7.22,8.24,8.96,9.20,8.82,7.98,6.32,4.56,3.16,2.96,4.78,6.26,7.48,8.50,10.70
-14.20,-13.72,-12.68,-12.18,-11.24,-10.22,-9.58,-9.12,-8.78,-8.06,-6.32,-3.90,-1.96,-0.34,1.46,3.86,5.98,7.68,8.86,8.94,9.56,11.56,13.12,14.28,16.88,20.62,22.76,13.74,-2.32,-4.06,-0.58,0.86,0.38,-1.02,-0.22,1.60,-2.62,-9.28,-13.04,-17.10,-19.96,-21.06,-21.24,-20.68,-19.64,-18.14,-16.24,-14.38,-13.18,-12.86,-13.48,-13.68,-12.28,-10.54,-8.90,-7.22,-5.66,-4.10,-2.44,-1.14,-0.20,0.94,2.72,4.58,6.28,7.64,8.74,9.36,9.50,9.16,8.60,7.68,6.50,5.34,4.04,4.10,6.32,8.68,10.44,10.62
-10.94,-12.14,-11.26,-9.84,-9.38,-9.86,-10.16,-9.34,-7.22,-4.56,-2.38,-1.04,-0.36,0.64,2.90,6.02,8.24,9.34,9.42,8.76,8.88,10.22,12.22,14.98,18.24,22.54,24.40,14.94,-2.24,-5.92,-1.74,0.06,-0.22,-2.82,-4.86,-4.50,-4.72,-5.94,-7.46,-9.88,-12.88,-15.16,-16.62,-17.10,-16.28,-14.62,-13.10,-12.46,-12.76,-13.90,-14.82,-14.30,-12.88,-11.44,-9.84,-7.96,-5.74,-3.58,-1.86,-0.56,0.44,1.84,3.66,5.24,6.14,6.96,8.04,8.72,8.86,9.08,9.44,8.70,6.30,2.76,1.98,4.26,6.66,9.48,9.90,8.34
-12.42,-12.40,-11.56,-10.80,-9.94,-8.76,-7.38,-6.18,-5.14,-3.90,-2.12,-0.08,1.94,4.28,6.96,9.10,10.36,10.62,9.52,7.94,7.96,9.78,11.54,13.84,16.42,20.92,24.68,20.78,9.76,0.94,-1.60,-3.14,-5.48,-7.70,-8.28,-7.64,-6.84,-6.74,-7.66,-9.56,-11.88,-13.76,-14.78,-14.76,-14.16,-13.68,-13.46,-13.78,-14.32,-14.38,-14.06,-13.14,-11.58,-9.66,-7.34,-5.04,-3.16,-1.74,-0.64,0.34,1.44,2.82,4.42,5.66,6.30,6.76,7.92,8.58,8.26,8.28,9.70,11.30,11.64,8.84,5.88,5.78,7.22,9.48,8.14,2.86
-9.98,-9.60,-8.70,-8.08,-8.30,-8.92,-9.02,-8.06,-6.42,-3.98,-1.16,1.30,4.30,8.04,10.64,10.98,11.20,12.78,10.18,4.06,3.12,7.56,9.80,10.46,12.08,14.94,17.98,18.42,15.40,11.34,7.40,3.78,0.64,-1.30,-1.72,-1.38,-1.28,-1.96,-3.54,-5.82,-8.54,-10.74,-11.84,-12.12,-11.96,-11.98,-12.58,-13.26,-13.76,-13.82,-13.18,-11.94,-10.30,-8.38,-6.36,-4.28,-2.52,-1.04,0.30,1.62,3.06,4.02,4.64,5.14,5.52,5.86,7.18,8.24,7.38,6.40,6.68,7.44,8.42,8.54,8.12,6.32,5.68,7.60,2.80,-4.16
-8.94,-6.78,-3.52,-0.42,0.28,-2.32,-6.86,-9.36,-6.82,-2.88,-0.70,2.14,6.94,11.54,13.52,12.20,10.70,13.88,16.82,8.94,-1.22,0.70,6.26,6.92,7.12,8.84,9.90,9.78,8.22,5.70,3.50,2.02,0.78,-0.28,-1.12,-1.66,-2.02,-2.74,-3.98,-5.78,-7.72,-9.24,-10,-10.26,-10.32,-10.36,-10.42,-10.50,-10.52,-10.48,-10.36,-9.90,-9.30,-8.60,-7.04,-4.68,-2.54,-1.06,0.16,1.44,3.12,3.76,3.88,4.30,4.42,4.80,5.96,5.88,5.16,4.80,4.60,4.52,4.28,4.02,5.00,5.46,5.56,5.72,-2.40,-9.82
-8.42,-6.78,-4.76,-2.50,0.06,2.56,2.42,-2.18,-6.46,-5.42,-0.94,3.92,8.54,12.36,14.46,14.02,12.02,12.36,16.06,15.54,6.80,0.34,1.86,3.98,4.74,6.32,6.46,4.48,2.94,2.30,1.08,-1.14,-3.46,-4.82,-4.96,-4.34,-3.62,-3.28,-3.26,-3.76,-4.96,-6.50,-7.70,-8.42,-8.74,-8.72,-8.50,-8.18,-8.02,-8.14,-8.12,-7.80,-7.76,-7.50,-5.94,-3.68,-1.78,-0.44,0.78,1.28,2.34,4.04,5.90,8.54,9.52,8.88,7.44,5.96,4.66,3.58,2.74,1.82,0.26,-1.18,-0.42,0.72,2.44,3.96,-3.94,-12.22
-10.62,-7.56,-4.74,-2.48,-0.70,0.12,-0.18,-1.20,-1.96,-1.26,1.52,5.60,9.60,12.28,13.38,12.90,11.42,12.02,16.16,17.26,9.26,0.72,1.12,5.00,5.32,3.68,2.16,0.12,-1.78,-2.40,-1.74,-0.50,0.30,0.14,-1.08,-3.12,-5.22,-6.78,-7.40,-6.90,-5.76,-4.68,-3.86,-3.14,-2.30,-1.72,-1.62,-1.28,-1.08,-2.56,-4.86,-5.46,-4.14,-2.64,-1.54,-0.34,0.86,1.70,2.88,5.12,8.68,12.16,13.20,12.48,11.24,9.74,8.12,6.50,4.90,3.26,1.48,-0.36,-2.34,-3.78,-3.58,-3.00,-1.72,1.52,-0.98,-8.96
-9.76,-6.98,-5.02,-3.42,-1.42,0.34,0.70,0.06,0.26,2.24,5.52,8.70,10.74,11.40,11.54,11.00,8.90,7.58,10.46,14.30,12.30,7.84,8.54,11.40,10.94,6.36,0.06,-4.16,-5.06,-4.36,-4.28,-5.56,-6.40,-5.26,-3.36,-2.20,-2,-2.58,-3.46,-3.82,-3.20,-1.84,-0.20,1.14,1.94,2.16,1.86,1.56,1.60,1.78,2.34,3.10,2.86,2.60,3.92,5.88,5.24,6.56,8.80,8.34,7.46,7.76,9.02,10.36,11.24,11.50,11.40,10.96,9.90,7.78,4.36,-0.30,-5.14,-7.72,-7.40,-6.72,-5.82,-2.60,-1.26,-4.68
-3.20,-3.50,-3.02,-1.88,-0.36,1.22,2.58,3.66,4.52,5.36,6.24,7.16,8.02,8.84,9.78,9.94,7.44,3.60,3.44,7.08,9.04,7.60,8.50,12.78,12.34,3.28,-4.62,-5.62,-4.48,-3.66,-2.82,-3.22,-3.92,-3.74,-3.20,-2.56,-1.90,-1.28,-0.56,0.36,1.32,2.10,2.42,2.18,1.88,2.08,2.90,4.54,6.76,8.34,9.30,9.00,8.78,10.60,10.56,4.42,-1.02,0.02,2.46,3.58,4.28,4.60,5.24,6.68,8.44,9.50,10.40,12.54,14.16,13.82,10.96,5.52,-1.30,-6.96,-10,-9.90,-7.02,-5.04,-6.02,-7.84
-2.56,-1.92,-0.72,0.60,1.70,2.60,3.20,3.44,3.50,3.76,4.46,5.46,6.48,7.58,8.60,8.42,6,2.64,1.82,4.14,5.32,3.90,5.14,9.56,6.82,-4.14,-9.58,-6.38,-4.18,-4.22,-4.02,-3.80,-3.52,-2.70,-1.66,-0.78,-0.50,-0.70,-0.86,-0.32,0.98,2.60,3.84,4.56,4.32,3.64,2.98,4.26,5.92,5.12,2.18,-1.82,-2.38,-1.36,0.50,6.16,10.64,8.34,4.98,4.90,5.08,3.88,3.98,4.86,4.72,4.48,4.58,5.54,9.58,15.38,17.52,11.90,1.30,-5.82,-7.58,-8.54,-9.40,-9.14,-7.96,-6.06
5.08,5.12,5.14,4.66,3.50,1.74,-0.16,-1.26,-0.76,0.70,2.12,3.08,3.86,4.80,5.60,6.08,5.84,4.90,3.48,2.74,1.88,-0.40,-3.28,-3.80,-2.74,-3.14,-3.98,-3.46,-2.48,-1.64,-1.30,-1.60,-1.86,-1.40,-0.84,-0.28,0.38,1.14,1.40,0.14,-1.20,-0.28,1.80,4.22,7.26,9.44,10.62,14.56,15.56,10.64,7.54,7.80,7.62,8.94,13.28,15.84,11.54,7.30,10.86,16,16.60,14.70,15.10,16.72,17.04,16.76,16.02,16.28,20.04,26.42,29.16,20.36,2.52,-6.92,-6.70,-6.92,-7.26,-6.22,-5.24,-3.48
1.82,2.42,3.04,3.16,2.54,1.30,0.02,-0.60,-0.22,0.80,1.92,3.08,4.32,5.32,6.76,8.26,9.62,9.48,6.18,0.96,-2.90,-5.86,-8.46,-9.64,-7.82,-4.62,-2.52,-1.56,-0.28,1.44,1.74,-0.24,-1.54,-0.42,1.64,3.08,3.96,3.18,0.36,-2.34,-2.24,-0.64,0.66,1.56,4.14,8.94,12.94,15.94,19.36,19.22,14.66,8.50,3.46,3.50,8.08,10.98,9.94,9.34,10.96,12.88,13.30,12.30,11.74,12.56,14.20,15.52,16.10,15.64,13.84,14.88,18.24,12.72,1.88,-1.02,0.48,-1.32,-2.94,-1.08,0.86,0.40
0.92,1.70,2.48,2.92,2.52,2.14,1.20,0.72,0.38,0.64,1.76,3.02,4,4.34,4.34,4.50,5.88,8.30,10.58,11.38,10.60,9.06,7.96,7.46,7.20,6.62,5.18,2.56,1.10,1.04,1.60,1.10,-0.68,-0.88,2.08,5.78,8.48,8.70,4.60,-1.16,-5.74,-6.08,-4.36,-2.20,0.74,3.96,6.98,9.70,12.26,13.76,12.86,10.02,6.66,4.38,4,4.98,6.40,8.04,9.88,11.48,12.50,12.86,13.26,13.62,13.12,12.42,10.48,6.94,6.22,9.88,13.18,11.10,4,-0.62,0.78,3.44,3.50,2.12,1.52,2.06
0.94,1.12,1.32,2.42,4.36,6.32,8.12,8.12,5.64,3.80,4.64,7.54,10.24,11.82,12.50,11.26,9.32,9.54,12.04,13.66,12,8.04,5.62,6.76,10.22,12.52,11.14,6.72,1.78,-1.10,-0.96,0.86,1.68,0.92,-0.16,0.04,2.20,5.08,6.14,3.52,-0.46,-3.20,-3.28,-1.74,0.06,1.80,3.24,4.58,5.84,6.56,6.64,6.48,6.34,6.24,6.28,6.72,7.44,8.22,8.78,8.90,8.46,7.86,7.68,8.50,10.12,11.94,12.78,11.24,9.06,8.64,8.26,5.10,-0.58,-7.16,-9.76,-9.20,-7.12,-4.12,-1.34,0.28
0.64,2.22,4.66,5.38,5.50,7.86,12.12,14.52,14.10,12.76,10.26,7.98,8.86,12.60,15.88,16.28,15.02,14.72,14.90,14.42,13.84,11.60,7.04,3.82,5.80,12.72,19.02,21.30,19.58,14.16,8.20,6.04,6.90,7.06,5.24,3.40,3.92,6.10,7.60,7.34,6.36,5.72,5.50,5.36,5.06,4.52,3.84,3.40,3.46,3.94,4.74,5.74,6.88,7.82,8.36,8.68,9.02,9.52,10.04,10.20,9.86,9.28,8.84,8.80,9.30,10.08,10.56,9.94,7.88,4.32,0.12,-3.44,-7.46,-10.42,-11.74,-11.34,-9.82,-7.86,-5.70,-3.74
4.56,-1.02,-3.60,-4.12,-4.76,-4.98,-2.98,0.78,4.10,5.76,5.90,5.64,5.84,7.46,10.36,12.94,13.74,13.54,14.20,15.50,16.30,16.24,14.68,11.42,8.84,9.50,13.52,18.30,20.38,18.84,14.56,10.66,8.90,8.08,6.64,4.78,3.86,4.66,6,6.90,7.24,7.36,7.44,7.52,7.56,7.54,7.48,7.42,7.48,7.72,8.06,8.48,8.88,9.14,9.22,9.24,9.38,9.48,9.50,10,10.98,11.42,10.80,10.10,9.78,9.14,7.16,3.92,0.94,-1.42,-2.52,-4.22,-7.02,-8.46,-8.80,-9.12,-9.24,-8.56,-7.54,-6.60
4.80,1.84,-1.30,-3.16,-4.02,-4.28,-4.18,-3.76,-3.04,-2.08,-1.00,0.06,1.12,2.36,3.92,5.56,6.94,7.92,8.64,9.20,9.60,10,10.40,10.76,11.00,11.28,12.06,13.52,14.92,15.40,14.58,12.68,10.72,9.32,8.30,7.30,6.46,6.16,6.52,7.26,8.10,8.78,9.18,9.44,9.68,9.98,10.28,10.52,10.72,10.90,11.08,11.20,11.24,11.20,11.12,11.00,10.72,10.22,9.86,10,10.26,10.14,9.66,9.28,9.32,9.48,8.66,6.28,2.56,-1.12,-3.78,-5.52,-6.74,-7.52,-7.82,-8.14,-8.52,-8.48,-7.84,-7.16
-6.80,-6.56,-6.64,-6.88,-7.12,-7.34,-7.52,-7.58,-7.44,-7.04,-6.42,-5.58,-4.64,-3.60,-2.44,-1.12,0.32,1.72,3.00,4,4.80,5.44,6.06,6.84,7.76,8.72,9.54,10.26,10.92,11.48,11.86,11.84,11.40,10.74,10.04,9.40,8.94,8.78,8.92,9.24,9.62,9.94,10.26,10.62,10.96,11.22,11.46,11.62,11.72,11.82,12,12.28,12.60,13.00,13.32,13.40,12.70,11.12,9.10,7.24,6.02,5.28,4.84,4.64,4.58,4.56,4.50,4.30,3.84,2.90,1.44,-0.44,-2.40,-4.40,-6.28,-7.72,-8.38,-8.40,-8,-7.48
-11.38,-11.52,-11.60,-11.68,-11.74,-11.74,-11.66,-11.46,-11.20,-10.80,-10.28,-9.62,-8.84,-7.92,-6.90,-5.80,-4.68,-3.56,-2.50,-1.50,-0.58,0.28,1.06,1.78,2.50,3.34,4.28,5.26,6.16,6.98,7.66,8.28,8.76,9.12,9.36,9.56,9.74,9.96,10.24,10.60,10.98,11.32,11.58,11.76,11.88,11.92,11.92,11.92,11.96,11.98,11.90,11.72,11.46,11.00,10.14,8.78,6.90,4.94,3.36,2.46,2.12,2.10,2.14,2.20,2.40,2.76,3.14,3.24,2.86,2.02,0.80,-0.62,-2,-3.28,-4.52,-5.80,-7.06,-8.10,-8.56,-8.42
-11.76,-12.30,-12.82,-13.24,-13.58,-13.84,-13.98,-13.98,-13.86,-13.60,-13.22,-12.66,-11.94,-11.06,-10.10,-9.14,-8.12,-7.04,-5.86,-4.72,-3.66,-2.72,-1.94,-1.32,-0.80,-0.34,0.20,0.88,1.74,2.74,3.78,4.84,5.88,6.92,7.90,8.80,9.62,10.38,11.06,11.60,12.04,12.28,12.38,12.38,12.32,12.18,12,11.72,11.38,10.94,10.30,9.28,7.88,6.36,4.86,3.60,2.54,1.56,0.64,-0.16,-0.72,-1.08,-1.26,-1.34,-1.18,-0.68,0.20,1.26,2.34,3.20,3.66,3.50,2.68,1.26,-0.42,-2.16,-3.78,-5.14,-6.20,-7.00
-10.76,-11.40,-11.92,-12.40,-12.82,-13.16,-13.46,-13.72,-13.94,-14.06,-13.98,-13.78,-13.42,-12.96,-12.40,-11.72,-10.94,-10.06,-9.08,-8.04,-6.94,-5.84,-4.70,-3.64,-2.74,-1.98,-1.28,-0.62,0.04,0.78,1.54,2.38,3.24,4.12,5.00,5.90,6.78,7.62,8.42,9.20,9.92,10.58,11.04,11.26,11.26,11.16,11.00,10.72,10.26,9.48,8.34,6.92,5.40,3.98,2.84,1.98,1.20,0.36,-0.58,-1.52,-2.26,-2.64,-2.66,-2.42,-2.08,-1.78,-1.50,-1.22,-0.88,-0.44,0.10,0.70,1.28,1.70,1.84,1.58,0.94,-0.06,-1.30,-2.70
-9.22,-9.94,-10.56,-11.06,-11.56,-11.96,-12.34,-12.64,-12.88,-13.04,-13.18,-13.28,-13.26,-13.12,-12.84,-12.48,-12.10,-11.62,-11.02,-10.30,-9.46,-8.56,-7.62,-6.72,-5.84,-5.00,-4.22,-3.46,-2.70,-1.94,-1.12,-0.28,0.60,1.52,2.50,3.50,4.54,5.54,6.48,7.30,7.96,8.50,8.86,9.08,9.16,9.14,9.04,8.80,8.42,7.78,6.90,5.80,4.52,3.22,1.96,0.88,-0.12,-1.06,-1.98,-2.94,-3.80,-4.52,-5.04,-5.42,-5.70,-5.90,-5.96,-5.90,-5.72,-5.48,-5.24,-5.00,-4.72,-4.38,-4.02,-3.72,-3.42,-3.12,-2.92,-3.00
-7.60,-8.12,-8.64,-9.18,-9.76,-10.32,-10.84,-11.32,-11.76,-12.04,-12.24,-12.32,-12.38,-12.42,-12.44,-12.40,-12.26,-12.06,-11.76,-11.36,-10.90,-10.34,-9.74,-9.12,-8.48,-7.82,-7.14,-6.46,-5.82,-5.26,-4.72,-4.20,-3.60,-2.84,-1.94,-0.88,0.22,1.28,2.26,3.16,3.88,4.48,4.90,5.22,5.42,5.50,5.48,5.32,4.96,4.40,3.66,2.76,1.86,0.92,0.02,-0.82,-1.60,-2.36,-3.04,-3.68,-4.24,-4.72,-5.18,-5.60,-6.04,-6.42,-6.74,-6.94,-7.06,-7.10,-7.06,-7.02,-6.94,-6.88,-6.86,-6.92,-7.04,-7.18,-7.22,-7.14
-7.60,-7.84,-8.02,-8.14,-8.24,-8.32,-8.40,-8.56,-8.80,-9.12,-9.44,-9.78,-10.14,-10.50,-10.84,-11.12,-11.34,-11.48,-11.54,-11.52,-11.44,-11.28,-11.04,-10.70,-10.28,-9.82,-9.36,-8.94,-8.58,-8.28,-8.04,-7.82,-7.60,-7.32,-6.92,-6.36,-5.54,-4.46,-3.38,-2.36,-1.48,-0.80,-0.26,0.16,0.48,0.76,0.94,0.98,0.88,0.56,0.02,-0.70,-1.52,-2.36,-3.18,-3.94,-4.60,-5.12,-5.56,-5.94,-6.28,-6.62,-6.92,-7.16,-7.36,-7.50,-7.62,-7.72,-7.80,-7.86,-7.90,-7.92,-7.92,-7.86,-7.76,-7.58,-7.32,-6.98,-6.56,-6.16
-3.82,-4.12,-4.32,-4.46,-4.52,-4.54,-4.56,-4.54,-4.56,-4.60,-4.68,-4.84,-5.08,-5.36,-5.72,-6.10,-6.52,-7.00,-7.52,-8.08,-8.64,-9.16,-9.60,-9.92,-10.04,-9.96,-9.72,-9.42,-9.16,-9.04,-9.06,-9.26,-9.52,-9.74,-9.88,-9.84,-9.54,-9.02,-8.30,-7.44,-6.48,-5.54,-4.70,-4,-3.46,-3.02,-2.64,-2.28,-1.94,-1.66,-1.50,-1.54,-1.80,-2.24,-2.86,-3.64,-4.46,-5.22,-5.94,-6.50,-6.94,-7.26,-7.52,-7.72,-7.86,-7.98,-8.06,-8.10,-8.08,-8.02,-7.88,-7.66,-7.36,-6.94,-6.44,-5.90,-5.32,-4.80,-4.32,-3.92
-3.26,-3.12,-3.02,-2.92,-2.86,-2.82,-2.80,-2.84,-2.92,-3.06,-3.28,-3.56,-3.92,-4.34,-4.84,-5.36,-5.90,-6.50,-7.04,-7.56,-8.02,-8.42,-8.76,-9.06,-9.30,-9.46,-9.60,-9.72,-9.84,-9.96,-10.08,-10.20,-10.32,-10.44,-10.50,-10.46,-10.32,-10.02,-9.54,-8.98,-8.36,-7.70,-7.08,-6.52,-6.04,-5.66,-5.32,-5.02,-4.74,-4.40,-4.08,-3.74,-3.48,-3.28,-3.22,-3.30,-3.48,-3.78,-4.20,-4.62,-5.06,-5.42,-5.72,-5.92,-6.02,-6.02,-5.96,-5.84,-5.70,-5.52,-5.30,-5.06,-4.78,-4.50,-4.16,-3.82,-3.46,-3.12,-2.78,-2.46
-0.90,-0.72,-0.64,-0.66,-0.80,-1.00,-1.34,-1.72,-2.16,-2.66,-3.18,-3.72,-4.24,-4.76,-5.26,-5.74,-6.18,-6.60,-7.00,-7.36,-7.70,-8.04,-8.34,-8.64,-8.88,-9.10,-9.32,-9.52,-9.72,-9.90,-10.06,-10.20,-10.30,-10.34,-10.32,-10.26,-10.18,-9.98,-9.74,-9.42,-9.02,-8.56,-8.04,-7.54,-7.04,-6.62,-6.24,-5.94,-5.68,-5.48,-5.30,-5.12,-4.96,-4.80,-4.64,-4.46,-4.32,-4.20,-4.12,-4.06,-4.02,-4.02,-4.04,-4.06,-4.10,-4.12,-4.10,-4.08,-4.02,-3.92,-3.80,-3.66,-3.48,-3.30,-3.10,-2.90,-2.72,-2.52,-2.32,-2.12
-1.86,-2,-2.18,-2.42,-2.68,-3.00,-3.32,-3.64,-3.96,-4.24,-4.50,-4.72,-4.92,-5.10,-5.26,-5.44,-5.60,-5.78,-6,-6.22,-6.48,-6.76,-7.04,-7.36,-7.70,-8.02,-8.34,-8.66,-8.96,-9.20,-9.42,-9.54,-9.66,-9.74,-9.76,-9.76,-9.68,-9.58,-9.42,-9.22,-8.96,-8.70,-8.36,-8.04,-7.68,-7.32,-6.94,-6.58,-6.26,-5.92,-5.64,-5.38,-5.18,-4.98,-4.84,-4.72,-4.60,-4.52,-4.44,-4.36,-4.30,-4.22,-4.14,-4.04,-3.96,-3.84,-3.72,-3.58,-3.46,-3.32,-3.20,-3.04,-2.92,-2.78,-2.64,-2.50,-2.36,-2.24,-2.08,-1.94
-3.58,-3.84,-4.10,-4.36,-4.64,-4.92,-5.16,-5.40,-5.60,-5.78,-5.92,-6.04,-6.16,-6.24,-6.32,-6.42,-6.50,-6.60,-6.72,-6.84,-6.98,-7.12,-7.30,-7.50,-7.70,-7.92,-8.16,-8.38,-8.62,-8.80,-8.98,-9.12,-9.24,-9.32,-9.32,-9.34,-9.24,-9.14,-8.96,-8.76,-8.54,-8.26,-7.96,-7.68,-7.38,-7.10,-6.82,-6.56,-6.32,-6.10,-5.90,-5.72,-5.54,-5.40,-5.24,-5.12,-4.98,-4.86,-4.74,-4.64,-4.52,-4.40,-4.28,-4.16,-4.02,-3.90,-3.74,-3.58,-3.42,-3.26,-3.08,-2.88,-2.70,-2.50,-2.30,-2.12,-1.94,-1.76,-1.62,-1.48
-4.86,-5.06,-5.28,-5.48,-5.66,-5.88,-6.08,-6.26,-6.42,-6.60,-6.74,-6.88,-7.00,-7.12,-7.24,-7.34,-7.42,-7.52,-7.62,-7.70,-7.78,-7.86,-7.94,-8,-8.08,-8.16,-8.24,-8.30,-8.36,-8.42,-8.46,-8.52,-8.56,-8.58,-8.54,-8.50,-8.46,-8.38,-8.30,-8.22,-8.08,-7.94,-7.80,-7.62,-7.44,-7.26,-7.04,-6.82,-6.62,-6.40,-6.20,-5.98,-5.80,-5.60,-5.42,-5.26,-5.10,-4.94,-4.80,-4.66,-4.54,-4.40,-4.28,-4.16,-4.04,-3.92,-3.80,-3.68,-3.58,-3.46,-3.34,-3.20,-3.08,-2.96,-2.84,-2.70,-2.56,-2.44,-2.30,-2.18
-4.52,-4.64,-4.78,-4.90,-5.02,-5.16,-5.28,-5.42,-5.54,-5.66,-5.76,-5.88,-6,-6.12,-6.22,-6.32,-6.44,-6.54,-6.62,-6.70,-6.78,-6.88,-6.98,-7.06,-7.16,-7.26,-7.36,-7.46,-7.58,-7.70,-7.80,-7.90,-8.02,-8.10,-8.20,-8.28,-8.34,-8.42,-8.46,-8.50,-8.50,-8.50,-8.48,-8.46,-8.38,-8.28,-8.20,-8.10,-7.98,-7.84,-7.70,-7.56,-7.42,-7.26,-7.10,-6.92,-6.78,-6.64,-6.48,-6.34,-6.20,-6.08,-5.96,-5.84,-5.72,-5.60,-5.50,-5.42,-5.30,-5.20,-5.12,-5.02,-4.92,-4.82,-4.72,-4.62,-4.56,-4.46,-4.36,-4.26
-4.36,-4.52,-4.66,-4.80,-4.96,-5.12,-5.26,-5.42,-5.56,-5.70,-5.82,-5.96,-6.10,-6.22,-6.34,-6.48,-6.60,-6.72,-6.84,-6.96,-7.08,-7.20,-7.30,-7.42,-7.52,-7.62,-7.72,-7.82,-7.92,-8.02,-8.12,-8.20,-8.28,-8.34,-8.42,-8.48,-8.56,-8.64,-8.70,-8.74,-8.78,-8.80,-8.84,-8.88,-8.92,-8.96,-8.94,-8.92,-8.92,-8.90,-8.90,-8.88,-8.86,-8.82,-8.76,-8.68,-8.62,-8.56,-8.50,-8.44,-8.36,-8.26,-8.14,-8.02,-7.92,-7.80,-7.70,-7.58,-7.44,-7.30,-7.16,-7.02,-6.88,-6.74,-6.62,-6.46,-6.32,-6.18,-6.04,-5.90
