public/data/weather/current/current-wind_difference-surface-level-gfs-1.0.json
{"header": {"discipline":0,"disciplineName":"Meteorological products","gribEdition":2,"gribLength":130681,"center":7,"centerName":"US National Weather Service - NCEP(WMC)","subcenter":0,"refTime":"2014-11-13T18:00:00.000Z","significanceOfRT":1,"significanceOfRTName":"Start of forecast","productStatus":0,"productStatusName":"Operational products","productType":1,"productTypeName":"Forecast products","productDefinitionTemplate":0,"productDefinitionTemplateName":"Analysis/forecast at horizontal level/layer at a point in time","parameterCategory":2,"parameterCategoryName":"Momentum","parameterNumber":3,"parameterNumberName":"V-component_of_wind","parameterUnit":"m.s-1","genProcessType":2,"genProcessTypeName":"Forecast","forecastTime":0,"surface1Type":103,"surface1TypeName":"Specified height level above ground","surface1Value":10.0,"surface2Type":255,"surface2TypeName":"Missing","surface2Value":0.0,"gridDefinitionTemplate":0,"gridDefinitionTemplateName":"Latitude_Longitude","numberPoints":65160,"shape":6,"shapeName":"Earth spherical with radius of 6,371,229.0 m","gridUnits":"degrees","resolution":48,"winds":"true","scanMode":0,"nx":360,"ny":181,"basicAngle":0,"subDivisions":0,"lo1":0.0,"la1":90.0,"lo2":359.0,"la2":-90.0,"dx":1.0,"dy":1.0}, "data":
[rows 36 to 71 of 181, columns 83 to 165 of 360]
5.37,4.73,4.54,5.04,3.72,2.41,2.91,2.44,2.04,1.55,0.63,0.66,1.34,2.88,3.48,3.06,2.64,2.05,1.77,2.05,1.63,1.31,1.15,0.55,0.22,-1.23,-0.08,0.59,0.18,-1.32,-0.56,0.44,0.92,0.32,0.5,-0.15,-0.77,-0.98,-1.4,-1.3,-0.8,-1.58,-2.74,-4.13,-4.41,-4.72,-4.03,-2.39,-1.54,-0.51,-0.18,-0.7,-1.59,-3.83,-5.83,-18.26,-7.69,-7.09,-9.6,-6.43,-5.99,-7.7,-8.58,-9.19,-9.41,-9.43,-8.23,-3.15,3.68,8.47,11.31,13.93,14.92,7.09,1.42,-0.58,1.32,0.1,2.66,6.14,8.24,9.45,9.69
4.81,3.55,3.14,2.66,2.53,2.17,1.31,1.28,2.8,2.77,3.11,2.57,1.19,0.49,0.59,1.33,2.09,2.0,2.02,0.69,0.78,0.63,-0.04,-0.65,-0.64,2.68,1.43,-0.78,-0.34,0.87,0.31,0.17,-0.55,-0.85,-0.98,0.09,0.39,0.08,0.75,0.42,0.58,-0.11,-1.61,-3.49,-3.05,-2.48,-2.61,-1.87,-1.28,-1.79,-1.55,-1.1,-0.79,-3.21,-3.52,-3.76,-2.51,-0.06,-0.29,-1.8,-2.45,-5.81,-7.09,-7.83,-7.21,-3.97,2.69,8.69,11.53,13.11,13.35,12.52,12.12,6.85,-0.34,-1.27,-1.71,5.95,9.41,9.76,9.58,9.88,10.55
4.28,2.42,1.89,1.91,1.99,2.71,3.34,2.5,1.23,0.6,0.71,0.35,1.13,1.7,2.13,1.29,0.25,1.33,0.97,-0.03,0.94,-0.04,-0.95,1.45,1.89,0.65,0.55,1.08,1.4,0.26,-0.14,-0.29,-0.2,0.45,0.67,0.2,-0.02,0.05,0.14,-0.04,-0.41,-0.48,-1.49,-3.29,-3.69,-3.65,-3.3,-3.0,-1.28,-1.38,-2.83,-1.43,-0.19,-0.89,-3.26,-1.49,-1.46,-0.85,-0.95,-1.35,-1.18,-3.02,-4.62,-5.18,-3.77,0.92,7.54,11.23,11.17,11.02,11.77,11.84,11.73,9.53,1.58,-0.03,6.98,9.73,10.02,12.05,13.97,13.51,13.05
4.08,2.38,2.79,3.11,2.39,2.04,2.02,1.87,1.86,1.0,0.9,1.27,1.89,1.44,-0.03,0.36,0.79,0.71,0.59,0.55,0.42,0.81,0.93,1.14,2.38,1.49,1.65,1.5,1.22,1.16,0.19,-0.77,-1.14,-0.31,-0.56,-1.04,-0.78,-0.47,-1.15,-1.11,-1.14,-1.26,-1.77,-3.04,-3.34,-3.39,-3.08,-3.01,-1.92,-1.11,-1.61,-1.62,0.72,-0.8,-3.47,-0.78,-0.41,-2.12,-9.27,-6.33,0.0,-1.12,-1.83,-2.6,-3.22,0.11,7.07,9.61,7.83,11.72,15.56,15.18,12.44,7.42,5.42,6.71,7.33,6.22,7.02,10.05,13.14,15.43,16.65
1.39,1.98,2.89,2.98,2.88,2.33,1.6,-0.72,0.94,1.15,1.69,0.6,-0.24,0.37,1.03,0.66,0.21,0.07,0.87,0.83,0.44,0.44,0.68,1.84,1.96,1.57,1.64,1.35,0.58,-1.14,0.13,-0.52,-2.11,-2.05,-2.01,-1.29,-0.14,-0.49,-0.92,-0.88,-0.79,-1.37,-2.33,-2.84,-2.83,-3.38,-3.4,-2.84,-1.11,-0.21,-1.16,-1.58,-1.7,0.43,0.23,-0.06,0.19,-0.56,-5.96,-5.94,-1.44,1.01,3.54,3.76,4.6,6.82,9.7,10.9,11.47,12.47,12.55,11.52,9.8,8.37,9.19,8.95,8.39,6.79,6.1,6.74,10.47,14.21,15.21
-0.05,2.77,1.86,0.93,1.67,0.92,0.79,1.41,-0.77,-0.66,0.43,-0.3,0.3,1.77,0.98,1.12,1.02,0.95,1.19,0.67,0.74,0.2,0.99,2.12,1.62,0.86,0.27,-1.25,-0.56,0.64,0.01,-0.02,-0.8,-2.03,-3.67,-2.22,-0.77,-0.33,-0.43,-1.77,-1.19,-1.62,-2.48,-2.74,-2.17,-2.52,-3.2,-2.64,-3.22,-3.21,-1.76,0.14,1.93,4.09,3.71,-0.06,-1.11,-2.11,-3.99,-2.12,-0.04,0.7,3.61,5.81,6.52,7.57,9.2,10.41,10.91,10.68,9.8,8.17,7.17,8.51,10.4,10.07,8.95,7.11,5.29,4.77,7.09,11.98,14.69
-0.53,-3.44,-1.97,-0.13,-0.27,-0.46,1.26,1.37,1.8,-0.86,-0.48,-0.13,1.26,0.84,2.07,2.56,1.67,0.81,-0.12,0.0,-0.02,0.26,1.27,0.56,-0.55,-1.93,-0.8,-0.18,-0.59,-0.31,0.98,0.9,-0.18,-1.28,-1.75,-1.15,-0.93,-0.22,-2.31,-1.05,-2.19,-2.39,-2.29,-2.41,-2.48,-2.01,-1.32,-3.11,-4.0,-2.08,-0.98,1.27,2.7,4.52,1.24,-0.58,-1.18,-6.63,-7.0,-3.81,-2.26,2.38,6.18,6.51,7.16,8.99,10.6,10.65,10.36,9.98,8.85,6.7,4.8,6.39,9.94,10.96,9.26,6.56,4.32,3.8,5.3,10.12,13.88
1.14,3.49,-0.42,-0.34,-1.55,-1.12,-0.64,0.27,1.79,2.37,1.69,0.38,1.65,1.42,1.16,0.71,0.98,1.75,1.66,0.83,1.31,0.9,0.26,-0.94,-2.31,-1.57,-0.21,0.43,0.16,0.43,0.89,0.77,-0.11,-0.61,-0.47,-0.72,-1.32,-2.44,-1.33,-0.88,-1.65,-1.62,-1.7,-1.62,-1.48,-1.02,-0.1,-0.61,-0.23,-1.15,-0.71,-0.46,2.06,1.44,-0.46,-0.73,-5.47,-6.16,-4.53,-0.87,3.24,6.81,5.98,5.59,7.35,9.56,10.93,11.29,10.23,9.53,8.91,6.76,4.8,5.81,8.18,9.48,8.13,5.65,3.94,3.7,4.1,8.74,12.49
1.36,-2.53,-5.03,-1.59,-0.39,-0.52,-0.32,-0.08,1.03,-0.33,-0.44,1.83,2.44,2.06,1.18,0.27,0.24,-0.13,-0.56,0.19,1.77,1.08,-0.63,-1.69,-2.44,-1.66,-0.04,-0.14,-0.67,0.33,1.28,0.98,0.71,-0.21,-0.89,-1.74,-2.22,-1.5,-0.67,-0.95,-1.13,-1.02,-1.01,-1.29,-0.84,-1.11,1.2,0.85,-0.94,-1.1,-1.21,0.74,0.06,-0.63,-1.23,-3.64,-1.1,-0.13,-0.24,1.24,3.1,3.85,4.83,6.84,8.65,10.04,10.45,7.45,8.63,8.35,7.65,6.59,5.43,5.38,6.78,7.02,5.59,4.13,3.07,2.57,3.8,7.15,10.53
-4.11,-2.49,-2.29,-0.79,0.69,1.44,-0.16,-1.01,-0.16,-0.09,-1.99,-2.56,1.37,0.72,0.79,0.61,1.17,1.11,1.61,1.59,0.15,-0.04,-0.17,-1.35,-2.18,-1.02,-1.32,-1.1,-0.13,0.58,1.0,-0.32,-1.85,-1.09,-0.94,-0.71,-1.77,-2.04,-1.01,-1.47,-2.03,-1.99,-1.69,-1.63,-1.24,0.13,-2.16,0.66,-0.14,-3.33,-3.17,-1.05,-2.6,-3.06,-3.9,-1.33,-0.66,0.09,1.65,1.48,1.82,2.84,5.31,7.02,7.97,6.48,8.32,7.98,7.84,7.1,5.96,4.98,3.81,3.83,4.94,5.41,5.08,4.83,4.1,3.49,3.76,5.52,10.92
3.48,5.47,3.1,-0.74,2.21,1.03,-0.24,4.57,0.85,-0.4,1.89,-0.86,-1.2,1.77,0.96,0.22,-1.34,-0.32,0.88,1.01,2.01,1.06,0.11,-0.62,-2.05,-2.79,-1.24,0.57,0.1,0.02,0.16,-0.18,-0.77,-0.66,-0.87,-2.08,-1.43,-1.28,-2.81,-3.15,-3.31,-3.32,-2.89,-1.97,-1.21,-1.64,0.03,-1.94,-1.81,-1.18,-0.29,-1.61,-1.99,-4.5,-5.46,-3.52,-1.71,0.02,2.25,2.93,2.69,2.31,3.67,6.14,7.45,7.58,7.48,6.92,6.5,6.05,5.31,3.74,2.38,2.95,4.02,3.93,4.18,4.41,3.43,2.34,3.73,8.65,12.21
-0.02,0.34,1.49,-2.05,-1.8,-3.19,0.16,-1.02,-1.83,-4.47,-0.94,0.2,-0.96,-2.57,-2.06,-0.39,1.0,0.65,0.31,0.86,0.72,-0.21,-0.96,-2.27,-1.76,-0.05,0.83,0.18,0.27,1.09,0.31,-0.09,-0.65,-1.78,-1.46,0.55,-1.23,-2.71,-4.69,-4.6,-3.84,-2.71,-1.22,-0.54,0.34,-0.31,-1.31,-2.54,-1.44,-7.45,-4.59,-2.38,-0.71,-4.68,-5.34,-3.68,-1.22,1.72,1.71,2.3,0.73,2.55,2.58,4.53,4.98,5.48,5.52,5.58,6.43,5.8,4.22,2.56,1.49,2.85,3.21,2.89,3.83,3.27,2.47,4.42,7.65,9.61,11.85
-3.53,-7.9,-6.17,-2.8,1.02,0.03,-1.21,0.22,-1.64,-2.5,0.28,-0.44,-1.87,-0.96,-1.39,-0.54,-1.03,-0.95,-0.51,-0.04,0.35,-1.14,-1.56,0.78,2.81,1.76,1.61,1.26,1.55,1.24,0.02,-1.3,-1.95,-2.02,-2.77,-1.05,-1.03,-2.93,-3.1,-2.7,-3.19,-0.75,1.0,1.95,1.68,0.79,-0.11,-4.31,-12.71,-10.86,-9.9,-8.64,-6.81,-5.6,-4.76,-3.63,-2.34,0.09,0.33,-0.12,0.53,4.34,6.18,7.73,7.95,7.17,6.15,5.3,4.75,3.79,3.15,2.77,2.62,2.78,1.84,1.85,2.8,2.87,3.13,4.41,6.68,9.86,11.46
-0.41,-0.97,-0.47,-0.96,-2.39,-2.05,-2.79,-2.86,-2.0,-1.65,-1.06,-1.63,-1.63,0.58,-0.56,-0.04,0.33,-1.61,-1.37,0.25,0.92,0.71,0.68,-0.14,-1.15,0.89,-0.04,-0.8,-1.43,-1.3,-1.28,-2.33,-3.26,-2.86,-2.71,-2.36,-1.53,-1.89,-2.83,-3.77,-1.27,0.06,1.18,1.66,0.97,-1.39,-3.51,-1.66,-9.64,-13.61,-11.87,-9.33,-7.54,-6.3,-5.14,-3.8,-2.22,-0.74,-0.31,0.13,2.15,4.2,5.59,5.57,4.86,3.73,2.95,2.14,0.6,0.26,1.33,1.72,1.4,0.48,-0.29,0.68,1.99,2.23,2.77,3.96,6.92,9.12,9.97
0.22,-0.23,-0.31,-0.66,-1.05,-0.66,-0.48,0.81,2.22,2.59,2.24,1.32,4.5,1.37,0.04,-0.94,-2.32,-1.58,-0.8,0.52,1.73,1.02,-0.54,-1.76,-0.17,1.07,0.23,-0.62,0.21,0.68,-0.51,-0.24,-1.65,-2.75,-2.78,-0.65,-0.84,-3.27,-7.91,-3.09,0.21,0.07,-0.3,-0.69,-3.07,-3.44,-3.44,-6.7,-7.39,-10.09,-13.0,-11.41,-8.79,-6.8,-5.43,-4.38,-3.52,-2.56,1.11,0.05,-0.97,0.3,1.23,1.21,0.85,0.91,-0.45,-2.0,-1.61,-0.36,0.02,-0.81,-2.11,-3.16,-1.26,2.03,2.74,2.51,2.77,4.18,7.31,8.59,9.14
-0.11,-0.22,1.1,0.53,-0.56,0.32,1.17,0.68,-0.98,-2.29,-4.66,-3.4,-2.07,0.58,2.86,2.03,2.17,-0.48,0.96,3.23,1.19,1.06,0.58,0.22,0.39,-0.35,-0.98,-0.72,0.95,0.06,-1.38,-2.5,-2.49,-0.73,-0.13,-0.9,-1.97,-4.49,-4.99,-2.14,-0.02,-2.77,-3.42,0.41,0.68,-0.43,-6.52,-7.73,-7.7,-5.78,-7.16,-9.2,-9.02,-7.41,-6.34,-5.35,-4.97,-1.47,0.24,-0.79,-1.31,-1.66,-1.94,-1.75,-1.77,-2.75,-2.58,-1.94,-2.2,-2.59,-3.05,-3.56,-3.36,0.54,3.96,3.62,2.55,2.03,2.99,5.83,6.92,7.18,8.01
0.06,-0.38,-1.08,1.02,2.7,1.52,-0.68,1.14,-0.46,-1.59,-3.26,-3.6,-1.2,0.54,1.29,1.11,1.71,2.16,2.69,1.94,-0.47,2.4,0.74,-0.59,0.95,0.4,0.89,0.98,0.19,-1.35,-0.8,0.25,-1.2,0.72,0.32,1.19,0.98,-0.08,-0.22,-1.03,-1.78,-4.03,-4.61,-1.11,-0.03,0.79,-1.3,-6.86,-7.33,-5.96,-4.44,-3.31,-2.7,-1.16,-0.36,0.06,0.89,1.19,1.98,-1.63,-4.14,-5.95,-6.71,-6.05,-4.76,-3.82,-4.53,-5.22,-4.73,-3.88,-2.83,-0.98,2.49,4.24,3.66,2.51,2.05,3.33,5.09,5.77,5.94,6.07,6.96
-0.59,1.75,1.01,0.19,1.79,1.1,2.77,1.28,0.42,-0.12,-1.74,-3.87,-2.82,-3.1,-2.59,-1.44,-0.73,-0.06,0.95,0.1,1.43,0.47,0.97,0.8,1.02,0.42,0.51,-0.46,-1.32,-0.61,-1.48,-1.06,-0.11,0.85,0.7,0.81,0.96,1.31,0.56,0.47,-1.27,-4.06,-6.42,-5.0,1.65,-0.56,-0.78,-4.94,-6.85,-5.92,-3.09,-1.28,-0.28,0.12,4.19,1.61,-0.23,-1.12,-3.64,-8.9,-9.79,-9.54,-8.23,-6.47,-5.23,-5.62,-6.48,-5.74,-2.43,0.83,2.28,2.83,3.52,4.65,4.49,4.17,4.44,4.91,5.49,5.44,4.88,4.95,5.86
-1.51,-2.04,-1.33,-1.58,-2.4,-0.42,-0.47,-0.26,0.51,2.33,1.75,2.19,1.87,2.63,3.08,4.65,4.2,0.62,-0.06,-0.2,-1.67,0.08,0.96,1.16,1.62,1.07,0.25,-0.22,-2.67,-1.46,-0.77,-1.14,1.1,1.02,0.1,-0.38,0.27,-0.49,-2.08,-3.56,-4.42,-3.99,-4.15,-4.56,1.61,0.09,-0.82,-8.74,-7.15,-5.43,-2.36,0.3,0.63,1.77,-0.21,0.69,-0.41,-1.19,-1.75,-7.59,-10.11,-9.31,-8.69,-7.9,-7.33,-5.49,-0.91,3.4,3.66,1.96,1.47,2.7,4.66,4.52,4.48,4.33,4.67,4.87,4.56,4.38,4.91,5.9,5.54
2.53,2.2,2.24,1.81,1.41,1.87,2.59,3.55,3.77,3.22,3.43,2.39,2.37,3.6,2.53,1.21,2.74,2.21,1.74,2.34,1.34,1.46,1.18,1.22,0.95,0.96,-1.35,-1.71,-0.91,-1.16,-1.32,0.32,1.73,0.49,-0.17,0.35,0.48,-0.65,-2.78,-2.81,-4.49,-5.25,-4.67,-4.79,-0.44,-1.88,-3.8,-8.13,-7.69,-3.24,-0.54,0.11,0.48,0.7,-1.6,-2.6,-0.51,-0.98,-0.33,-1.33,-5.97,-8.2,-7.54,-4.38,0.03,2.59,2.4,1.47,1.33,2.01,4.11,5.18,4.61,4.23,4.17,4.5,4.67,3.65,4.09,4.75,4.6,4.7,3.92
3.22,1.95,2.85,1.79,3.34,4.01,4.5,2.61,4.16,2.49,2.25,3.05,3.74,3.09,3.39,3.19,3.28,2.57,3.54,1.98,2.39,2.49,1.66,1.22,2.85,2.84,1.36,1.28,1.04,0.86,0.23,1.28,1.44,-0.03,-0.29,1.31,2.07,2.31,-0.31,-2.8,-4.64,-5.47,-5.25,-5.7,-6.34,-7.06,-7.01,-7.4,-4.11,-2.23,-0.3,-0.44,-5.7,-1.36,-5.87,-7.81,-4.32,-1.31,-0.4,-0.59,-1.27,-0.99,-0.22,-0.51,-0.64,0.35,1.57,1.91,2.7,3.99,3.93,3.35,2.93,4.28,4.87,4.39,3.52,4.18,4.81,3.59,3.41,2.84,2.15
1.12,1.77,1.77,1.97,3.26,2.6,2.53,3.03,0.9,3.54,5.14,4.21,1.89,1.72,3.18,4.24,3.1,3.42,2.03,3.27,5.05,3.61,1.76,1.74,1.58,0.37,-0.27,-0.12,-0.6,-0.03,1.66,1.33,1.6,0.73,1.34,2.47,3.1,2.7,1.62,-1.81,-4.11,-5.54,-6.02,-6.3,-4.67,-7.27,-8.92,-2.76,0.33,-3.16,-1.53,-3.46,-6.05,-9.36,-7.06,-6.14,-5.08,-3.97,-3.56,-3.48,-2.8,-2.6,-2.55,-1.49,0.28,0.89,0.42,1.75,2.8,2.18,1.88,2.46,4.0,4.31,3.87,3.49,1.1,1.99,3.44,2.35,2.16,1.56,0.89
3.49,2.43,2.65,1.99,1.31,1.64,0.94,1.83,2.45,2.56,1.37,2.31,3.57,3.58,3.13,4.44,3.09,3.0,4.02,4.81,2.38,1.45,0.89,1.14,0.08,0.68,2.01,2.26,1.09,1.57,1.9,1.33,1.42,0.88,2.24,2.04,1.9,1.86,1.15,-0.89,-3.3,-5.22,-6.31,-7.41,-7.17,-7.5,-9.26,-9.59,-1.38,-3.71,-6.74,-6.58,-5.78,-6.67,-6.27,-4.96,-4.38,-4.1,-3.14,-2.36,-2.35,-2.32,-1.68,-0.96,-1.31,-1.28,1.24,2.01,0.93,0.47,1.61,2.97,2.81,3.11,3.63,3.37,3.86,4.63,2.84,1.8,1.15,0.38,-0.28
6.24,5.21,1.54,1.92,3.14,3.1,3.31,2.26,4.13,4.3,4.42,4.02,5.06,3.02,3.35,2.36,3.07,2.61,2.14,2.16,0.79,0.57,1.23,0.66,0.04,-0.49,-0.17,-0.26,-0.36,1.34,1.07,0.65,0.32,0.8,0.84,0.93,1.63,2.03,0.18,-1.76,-3.75,-5.49,-6.46,-7.32,-8.21,-8.22,-7.67,-8.21,-6.89,-5.13,-5.32,-6.74,-7.29,-6.65,-5.22,-3.83,-3.04,-2.67,-2.7,-2.77,-2.23,-1.93,-2.05,-3.05,-2.37,-0.02,0.31,-0.72,-1.17,0.05,0.98,1.69,4.42,5.26,4.95,4.27,3.74,3.31,2.36,1.55,0.56,-0.16,-0.84
0.55,0.01,3.73,4.32,3.44,2.22,2.58,2.48,1.01,1.85,3.3,2.58,0.02,1.89,1.6,2.48,3.78,2.31,3.37,1.51,1.5,0.67,1.22,0.04,-0.31,0.38,0.9,0.41,0.05,1.5,0.24,0.57,0.89,-0.44,-0.1,0.39,0.65,0.46,0.37,-2.06,-4.92,-6.28,-7.2,-7.89,-8.09,-7.76,-6.36,-6.21,-7.36,-7.77,-6.2,-4.47,-4.42,-5.16,-4.78,-3.87,-3.43,-3.81,-3.67,-3.09,-2.56,-2.72,-3.74,-2.78,-0.92,-1.11,-1.78,-1.95,-1.08,-0.78,2.07,6.08,5.85,5.06,4.63,4.15,3.36,2.23,1.5,0.95,-0.03,-0.93,-2.17
-0.25,1.55,1.54,1.08,-0.26,0.61,0.6,1.5,2.31,2.01,1.4,1.87,0.72,0.44,-0.8,1.59,1.82,0.38,0.11,1.24,2.37,0.95,-0.23,0.51,0.81,0.74,0.79,0.33,0.58,0.3,-0.52,0.56,0.03,-1.84,-0.85,-0.74,-0.04,-0.01,-0.16,-4.32,-6.16,-7.01,-6.73,-7.09,-7.11,-6.76,-6.58,-6.19,-5.99,-6.73,-7.56,-6.71,-5.25,-3.96,-3.68,-4.1,-4.23,-3.87,-3.56,-3.62,-3.88,-4.33,-3.19,-1.67,-1.91,-2.14,-1.77,-1.52,-1.83,1.51,5.49,4.89,4.5,4.46,4.2,3.59,2.75,1.92,1.35,0.74,-0.26,-1.35,-2.67
-0.7,0.55,-0.25,-0.63,0.36,2.74,2.94,0.55,1.13,1.44,1.22,0.19,-1.43,-1.61,-1.47,-3.09,0.07,-1.76,-0.05,1.3,0.57,1.81,1.76,1.54,1.01,0.92,0.28,-0.32,0.16,-0.93,-1.34,0.05,-1.22,-1.59,-0.37,-0.27,0.08,0.53,-2.98,-6.54,-6.62,-7.11,-6.65,-6.33,-6.64,-7.04,-6.77,-6.49,-6.58,-6.62,-6.48,-5.94,-5.09,-4.91,-4.88,-4.64,-4.79,-5.04,-4.73,-4.66,-5.05,-3.86,-3.4,-2.88,-2.9,-2.09,-2.02,-2.9,-0.12,4.09,4.08,4.06,4.32,4.37,3.89,3.23,2.62,1.99,1.39,0.52,-0.45,-1.4,-2.25
-0.88,-0.54,-0.83,-1.05,-0.2,-0.15,-0.36,0.25,0.13,-0.32,-1.08,-0.39,0.78,0.89,-1.38,-0.43,0.02,-0.98,-0.37,-0.26,0.39,1.74,1.93,1.21,1.05,0.39,-0.55,-0.21,-0.56,-1.54,-1.47,0.01,-1.16,-1.21,-0.44,-0.57,0.37,-1.78,-6.45,-6.53,-6.92,-6.94,-6.9,-6.88,-6.73,-6.58,-6.53,-6.34,-6.07,-6.01,-5.94,-5.69,-5.67,-5.73,-5.78,-5.97,-6.14,-5.87,-5.96,-5.9,-4.73,-4.25,-3.81,-3.93,-3.36,-3.02,-3.65,-1.24,3.49,3.63,3.5,4.14,4.17,3.43,2.91,2.74,2.24,1.58,0.74,-0.36,-1.21,-1.86,-2.38
-0.99,-1.1,-1.23,-1.25,-1.29,-0.59,-1.39,-0.58,0.6,0.74,0.06,0.75,0.08,-1.0,-0.54,0.17,-0.78,0.21,-0.18,0.33,0.35,0.28,0.58,0.23,-0.63,-1.15,-0.96,-0.84,-1.49,-1.27,-0.57,-0.88,-1.48,-1.31,-0.69,-0.26,-0.88,-8.47,-6.21,-5.65,-6.17,-6.74,-7.01,-7.37,-7.41,-7.26,-6.79,-6.17,-6.65,-7.15,-7.17,-7.24,-7.26,-7.05,-6.91,-6.83,-6.96,-6.95,-6.26,-5.53,-5.13,-5.1,-5.1,-5.06,-4.25,-3.73,-1.34,2.62,2.21,1.15,3.89,3.88,3.21,2.61,2.29,1.82,1.28,0.54,-0.11,-0.89,-1.56,-2.1,-2.63
-0.83,-1.29,-1.52,-0.64,-0.48,-1.45,-1.7,-1.41,-1.6,-1.38,-1.26,-0.24,-1.39,-0.73,-1.15,0.22,-0.27,0.48,0.75,0.1,0.78,0.93,-0.31,-0.39,-0.57,-1.76,-1.83,-1.47,-1.65,-1.96,-1.49,-1.52,-1.59,-1.3,-0.66,-1.26,-6.23,-9.79,-4.35,-3.9,-6.27,-7.09,-7.61,-7.34,-7.05,-6.54,-6.37,-7.0,-7.48,-7.69,-7.92,-7.88,-7.7,-7.76,-7.8,-7.44,-6.64,-6.08,-5.94,-5.91,-6.12,-6.31,-5.89,-4.73,-3.82,-1.06,1.65,1.34,-0.1,2.7,4.63,3.59,3.04,2.26,1.7,1.83,0.96,0.07,-0.59,-1.16,-1.7,-2.26,-2.74
-1.14,-0.79,-1.24,-2.0,-2.38,-2.75,-2.45,-2.07,-2.08,-0.54,0.18,-0.7,-1.39,-1.33,-0.3,0.19,0.16,0.08,1.16,0.72,-0.02,0.03,0.09,0.14,-1.11,-2.21,-3.03,-1.44,-1.91,-2.2,-1.73,-1.64,-1.11,-0.9,-0.75,-7.67,-12.72,-11.24,1.68,-7.17,-6.85,-7.36,-7.15,-7.25,-6.86,-7.25,-7.44,-7.63,-7.9,-8.42,-8.4,-8.52,-8.39,-7.43,-5.65,-5.19,-6.18,-6.74,-7.03,-7.0,-6.92,-5.97,-4.3,-3.19,-0.33,0.79,0.25,-0.03,-0.04,4.9,3.72,3.32,2.69,2.03,1.87,1.09,0.26,-0.28,-0.88,-1.36,-1.73,-2.12,-2.54
-1.33,-1.72,-1.87,-1.83,-3.1,-2.68,-2.38,-2.39,-2.1,-0.92,0.15,-0.67,-1.96,-0.76,0.05,-0.48,-0.01,0.05,0.7,0.59,0.61,0.89,0.48,-0.47,-1.21,-1.69,-2.45,-2.05,-1.42,-1.45,-1.56,-1.21,-1.2,-2.08,-7.57,-11.89,-10.77,-6.4,-2.6,-10.7,-7.21,-6.19,-6.93,-6.95,-7.6,-8.14,-8.26,-8.39,-8.82,-8.73,-8.64,-8.54,-7.28,-5.92,-6.02,-7.07,-7.89,-8.32,-7.74,-6.95,-5.29,-3.62,-2.76,-0.63,-0.6,-1.1,-0.42,0.12,2.73,3.87,3.1,2.46,1.86,1.37,0.44,-0.69,-1.11,-1.31,-1.75,-2.22,-2.74,-3.11,-3.24
-0.25,-0.1,-0.51,-0.84,-1.15,-2.57,-2.85,-3.23,-3.58,-2.44,-0.16,0.04,-0.84,-0.54,-0.15,0.24,-0.1,0.12,-0.1,-0.06,0.07,0.32,0.81,-1.3,-0.91,-0.99,-2.72,-2.57,-1.59,-1.97,-3.18,-4.17,-5.34,-7.84,-10.79,-10.18,-8.16,-4.3,-11.62,-6.53,-4.82,-5.97,-7.27,-7.91,-8.05,-8.05,-8.23,-8.64,-8.59,-8.78,-8.79,-7.56,-6.32,-6.58,-6.62,-7.37,-8.07,-6.52,-4.77,-3.47,-2.73,-2.12,-0.78,-1.34,-1.78,-0.15,0.5,0.82,2.6,2.15,1.68,1.2,0.76,0.45,-0.15,-0.54,-0.51,-0.81,-1.22,-1.72,-1.94,-2.35,-2.99
-0.11,-0.04,-0.83,0.0,-1.19,-3.51,-2.98,-1.87,-2.98,-4.66,-1.27,0.06,-0.18,0.78,0.74,0.1,-0.14,-0.05,-0.03,-0.2,-0.09,0.23,-0.24,-2.17,-2.72,-8.49,-8.79,-3.36,-5.54,-7.23,-6.54,-6.17,-7.63,-9.4,-9.79,-8.34,-6.87,-8.41,-7.06,-4.24,-3.49,-4.21,-5.58,-6.07,-6.31,-6.92,-7.71,-8.34,-8.87,-9.08,-7.72,-5.59,-4.33,-3.83,-4.36,-5.09,-4.0,-2.1,-2.33,-1.55,-1.53,-1.26,-1.44,-2.07,-0.51,0.71,-0.25,0.41,1.31,1.31,0.85,0.38,-0.06,-0.4,-0.76,-1.25,-1.7,-1.95,-1.89,-2.16,-2.66,-3.11,-3.28
-0.83,0.13,0.32,0.71,-1.4,-1.91,-2.05,-2.13,-3.53,-5.57,-3.55,-0.09,0.92,0.89,-0.17,0.16,1.1,1.25,0.72,-0.13,0.41,-0.08,-0.46,-3.86,-7.08,-9.28,-5.88,-2.11,-6.05,-7.88,-7.37,-7.3,-8.68,-8.84,-8.06,-7.35,-6.51,-4.11,-2.56,-2.22,-2.6,-3.6,-4.82,-5.65,-6.14,-6.77,-7.85,-8.6,-8.68,-6.12,-3.34,-3.02,-2.59,-2.17,-2.75,-2.78,-1.49,-0.53,-0.58,-0.94,-1.71,-1.63,-2.2,-1.14,0.23,0.38,-0.88,-0.01,0.49,0.16,-0.22,-0.49,-0.61,-0.95,-1.67,-2.48,-3.01,-3.1,-3.05,-2.89,-3.19,-3.5,-3.88
-0.02,-0.39,-0.7,-1.03,-1.52,-1.83,-2.19,-2.65,-3.74,-4.72,-4.11,-1.18,0.43,0.47,-0.34,0.8,0.5,1.75,0.53,0.55,-1.25,-1.44,-0.25,-6.73,-9.13,-9.55,-1.36,-1.29,-8.48,-8.14,-6.94,-7.51,-8.32,-7.55,-7.34,-6.76,-5.62,-3.9,0.33,-1.26,-2.37,-4.02,-5.37,-6.16,-6.77,-7.51,-7.86,-7.76,-6.05,-3.55,-1.93,-0.29,-1.34,-1.78,-2.08,-2.05,-0.91,-0.47,-1.05,-1.52,-1.18,-1.42,-1.59,-1.37,-0.04,-0.37,-0.96,-0.06,0.02,-0.99,-1.19,-1.47,-1.46,-1.6,-2.07,-2.49,-2.76,-2.59,-2.67,-3.21,-3.53,-3.78,-4.57
