public/data/weather/current/current-temp-surface-level-gfs-1.0.json
{"header": {"discipline":0,"disciplineName":"Meteorological products","gribEdition":2,"gribLength":61787,"center":7,"centerName":"US National Weather Service - NCEP(WMC)","subcenter":0,"refTime":"2014-11-30T06:00:00.000Z","significanceOfRT":1,"significanceOfRTName":"Start of forecast","productStatus":0,"productStatusName":"Operational products","productType":1,"productTypeName":"Forecast products","productDefinitionTemplate":0,"productDefinitionTemplateName":"Analysis/forecast at horizontal level/layer at a point in time","parameterCategory":0,"parameterCategoryName":"Temperature","parameterNumber":0,"parameterNumberName":"Temperature","parameterUnit":"K","genProcessType":2,"genProcessTypeName":"Forecast","forecastTime":6,"surface1Type":103,"surface1TypeName":"Specified height level above ground","surface1Value":2,"surface2Type":255,"surface2TypeName":"Missing","surface2Value":0,"gridDefinitionTemplate":0,"gridDefinitionTemplateName":"Latitude_Longitude","numberPoints":65160,"shape":6,"shapeName":"Earth spherical with radius of 6,371,229.0 m","gridUnits":"degrees","resolution":48,"winds":"true","scanMode":0,"nx":360,"ny":181,"basicAngle":0,"subDivisions":0,"lo1":0,"la1":90,"lo2":359,"la2":-90,"dx":1,"dy":1}, "data":
[rows 76 to 113 of 181, columns 168 to 251 of 360]
4.25,4.02,3.14,2.98,2.45,2.17,1.64,1.93,1.72,1.49,2.06,2.92,5.12,5.01,4.15,3.24,2.69,2.58,2.82,3.27,2.71,1.85,1.31,1.70,2.27,2.25,2.38,2.94,3.37,3.08,2.54,2.05,2.32,3.30,3.33,3.56,4.30,4.00,4.21,5.09,5.72,5.68,4.89,4.72,4.28,4.86,3.21,4.27,4.66,4.12,4.12,4.47,5.23,6.06,5.79,5.54,4.80,3.67,3.21,3.30,2.94,3.11,2.79,2.56,3.03,3.54,1.94,1.56,1.29,1.90,2.72,3.09,2.72,2.42,2.77,3.44,2.51,1.43,1.48,1.41,1.21,1.09,1.16,2.40
4.19,3.86,3.55,2.76,2.36,2.31,2.38,2.52,2.96,2.50,3.07,3.74,4.44,5.47,4.64,3.80,3.39,3.39,3.73,3.05,2.02,1.62,1.84,2.97,3.25,3.21,3.81,3.89,3.66,3.35,2.54,2.54,3.16,3.63,4.01,4.76,4.71,4.41,5.34,6.49,5.74,5.73,5.38,4.90,4.56,4.10,3.32,4.18,3.62,4.11,4.28,4.38,5.25,5.46,5.43,5.64,4.86,3.75,3.02,2.77,3.01,3.75,4.06,3.55,3.66,3.61,3.26,2.31,1.46,2.20,2.42,2.52,2.45,2.44,1.93,1.09,1.11,1.88,3.44,3.66,1.71,1.09,1.84,3.53
4.25,3.75,3.63,3.01,2.93,2.70,3.01,3.16,3.25,3.89,3.76,3.96,4.93,5.03,4.72,4.53,4.68,4.30,2.95,2.05,1.88,2.93,3.74,3.38,3.79,3.82,3.76,4.26,3.67,3.71,3.99,4.04,4.40,4.70,4.70,4.55,4.70,5.84,6.55,6.08,5.27,4.70,4.22,2.48,2.79,1.45,1.08,2.64,3.35,4.27,4.75,4.35,4.50,4.80,4.82,4.62,3.93,3.54,2.67,1.89,2.54,4.39,4.55,4.28,3.79,3.22,2.55,1.19,2.38,2.07,2.19,2.10,1.47,1.00,1.12,1.64,2.25,3.97,4.95,3.46,2.95,1.97,1.99,3.65
3.74,3.10,2.89,2.33,2.47,2.37,2.22,2.67,3.07,3.79,3.83,5.10,5.51,5.53,5.56,4.94,3.56,2.72,2.09,1.74,3.14,3.88,3.97,4.55,3.57,3.20,4.17,5.19,5.03,5.78,5.44,5.42,5.69,5.35,4.80,4.58,5.52,5.85,6.21,6.02,5.48,5.17,3.49,2.20,1.09,1.82,2.17,2.66,3.64,4.68,4.79,4.38,4.16,4.48,4.37,3.44,2.76,2.28,1.97,1.27,2.11,3.88,4.33,4.90,3.94,3.46,2.10,1.24,1.76,1.94,1.43,1.09,1.06,1.19,1.74,1.85,2.43,3.68,2.38,1.64,1.78,1.30,2.92,4.72
2.40,1.53,1.65,1.54,1.49,1.76,2.27,2.98,3.48,3.62,3.43,3.26,3.47,3.29,3.00,2.76,3.13,2.97,2.36,2.41,4.34,5.49,5.07,4.22,3.81,4.21,5.07,5.27,5.54,6.30,6.41,6.00,5.89,5.36,5.41,5.19,5.96,5.85,6.70,6.41,5.30,4.73,3.43,2.16,1.29,1.74,2.58,3.18,3.94,4.54,4.49,4.10,3.68,3.26,2.46,1.91,1.54,1.03,1.00,1.38,1.07,3.24,3.26,2.56,2.51,2.15,1.62,1.25,1.25,1.87,1.31,1.75,2.06,1.81,2.22,2.40,2.36,1.83,1.40,1.82,2.02,2.01,3.47,3.80
2.02,1.78,1.52,2.16,2.19,1.66,1.48,2.39,2.59,2.60,1.69,1.78,1.90,2.18,1.97,1.99,2.02,1.89,3.01,4.73,5.54,5.52,4.46,3.74,4.30,5.31,5.28,5.34,5.26,5.62,4.58,5.41,6.30,5.70,6.20,6.46,6.83,5.92,5.15,5.54,4.23,3.50,2.65,1.82,2.71,4.49,4.00,3.74,4.16,3.95,3.86,3.68,3.22,2.35,1.22,1.29,1.46,1.81,1.91,1.81,2.04,1.44,1.55,1.07,1.86,2.11,2.37,3.19,2.33,2.05,1.91,1.37,1.21,1.15,2.61,2.17,1.46,1.22,1.00,1.62,2.14,1.87,1.64,1.11
2.68,2.66,1.24,1.49,1.17,1.04,2.19,1.88,1.63,1.45,1.22,1.32,1.39,1.80,2.12,2.09,1.32,1.64,3.37,3.78,3.63,3.85,2.43,3.49,4.71,4.90,5.74,3.82,3.24,1.76,4.61,5.42,5.44,6.19,7.62,6.09,5.87,4.95,4.65,3.00,2.16,1.73,1.27,3.18,4.62,5.24,5.89,5.59,5.79,5.33,4.08,3.88,3.79,2.48,1.15,1.50,1.82,1.69,1.66,1.85,1.29,1.10,1.15,1.15,1.19,1.18,1.03,1.06,1.12,1.07,1.02,1.36,1.67,1.69,1.24,1.08,2.03,1.01,1.29,2.22,5.09,3.18,2.14,1.07
1.04,1.03,1.37,1.32,1.13,1.34,2.47,2.62,1.88,1.11,1.95,1.99,1.51,2.70,2.71,3.65,3.03,3.77,2.02,1.72,2.58,2.63,2.43,2.40,2.89,2.46,3.03,2.21,1.79,2.03,2.89,3.56,3.03,4.60,4.26,4.61,4.02,3.76,3.10,2.91,1.87,2.35,3.10,2.09,1.27,1.29,1.57,2.25,6.54,4.47,4.39,4.72,4.47,3.45,2.76,1.30,2.29,2.03,1.68,1.58,1.06,1.01,1.09,1.09,1.07,1.08,1.15,1.00,1.25,1.13,1.06,1.01,1.02,1.39,2.72,2.14,1.83,3.29,4.40,4.98,3.48,2.45,1.84,1.22
2.67,1.30,1.03,1.71,1.32,2.04,2.70,2.28,1.39,1.36,2.37,3.54,6.91,7.53,2.14,1.69,1.26,2.72,2.14,2.12,2.63,2.32,2.43,2.50,1.95,1.83,1.04,1.18,1.36,1.72,1.26,1.59,1.34,1.02,2.13,2.73,2.73,2.23,2.27,2.48,2.26,2.57,2.85,2.25,1.20,1.05,1.20,1.38,2.47,2.59,2.03,1.61,3.30,4.18,3.11,1.76,1.66,1.00,1.00,1.38,1.36,1.44,1.39,1.49,1.32,1.01,1.00,1.25,1.52,1.56,1.42,1.12,1.01,2.14,3.41,2.92,3.21,3.92,3.94,2.61,1.74,1.01,1.01,1.08
2.32,1.35,1.16,1.80,1.29,1.47,2.60,2.21,2.89,1.70,2.50,1.33,1.87,6.70,5.52,2.99,2.18,2.68,1.93,1.68,1.77,1.30,1.47,1.73,1.79,1.05,1.21,1.80,1.93,1.68,1.00,1.80,1.85,1.65,1.89,2.21,2.11,1.78,1.76,1.60,1.79,2.52,2.98,2.17,1.33,1.12,1.02,1.38,1.15,1.73,1.87,1.52,1.28,1.65,1.30,1.40,2.15,1.30,1.46,1.82,1.64,1.51,1.09,1.65,1.34,1.07,1.27,1.33,1.91,2.19,1.89,1.39,1.17,1.23,1.46,2.18,1.62,1.03,1.01,2.97,2.31,1.31,1.06,1.17
1.94,3.02,1.37,1.01,1.65,1.50,2.21,3.04,1.81,1.51,1.59,1.85,1.50,2.08,4.69,2.02,2.47,2.12,1.83,1.43,1.41,1.36,1.42,1.41,1.55,1.83,1.29,1.00,1.03,1.05,1.32,1.69,2.14,2.25,2.41,2.73,2.91,2.78,2.52,2.52,3.15,3.78,3.98,3.54,2.97,3.11,3.06,2.46,2.13,2.30,2.60,1.86,1.04,1.85,2.19,1.96,1.90,1.17,1.24,1.30,1.28,1.34,1.14,1.02,1.46,1.23,1.04,1.59,2.08,2.10,2.11,1.72,1.33,1.71,1.48,1.15,1.40,2.02,2.51,2.50,2.74,3.06,2.85,2.02
2.16,2.10,1.60,1.68,2.19,2.07,1.32,1.41,1.50,1.16,1.11,2.05,2.92,1.78,1.25,1.99,2.31,2.23,1.73,1.66,1.62,1.81,2.08,2.35,2.53,2.46,1.95,1.84,2.03,2.18,2.15,2.35,2.70,2.87,3.30,3.60,3.49,3.10,2.95,3.12,3.67,4.06,4.14,4.07,4.06,4.25,4.23,3.93,3.89,3.80,3.25,2.35,1.49,1.01,1.21,1.08,1.52,2.00,2.34,2.61,2.74,2.53,2.12,1.66,2.04,1.93,1.94,1.97,1.82,1.87,2.11,2.08,1.21,1.10,1.14,1.02,1.77,2.19,2.26,2.27,2.36,2.51,2.30,2.04
1.75,1.40,1.54,1.32,2.15,1.97,1.88,1.81,1.65,1.39,1.53,1.75,1.87,1.54,2.15,2.86,3.11,3.11,2.58,2.28,2.26,2.27,2.62,2.95,2.98,2.94,2.79,2.61,2.83,2.78,2.67,2.82,3.01,3.22,3.65,3.98,4.03,3.80,3.57,3.91,4.27,4.36,4.45,4.53,4.33,4.38,4.89,5.18,5.17,4.74,3.92,3.05,2.51,2.36,2.30,2.34,2.61,2.88,3.05,3.11,3.09,3.01,2.61,2.13,2.41,2.66,3.19,2.92,2.95,2.71,2.43,2.37,1.48,1.36,1.44,1.08,1.53,1.79,1.60,1.55,1.58,1.65,1.98,1.88
3.16,2.41,2.36,1.53,1.74,2.34,1.93,1.82,1.79,1.77,1.86,2.11,2.33,2.40,2.87,3.33,3.69,3.64,3.13,3.01,2.91,2.87,3.36,3.53,3.16,3.26,3.40,3.25,3.43,3.36,2.99,3.04,3.32,3.88,4.31,4.43,4.51,4.40,4.34,4.68,4.97,4.92,4.83,4.92,4.71,4.50,4.79,4.87,5.32,5.10,4.22,4.01,3.87,3.68,3.50,3.78,3.89,4.24,4.48,4.16,3.63,3.42,3.13,3.02,3.33,3.27,3.35,3.29,3.65,3.81,3.81,3.65,2.76,2.00,1.63,1.30,1.20,1.24,1.30,1.00,1.17,1.17,1.02,1.67
3.68,3.80,2.85,1.80,2.05,2.59,2.28,2.30,2.28,2.14,2.43,2.73,2.91,3.02,3.47,3.83,4.18,4.09,3.53,3.56,3.46,3.49,3.92,3.99,3.30,3.32,3.80,3.75,3.69,3.72,3.52,3.51,4.03,4.54,4.79,4.74,4.68,4.66,4.73,5.35,5.67,5.63,5.49,5.50,5.40,5.03,5.33,5.35,5.36,5.45,5.02,4.83,4.97,4.83,4.48,4.52,4.99,5.41,5.90,5.61,4.45,4.15,3.67,3.66,3.74,3.98,3.95,3.90,3.71,3.73,3.96,3.82,3.19,2.63,2.33,1.98,1.38,1.20,1.01,1.12,1.58,1.65,1.51,1.11
3.37,4.46,4.12,2.52,1.92,2.90,2.83,2.60,2.67,2.18,1.78,2.29,3.17,3.55,3.87,4.12,4.59,4.53,4.11,3.93,3.83,4.23,4.49,4.55,3.91,3.52,3.64,3.76,3.95,3.86,3.54,3.58,4.16,4.60,4.91,4.99,5.11,5.10,4.85,5.35,6.15,6.27,6.19,6.18,6.13,6.11,6.25,6.28,5.96,5.68,5.48,5.15,5.21,5.49,5.39,5.19,5.51,6.04,6.35,6.29,5.73,5.02,4.79,4.83,4.92,4.99,4.75,4.37,4.35,4.42,4.59,4.64,3.95,3.03,2.43,2.17,1.81,1.55,1.41,1.35,1.56,2.05,2.23,2.19
3.47,4.66,3.66,3.74,3.31,3.13,2.95,2.75,2.75,3.13,3.07,3.03,2.63,2.88,3.87,4.38,4.68,4.69,4.60,4.27,4.11,4.41,4.87,5.04,4.66,4.31,3.92,3.68,3.87,3.81,3.52,3.53,4.04,4.47,4.82,5.10,5.37,5.52,5.31,5.56,6.24,6.88,6.94,6.53,6.25,6.43,6.81,6.78,6.79,6.16,5.91,5.65,5.69,6.20,6.59,6.28,5.76,5.87,6.21,6.32,5.93,5.63,5.60,5.74,5.99,6.01,5.98,5.50,5.30,5.17,4.97,5.07,4.52,3.38,2.71,2.47,2.28,2.13,1.65,1.76,1.77,2.07,2.39,2.61
4.65,6.06,3.74,2.38,4.11,4.06,3.23,2.46,2.56,3.37,3.61,3.86,3.95,3.37,3.08,4.12,4.61,4.50,4.34,4.03,3.73,3.93,4.76,5.21,4.93,4.64,4.24,4.06,4.14,4.29,4.04,3.76,4.16,4.49,4.60,4.96,5.13,5.52,5.37,5.43,5.89,6.44,6.46,6.05,5.95,6.13,6.33,6.38,6.40,6.36,6.21,6.09,6.14,6.09,6.24,6.31,6.00,5.69,5.45,5.64,5.66,5.72,5.70,5.45,5.50,6.03,6.38,6.42,6.03,5.80,5.45,5.01,4.41,3.58,2.91,2.65,2.47,2.34,2.02,1.97,2.29,2.19,2.40,2.47
5.70,6.66,5.36,2.51,3.84,3.71,2.50,2.17,1.93,2.78,3.29,3.24,3.66,4.05,3.81,3.24,4.09,4.43,4.11,3.89,3.76,3.87,4.66,5.27,5.21,5.23,4.99,4.46,4.12,4.34,4.38,4.01,4.02,4.25,4.30,4.34,4.45,4.73,4.40,3.97,4.22,4.58,5.05,5.44,5.67,5.83,6.01,6.12,5.98,5.61,5.47,5.51,5.63,5.25,5.09,5.69,5.60,5.37,5.14,5.40,5.58,5.45,5.55,5.55,5.59,5.69,6.14,6.76,6.58,6.34,5.98,5.30,4.78,4.16,3.44,2.98,2.92,2.63,2.25,2.31,2.90,2.82,2.70,2.82
6.11,5.82,5.82,3.75,3.57,3.77,2.53,1.43,1.27,1.52,2.71,3.14,2.81,3.55,4.72,4.36,3.58,3.97,4.47,4.46,4.60,4.39,4.57,4.60,4.82,5.06,5.25,5.04,4.38,4.21,4.44,4.32,4.04,4.12,3.98,3.52,3.17,3.03,2.64,2.29,2.72,3.77,4.14,4.88,5.15,5.22,5.50,5.68,5.27,4.75,4.45,4.35,4.45,4.44,4.35,5.09,5.05,5.01,5.18,5.53,5.50,5.55,6.06,6.33,6.19,6.22,6.23,6.47,7.04,6.83,6.37,5.56,4.93,4.48,3.96,3.66,3.43,2.90,2.64,2.60,3.13,3.49,3.44,3.16
5.57,5.57,4.96,5.30,3.74,3.15,3.10,1.84,1.05,2.11,1.83,3.32,3.24,3.07,3.48,4.42,4.09,3.60,4.33,4.93,4.74,4.40,4.18,3.76,3.66,4.09,4.45,4.65,4.30,4.13,4.09,4.25,3.87,3.67,3.91,3.49,2.25,1.23,1.61,1.33,1.80,3.33,4.52,4.63,4.87,4.19,4.77,5.07,4.79,4.29,3.67,3.35,3.49,3.88,4.24,4.18,4.28,4.47,4.97,5.09,4.61,4.79,5.70,6.06,5.94,5.96,6.01,6.10,6.10,6.65,6.60,5.96,5.14,4.67,4.36,4.14,3.76,3.15,2.94,2.74,3.02,3.45,3.55,3.32
4.70,4.63,3.99,4.85,4.42,2.64,2.02,1.77,1.53,1.65,1.73,1.94,3.26,3.65,3.68,3.56,3.71,3.60,3.84,4.58,4.41,4.09,3.65,3.19,3.22,3.35,3.30,3.19,3.02,2.97,3.12,3.29,3.03,2.28,2.14,1.87,1.40,2.40,3.14,2.47,1.80,3.38,4.10,4.11,4.15,4.05,4.39,4.73,4.45,4.21,3.17,2.67,2.67,3.44,3.38,3.52,4.26,4.80,5.09,4.78,4.15,4.51,4.72,4.98,5.36,5.56,6.07,6.20,5.89,5.89,6.29,6.03,5.72,5.50,5.05,4.70,4.29,3.63,3.42,3.41,3.35,3.40,3.54,3.61
3.28,3.07,3.86,4.33,2.88,1.78,2.03,1.32,1.14,1.06,2.41,1.67,1.69,2.86,3.34,3.36,3.08,2.44,2.63,3.55,3.91,3.22,2.68,2.84,3.05,2.29,2.19,2.63,2.87,2.89,2.70,1.94,1.84,1.71,1.64,1.54,1.08,1.13,1.83,2.28,2.22,4.78,4.91,4.63,5.19,4.56,3.65,3.94,4.15,3.97,3.35,2.65,2.56,2.83,3.20,3.46,3.95,4.65,4.57,4.24,4.00,4.18,3.97,4.45,5.10,5.38,5.72,6.44,6.61,6.72,6.25,6.11,6.14,6.07,5.73,4.88,4.31,3.89,3.69,3.77,3.53,3.65,4.12,4.32
2.02,2.79,3.40,3.10,1.68,1.56,2.19,1.12,1.64,1.54,1.11,2.49,1.32,1.40,1.03,1.15,1.27,1.08,1.11,1.57,2.37,2.29,2.66,3.16,2.36,2.80,2.69,3.06,2.97,2.59,2.46,2.52,2.60,2.44,2.56,1.94,1.60,1.13,1.78,2.63,2.83,3.62,3.34,3.47,3.29,3.63,3.81,4.02,4.32,3.62,3.07,2.70,3.30,3.11,3.35,3.26,3.49,4.05,4.05,3.84,3.68,3.74,3.58,3.99,4.53,4.91,5.48,6.23,6.79,7.16,6.64,6.45,6.50,6.55,6.54,5.89,4.54,4.13,4.03,3.91,3.98,4.11,4.31,4.37
2.73,2.75,3.28,1.97,1.79,1.50,1.65,1.11,1.90,2.41,3.14,2.74,1.45,2.12,2.96,2.61,2.66,2.45,2.81,1.54,1.25,1.04,1.51,2.53,2.49,2.48,2.78,3.01,2.56,2.47,2.01,2.19,2.64,2.67,2.36,1.69,1.55,1.58,1.72,3.26,4.58,4.39,4.58,3.73,3.09,2.51,2.91,3.09,3.22,2.94,3.19,2.91,3.50,3.48,3.91,3.29,3.10,3.63,3.79,3.78,3.25,2.96,3.27,3.74,4.03,4.58,5.27,6.37,7.20,7.34,6.95,6.67,6.87,6.92,6.84,6.35,4.92,4.59,4.42,4.56,4.62,4.67,4.25,4.32
5.09,4.84,4.26,3.17,2.31,2.07,2.04,3.21,2.44,1.27,1.81,3.12,2.98,3.08,3.46,2.92,3.47,3.59,3.85,3.14,1.62,1.64,1.20,1.50,2.03,1.60,2.00,2.01,1.37,1.74,1.75,1.73,1.96,1.92,1.80,1.48,1.18,1.46,1.87,3.29,3.86,3.75,3.92,5.00,3.91,2.86,1.99,2.17,2.10,2.32,2.63,2.84,3.15,3.69,2.80,3.09,3.33,3.11,3.11,3.39,3.24,2.76,2.89,4.00,5.06,5.88,6.46,7.21,6.76,6.48,6.66,6.79,7.37,7.72,7.36,6.68,5.65,5.08,4.81,5.47,5.68,5.11,4.48,4.51
3.85,3.09,4.22,4.29,4.91,4.32,5.53,5.43,4.32,4.34,3.94,2.48,1.47,3.09,4.08,4.24,4.29,4.99,4.65,4.31,2.98,1.04,1.02,1.30,1.21,1.16,1.22,1.55,1.70,1.21,1.37,1.09,1.06,1.14,1.27,1.21,1.06,1.41,2.31,3.69,3.86,4.00,4.82,4.68,5.70,6.50,4.55,2.35,1.68,1.66,1.75,1.97,2.14,1.87,1.69,2.29,2.55,2.67,3.15,3.20,3.23,2.83,3.19,4.22,5.54,6.05,7.27,7.00,5.52,6.16,7.18,7.40,8.02,7.67,7.51,7.27,6.47,5.43,5.82,6.37,6.52,5.83,5.34,5.21
3.07,1.27,2.66,3.07,3.09,2.71,2.28,2.64,2.19,3.01,3.46,3.03,3.62,3.84,1.59,5.18,5.26,5.58,4.66,4.04,3.22,1.95,1.78,2.21,2.24,1.57,1.18,1.32,1.74,1.25,1.69,1.28,1.07,1.83,2.16,1.18,1.30,1.86,4.02,4.55,4.67,4.51,5.55,5.94,5.44,5.46,4.41,3.75,2.62,2.16,1.60,1.02,1.05,1.09,1.03,1.39,1.88,2.19,2.57,2.88,3.29,3.24,4.39,4.71,5.61,6.15,6.51,5.58,5.52,6.12,7.40,7.82,7.75,7.44,7.15,7.34,7.13,6.89,7.00,7.07,7.15,6.74,6.39,6.28
3.52,1.17,2.11,2.02,1.79,2.17,1.38,1.21,1.19,2.04,1.19,1.05,2.46,4.44,4.74,3.40,7.02,6.60,5.56,4.57,4.86,4.20,2.58,1.96,3.33,2.61,1.92,1.43,1.32,1.12,1.67,1.48,1.17,1.44,1.67,1.15,1.83,2.36,5.69,5.19,5.31,5.10,6.08,6.03,5.51,5.04,5.14,5.47,4.23,4.67,3.99,2.28,1.63,1.00,1.06,1.00,1.27,1.54,2.06,2.48,2.75,2.79,3.54,4.49,5.01,5.32,5.03,4.67,5.43,5.60,6.81,6.86,6.56,6.36,6.38,7.09,8.11,8.32,7.58,7.25,7.11,6.87,6.79,6.89
1.09,1.02,1.88,2.92,2.21,1.81,1.11,1.21,1.46,2.04,2.47,2.72,2.40,1.34,4.79,4.66,6.19,7.76,7.36,6.41,6.63,5.22,3.70,3.05,4.51,3.67,2.48,1.73,1.05,1.81,2.10,2.39,1.77,1.46,1.58,1.90,2.99,3.80,5.50,5.64,5.59,5.38,5.79,5.64,4.99,4.57,4.40,4.55,4.84,4.90,4.98,4.61,3.71,2.26,1.03,1.10,1.05,1.23,1.19,1.53,1.99,2.30,2.79,3.46,4.14,4.22,4.05,4.24,4.71,5.55,6.35,6.05,6.11,5.52,5.57,7.03,7.61,7.66,7.41,7.28,7.41,7.10,6.77,6.76
1.19,1.47,1.33,1.88,1.30,1.52,1.77,1.65,1.82,1.98,2.42,2.45,2.52,3.05,4.00,2.69,1.28,9.45,9.74,8.21,7.73,6.37,4.72,4.07,5.19,4.97,3.81,2.72,1.56,1.03,2.43,2.95,1.98,1.63,1.51,2.34,3.63,3.71,4.87,5.68,5.61,5.86,5.44,5.40,4.92,4.76,5.10,4.44,4.96,5.18,4.82,4.48,4.11,3.84,3.46,1.34,1.05,1.19,1.24,1.10,1.06,1.65,2.28,2.58,2.81,3.12,3.33,3.89,4.28,5.02,5.30,5.26,5.56,6.20,6.38,6.30,6.48,6.41,6.01,6.79,8.44,7.68,6.85,6.53
1.50,1.87,1.71,2.56,3.85,3.75,3.42,2.95,2.37,2.03,2.58,1.09,1.51,1.01,2.11,2.69,1.37,9.52,11.43,10.12,9.13,7.89,6.16,5.30,5.61,5.22,4.82,4.40,3.35,2.13,1.61,2.28,1.89,1.45,1.65,2.03,2.58,3.02,3.93,4.48,4.43,5.38,5.55,5.38,5.05,4.60,4.78,5.43,5.25,4.88,4.37,4.10,4.03,4.38,4.70,4.89,1.85,1.56,1.71,1.72,2.21,2.17,1.03,1.85,2.07,2.17,2.65,2.95,3.62,4.12,4.03,3.19,3.34,4.85,5.11,4.66,4.90,5.42,5.18,6.47,7.63,8.12,7.14,6.68
1.33,2.78,3.11,3.75,3.83,3.93,3.86,3.59,3.08,2.48,1.89,2.92,2.49,1.69,1.01,1.43,2.99,6.29,12.65,10.65,9.77,9.06,7.49,7.16,6.65,5.49,4.96,4.83,4.73,3.25,1.11,1.52,1.70,1.42,1.55,1.40,1.93,1.97,2.30,3.05,3.07,3.61,4.72,4.86,4.82,4.73,4.36,4.44,4.63,4.55,4.24,4.00,3.88,3.94,4.64,5.14,4.41,2.51,3.19,2.46,2.36,1.93,1.03,1.05,1.38,1.33,1.60,1.87,2.31,2.83,3.12,2.85,2.65,2.14,2.68,3.34,3.89,4.11,4.95,6.02,6.43,6.97,7.23,6.66
1.09,3.74,1.08,4.24,4.35,4.58,4.23,3.94,3.54,3.04,2.93,2.03,1.64,1.61,1.93,3.57,3.39,5.14,13.45,10.66,10.17,10.14,8.52,8.18,7.46,6.42,5.57,4.33,3.79,3.32,2.01,1.19,1.33,1.37,1.28,1.15,1.30,1.40,2.02,2.13,2.62,2.91,3.53,3.96,4.73,4.93,4.42,4.10,4.09,3.92,3.87,4.02,4.29,4.50,4.94,5.55,5.58,4.63,3.81,2.84,2.43,1.53,1.87,1.86,1.68,1.38,1.13,1.20,1.63,1.91,2.31,2.44,1.96,1.60,1.07,1.94,2.27,2.76,4.05,5.05,5.73,5.90,6.87,6.61
2.02,2.45,2.41,4.50,5.17,5.82,5.85,5.46,4.76,3.47,2.80,2.85,2.36,1.83,1.80,3.11,3.94,4.63,13.08,10.00,10.17,11.50,10.00,9.25,8.99,7.73,6.50,5.37,3.80,3.06,2.74,2.27,1.19,1.21,1.14,1.28,1.41,1.24,1.37,1.58,1.82,1.97,1.91,2.97,3.38,3.71,4.13,4.01,3.86,3.80,3.74,3.68,4.64,5.58,5.62,6.01,6.28,5.15,3.97,3.87,4.54,3.72,1.25,2.88,1.91,1.65,1.54,1.03,1.18,1.29,1.42,1.88,1.56,1.08,1.92,1.77,1.20,1.46,2.84,3.61,4.14,4.65,5.56,6.37
3.38,3.67,4.41,5.40,6.33,7.07,7.26,7.21,6.31,4.86,3.50,2.74,2.08,1.11,1.45,1.07,1.59,2.65,9.24,9.04,8.79,10.12,10.73,9.74,9.73,9.55,7.44,6.56,5.34,4.67,3.99,2.76,1.55,1.10,1.09,1.13,1.73,1.35,1.22,1.03,1.27,1.07,1.33,2.25,2.30,2.24,2.85,3.95,4.18,4.43,4.19,3.39,3.87,4.68,5.21,5.60,5.91,5.68,4.88,4.01,4.11,3.06,1.91,1.71,1.43,2.42,1.80,1.49,1.40,1.24,1.14,1.26,1.47,1.13,2.18,3.35,3.38,1.89,1.48,1.54,1.96,3.35,4.11,5.43
3.68,3.73,4.45,5.25,6.09,6.99,7.78,8.00,7.85,6.52,5.22,3.07,1.34,1.83,2.58,2.95,3.36,3.81,2.36,6.48,7.29,8.54,8.96,9.83,9.43,9.38,8.36,7.86,8.04,6.87,4.59,3.27,2.35,1.54,1.11,1.02,1.25,1.28,1.31,1.37,1.06,1.35,1.56,1.53,2.28,2.69,2.47,3.36,4.02,4.37,4.69,4.59,4.26,4.16,4.59,4.61,4.64,4.22,4.05,3.52,3.71,3.43,2.62,2.51,2.31,2.16,1.69,1.61,1.82,1.40,1.38,1.26,1.10,1.24,1.60,3.55,4.10,3.74,2.61,2.55,1.47,1.74,2.30,3.91
3.62,4.68,5.38,5.98,6.32,6.48,6.78,6.91,6.59,6.16,5.47,2.53,2.45,2.95,3.94,4.66,4.86,3.26,1.24,3.96,5.97,6.93,7.65,9.32,9.18,9.08,8.55,8.34,8.23,7.31,5.65,4.28,3.07,2.01,1.35,1.07,1.02,1.10,1.48,1.54,1.44,1.20,1.02,1.07,1.65,2.45,2.48,2.65,3.71,4.66,4.94,5.66,5.66,5.24,5.23,5.34,5.18,4.47,3.86,2.89,2.87,2.83,2.02,1.98,2.10,1.79,1.84,1.27,2.23,1.01,1.31,1.72,1.72,1.61,1.19,3.18,5.22,5.21,3.98,4.60,3.31,2.19,1.18,2.39
