public/data/weather/current/current-temp-surface-level-gfs-1.0.json
{"header": {"discipline":0,"disciplineName":"Meteorologicalproducts","gribEdition":2,"gribLength":61787,"center":7,"centerName":"USNationalWeatherService-NCEP(WMC)","subcenter":0,"refTime":"2014-11-30T06:00:00.000Z","significanceOfRT":1,"significanceOfRTName":"Startofforecast","productStatus":0,"productStatusName":"Operationalproducts","productType":1,"productTypeName":"Forecastproducts","productDefinitionTemplate":0,"productDefinitionTemplateName":"Analysis/forecastathorizontallevel/layeratapointintime","parameterCategory":0,"parameterCategoryName":"Temperature","parameterNumber":0,"parameterNumberName":"Temperature","parameterUnit":"K","genProcessType":2,"genProcessTypeName":"Forecast","forecastTime":6,"surface1Type":103,"surface1TypeName":"Specifiedheightlevelaboveground","surface1Value":2,"surface2Type":255,"surface2TypeName":"Missing","surface2Value":0,"gridDefinitionTemplate":0,"gridDefinitionTemplateName":"Latitude_Longitude","numberPoints":65160,"shape":6,"shapeName":"Earthsphericalwithradiusof6,371,229.0m","gridUnits":"degrees","resolution":48,"winds":"true","scanMode":0,"nx":360,"ny":181,"basicAngle":0,"subDivisions":0,"lo1":0,"la1":90,"lo2":359,"la2":-90,"dx":1,"dy":1}, "data":
[rows 38 to 75 of 181, columns 252 to 335 of 360]
1.15,1.00,1.02,3.31,4.03,2.68,4.37,5.57,1.99,1.34,1.00,1.72,1.32,1.00,1.07,1.03,1.00,1.00,1.94,1.67,1.99,2.07,1.51,1.09,1.00,1.00,1.00,1.00,1.00,1.00,1.00,1.00,1.00,1.00,1.00,1.00,1.00,1.00,1.00,1.00,1.00,1.00,1.00,1.00,2.52,1.31,2.34,1.65,2.23,2.89,3.34,2.68,5.14,7.99,8.18,8.15,7.87,6.48,4.32,2.06,1.00,2.28,4.74,6.64,8.12,9.90,7.88,2.03,7.35,5.74,1.43,1.39,2.64,4.47,6.34,1.88,5.64,3.51,3.44,2.60,1.38,2.39,1.00,1.27
4.75,1.00,1.00,2.16,2.00,5.26,3.37,4.85,3.82,1.00,1.00,1.00,1.00,1.57,1.93,1.50,1.00,1.00,1.00,1.22,1.00,1.00,1.00,1.36,1.00,1.82,1.43,1.14,1.00,1.18,1.01,1.00,1.00,1.00,1.00,1.00,1.00,1.00,1.00,2.50,1.00,1.00,1.00,1.70,3.42,3.39,2.42,2.33,1.90,2.63,1.98,2.21,5.31,7.33,7.69,8.04,5.96,5.96,4.69,1.96,1.00,3.17,6.13,9.25,11.69,11.05,6.61,1.00,6.02,3.93,1.00,2.60,4.95,7.04,6.69,4.20,1.15,2.59,4.03,3.75,1.00,1.32,1.45,4.35
2.03,1.00,1.00,3.78,2.30,4.74,6.00,2.02,1.00,2.46,1.00,1.00,1.00,1.52,1.37,1.50,1.24,1.23,1.00,1.00,1.00,1.00,1.64,1.81,2.01,2.35,2.33,2.33,2.15,1.54,1.00,1.00,1.00,1.00,1.00,1.00,1.06,1.00,1.00,1.71,1.00,1.00,1.00,1.00,1.96,3.80,4.46,4.24,5.89,6.73,5.31,2.72,4.42,5.92,9.66,11.59,10.20,7.67,4.37,1.16,1.96,4.48,7.73,10.41,11.11,9.60,4.74,1.77,2.56,1.00,1.00,3.20,6.24,8.35,7.59,1.00,1.53,2.87,3.66,5.38,5.71,3.35,1.00,1.00
1.21,1.00,3.08,2.81,4.42,3.51,1.00,2.14,2.79,1.21,1.00,1.00,1.00,1.00,1.02,1.28,1.00,1.00,1.00,1.00,1.00,1.00,2.26,2.17,3.70,3.02,2.28,1.44,1.26,1.30,1.00,1.00,1.00,1.00,1.00,1.00,1.00,1.00,1.93,2.11,2.97,1.37,1.02,2.69,5.71,5.68,3.54,4.22,4.60,5.97,1.00,1.78,5.09,7.56,8.99,12.65,10.43,7.24,3.90,1.00,3.30,6.04,8.83,10.67,10.65,8.79,3.77,2.20,1.00,1.00,1.36,3.85,7.03,6.55,6.00,1.00,1.02,1.50,3.11,4.11,4.19,4.57,3.98,1.36
1.53,1.00,1.00,1.00,1.06,1.00,1.39,2.59,2.35,1.90,1.78,1.20,1.00,1.00,1.00,1.07,1.69,1.00,1.00,1.00,1.13,3.09,3.85,5.60,3.84,3.93,2.65,2.25,1.01,1.25,1.00,1.00,1.00,1.00,1.00,1.00,1.00,1.00,2.26,1.00,1.36,2.67,4.41,5.51,2.84,4.27,4.91,5.56,4.38,1.00,4.09,10.89,10.29,12.44,12.55,10.93,10.72,7.28,2.64,1.41,4.78,7.75,9.87,10.48,9.89,7.69,2.56,3.06,2.02,2.51,3.16,4.72,5.31,1.36,2.11,1.00,1.40,3.97,3.64,3.70,4.10,5.44,2.85,1.00
1.26,1.97,1.83,2.08,3.00,1.57,1.00,1.00,2.15,2.28,2.61,1.78,2.32,1.00,1.00,1.08,1.00,1.06,1.34,1.38,1.86,1.00,3.29,3.07,3.83,3.31,2.77,2.37,2.42,1.06,1.00,1.03,1.65,1.00,1.69,1.00,1.87,1.12,2.07,1.00,1.00,1.33,4.11,3.23,3.98,2.74,1.52,1.93,5.59,3.33,10.14,12.25,12.34,11.86,10.41,8.79,9.26,6.63,2.41,2.04,6.43,9.54,10.55,9.83,9.07,7.23,1.59,2.54,4.65,3.30,4.45,7.17,5.11,3.46,1.35,1.00,1.00,2.75,3.07,3.31,3.85,3.37,2.61,1.00
1.00,1.49,1.59,1.20,1.00,1.74,2.40,2.17,1.44,2.44,1.00,1.00,1.00,1.00,1.56,1.00,1.33,2.11,2.78,2.65,1.53,5.64,4.44,2.61,1.00,1.00,3.67,1.97,1.89,1.00,1.11,1.87,2.62,1.45,1.00,3.45,3.25,1.00,2.15,1.00,1.00,2.11,3.62,1.75,1.05,2.42,3.28,2.54,2.47,9.71,10.84,11.65,11.93,10.44,9.53,9.90,8.75,5.20,1.00,3.59,7.96,10.68,10.44,9.38,8.35,5.84,2.10,4.46,6.98,4.73,4.67,7.08,1.57,2.19,1.00,1.00,1.00,1.78,2.90,3.84,3.74,3.31,2.92,2.10
1.00,1.00,2.17,1.27,1.00,1.00,1.77,1.83,1.00,1.00,3.02,1.00,1.00,1.00,1.36,1.00,1.00,1.61,3.97,3.33,4.48,3.54,3.75,1.97,1.00,1.45,1.44,1.00,1.00,1.00,1.00,2.35,3.34,1.00,1.24,2.63,2.01,1.41,2.55,2.62,2.45,7.08,1.00,1.09,1.88,2.49,3.33,2.34,7.70,10.16,10.10,9.99,12.76,10.25,7.69,6.61,5.37,2.18,1.42,5.54,9.66,11.21,9.88,8.89,7.73,5.35,9.26,8.94,9.20,8.86,5.76,6.10,6.85,4.71,4.59,3.28,1.00,2.36,2.75,3.41,3.27,3.46,3.50,2.45
1.00,5.88,1.00,1.00,1.00,3.42,1.00,1.77,1.00,1.16,3.25,1.68,1.11,1.00,1.00,1.17,2.31,3.44,1.01,3.42,3.23,3.54,1.00,1.00,1.00,1.00,2.13,1.52,1.66,1.00,1.00,1.00,2.31,3.07,2.40,2.37,1.00,1.00,1.27,5.54,2.50,3.30,3.33,3.39,1.94,1.12,1.40,1.74,4.32,6.73,11.09,10.51,12.34,9.33,6.61,4.42,2.22,1.00,3.31,7.16,10.77,10.51,8.83,7.29,5.95,4.56,7.20,9.93,11.47,11.70,9.61,6.41,8.28,4.57,5.57,4.98,3.44,1.00,2.56,2.29,2.60,3.34,3.08,1.78
5.17,9.20,8.44,2.98,1.00,1.00,1.49,1.00,1.14,2.12,2.96,1.87,2.68,1.03,1.22,1.00,2.83,1.00,2.01,2.66,2.06,1.00,1.00,1.00,1.00,1.01,1.00,1.16,2.36,2.54,1.00,2.23,1.00,1.00,1.74,2.23,3.62,4.05,2.84,2.96,2.86,4.55,7.59,6.99,5.66,3.48,1.00,3.89,4.37,6.03,7.00,11.92,10.11,7.36,5.38,2.91,1.00,2.30,5.24,8.90,10.32,9.46,7.69,5.67,3.81,3.23,8.95,10.91,13.23,13.89,12.74,7.68,5.96,3.73,6.33,6.44,7.07,4.15,1.00,2.02,2.47,2.67,3.05,1.47
2.67,5.80,8.44,10.17,1.00,1.00,1.87,2.40,2.00,3.03,2.91,2.55,2.31,3.71,1.26,1.56,1.00,1.00,2.11,1.24,1.00,1.67,1.01,1.00,1.00,1.00,1.00,1.29,1.25,1.29,1.86,1.00,1.00,1.00,1.06,2.34,2.49,3.70,3.89,5.50,7.60,9.35,10.24,5.16,4.83,6.11,6.15,6.18,5.45,5.98,10.19,13.87,10.42,9.89,6.30,2.14,1.00,4.01,7.56,9.90,10.21,9.17,7.25,5.18,2.16,1.00,10.61,12.48,14.64,15.80,12.00,1.00,2.61,4.08,3.46,6.24,7.58,7.09,3.77,1.00,1.93,1.94,2.73,1.68
1.00,1.80,3.49,3.31,1.00,1.00,3.12,1.99,1.58,2.09,2.76,1.03,1.00,1.07,2.17,1.20,1.00,1.04,1.35,1.00,1.00,2.58,2.16,1.65,1.00,1.00,1.00,1.00,1.04,1.00,1.00,2.47,2.98,4.11,5.34,6.50,4.61,6.50,7.59,9.19,12.80,13.00,10.93,2.35,11.21,11.17,8.32,5.62,6.04,6.51,11.70,11.93,11.34,8.63,5.02,1.00,2.76,6.18,9.32,10.76,10.67,9.30,7.27,5.04,1.97,1.06,10.66,13.55,17.61,17.30,7.03,1.61,1.54,2.52,3.57,2.82,2.31,7.19,6.62,3.62,1.00,1.44,1.98,1.58
1.05,1.00,3.00,1.00,1.00,1.00,4.34,1.60,2.24,2.23,1.00,1.00,1.81,1.00,1.00,1.00,1.00,1.30,2.80,4.21,3.94,4.74,5.62,5.59,5.87,3.44,1.06,1.00,1.00,1.28,1.00,1.00,1.72,2.67,5.02,3.62,4.02,4.01,6.33,7.85,9.69,10.18,10.25,10.77,13.15,13.20,10.48,10.39,7.56,6.88,10.60,11.70,10.14,7.84,3.96,1.00,5.16,7.83,9.95,10.78,10.26,9.01,6.85,4.96,1.57,1.00,9.60,14.18,18.64,9.11,10.20,4.37,3.41,2.46,1.00,3.75,1.96,1.16,9.18,6.13,4.87,1.00,1.18,1.69
1.73,1.00,1.18,1.00,3.22,4.72,4.65,2.51,1.65,1.00,1.00,2.56,3.31,2.75,2.95,3.04,1.89,1.51,3.38,4.53,6.66,5.35,4.53,3.98,2.49,1.00,1.00,1.00,1.00,2.55,1.90,1.74,2.71,5.76,5.49,5.90,5.84,6.41,8.88,10.21,10.35,10.26,8.09,13.43,15.87,15.20,15.17,12.77,8.81,9.30,10.14,11.28,9.37,6.56,2.91,1.42,5.60,8.29,10.58,11.12,10.01,8.45,6.79,5.48,1.00,3.82,9.93,14.44,16.92,10.73,6.35,1.00,3.19,1.00,1.00,2.21,2.76,1.74,5.01,6.64,7.87,1.52,1.00,1.00
1.79,1.15,1.45,1.00,1.07,1.00,1.00,1.00,1.04,1.70,2.58,3.12,3.88,4.61,5.44,2.81,1.45,1.99,3.48,5.28,7.49,3.09,2.27,1.79,1.34,1.14,1.00,1.00,1.00,1.00,1.00,1.74,4.88,5.52,4.47,6.38,8.91,8.14,9.09,10.85,10.71,6.37,14.10,16.98,16.42,17.33,19.62,16.39,12.22,11.19,10.79,8.62,7.16,3.87,1.00,3.41,5.89,8.55,10.67,11.18,9.87,7.72,6.60,4.24,4.13,10.10,9.36,11.62,13.11,11.19,5.87,1.00,2.23,3.65,1.82,1.04,1.00,1.00,1.00,9.01,8.27,1.94,1.62,1.00
2.64,1.62,1.00,2.61,1.46,1.00,2.74,3.43,3.91,4.50,4.81,4.39,5.84,4.98,4.12,3.36,2.54,3.39,6.42,3.45,2.98,1.40,1.55,1.64,1.31,1.27,1.00,1.00,1.00,1.00,1.00,1.70,7.41,9.04,5.34,7.72,8.10,9.61,9.46,9.73,12.28,19.04,19.03,17.68,15.83,15.44,16.80,17.95,15.52,12.75,9.66,7.54,4.38,1.25,1.40,4.63,7.11,8.62,9.58,10.33,9.08,7.33,6.32,4.87,3.99,4.86,7.72,9.51,10.99,7.19,2.85,1.00,1.00,2.95,1.68,1.00,1.00,1.00,1.00,5.98,9.07,1.00,1.07,1.00
1.11,2.13,1.00,3.54,4.52,4.77,5.07,5.34,4.97,6.53,6.07,6.29,7.25,4.23,1.96,2.51,1.98,4.78,3.10,1.00,1.20,1.00,1.57,1.23,1.31,1.00,1.30,1.00,1.51,2.23,1.00,2.29,7.12,10.10,7.57,7.77,8.22,8.76,9.46,9.94,14.40,21.15,19.75,18.63,16.04,13.13,14.27,18.25,15.50,12.26,7.61,5.95,2.77,1.00,2.01,4.23,6.74,8.31,8.22,8.54,8.29,7.25,6.18,6.41,3.57,3.39,4.59,7.45,8.35,7.72,2.89,1.00,1.00,4.44,2.04,3.06,1.00,1.00,1.00,1.35,9.63,1.00,1.00,1.00
3.53,3.31,1.00,5.06,7.24,6.68,6.06,6.47,7.48,8.64,8.75,7.67,4.93,4.03,2.97,1.00,1.00,1.17,1.00,1.20,1.00,1.00,1.00,1.00,1.00,1.75,1.00,1.28,1.61,2.92,1.52,3.62,8.26,8.20,9.08,8.16,8.14,7.96,10.64,12.99,15.75,19.44,18.53,16.09,14.01,12.47,12.84,15.46,15.30,12.07,7.50,5.19,3.58,1.00,2.24,3.62,4.97,6.57,7.07,7.18,7.58,7.01,6.19,4.84,4.71,3.09,3.98,6.18,7.14,7.55,5.41,2.52,1.08,2.61,3.42,3.26,1.00,1.00,1.00,3.44,5.84,1.00,1.00,1.00
3.88,2.38,1.21,5.82,6.67,7.16,7.47,7.88,8.07,9.45,11.13,5.54,2.10,1.00,1.00,1.00,1.00,1.16,1.00,1.46,1.00,1.00,1.00,1.00,1.73,1.00,1.28,2.47,2.95,5.42,3.38,4.15,6.10,9.92,10.07,8.83,7.89,9.51,12.44,16.45,21.01,17.23,13.50,12.99,10.48,11.09,11.01,12.01,11.78,9.25,8.45,6.30,4.31,1.62,2.14,2.71,3.92,5.31,5.91,6.01,6.49,6.75,5.78,3.16,1.00,2.77,3.41,5.47,6.74,6.36,5.72,4.13,3.12,1.00,4.34,2.75,1.00,1.55,1.11,8.62,1.12,1.00,1.00,1.00
1.00,1.56,1.56,5.28,7.18,7.37,7.76,8.48,11.16,10.57,2.74,2.04,1.00,1.03,1.00,1.00,1.61,1.71,2.07,1.82,1.98,2.34,1.38,1.00,1.00,1.00,5.08,4.91,3.61,7.01,3.19,1.30,6.13,8.81,9.48,7.03,6.91,10.17,11.21,16.29,18.37,11.83,9.25,8.02,7.90,8.18,8.92,10.37,9.37,7.12,7.39,6.08,3.94,1.00,1.40,2.76,3.37,4.60,5.23,5.30,5.51,5.69,4.97,1.00,1.00,2.45,3.15,4.95,6.25,5.34,6.22,5.95,5.49,2.72,4.85,2.45,2.13,2.30,1.00,5.13,1.00,1.00,1.24,1.18
2.72,1.00,2.95,1.19,1.87,8.09,10.96,10.62,11.00,2.34,1.00,1.00,1.00,1.00,1.22,1.69,1.00,1.02,1.51,1.47,1.52,1.25,1.81,1.59,1.10,3.22,3.35,2.86,1.00,1.00,1.00,1.84,5.81,7.89,6.06,6.12,7.81,7.95,11.44,11.78,13.62,8.81,5.98,4.71,5.23,6.49,7.72,8.63,8.27,6.35,5.58,4.20,2.70,1.00,1.26,2.87,3.43,3.96,4.76,4.85,4.45,3.94,2.97,1.35,1.00,3.13,3.01,5.42,6.54,5.95,5.90,6.28,6.00,4.93,4.48,3.86,3.95,1.00,6.87,2.31,1.35,1.00,1.72,1.31
1.00,1.74,1.00,1.00,2.38,1.19,2.70,3.09,2.51,1.01,1.48,1.00,1.00,1.00,1.00,1.00,1.00,1.00,1.00,1.00,1.00,1.00,1.42,1.00,1.00,1.00,1.00,2.23,4.43,3.19,4.47,5.52,5.71,5.92,6.44,6.74,6.56,6.89,7.33,9.31,9.70,5.18,2.92,2.37,4.91,4.98,4.67,5.50,5.72,4.99,3.69,2.76,1.67,1.00,1.88,2.86,3.93,4.53,5.12,4.97,4.01,1.43,1.33,1.00,2.30,3.61,3.28,6.23,6.77,6.69,5.46,4.95,2.12,6.74,6.12,5.53,3.38,1.20,7.19,1.00,1.65,1.52,2.08,1.91
1.09,1.00,1.00,1.00,1.00,1.00,1.44,2.65,1.47,3.12,1.93,1.00,1.20,1.75,1.45,1.88,1.00,1.70,1.00,1.56,1.00,1.05,1.00,2.36,2.49,1.42,1.00,1.00,10.27,4.67,4.29,5.37,6.68,6.34,5.75,6.02,8.27,7.50,5.71,6.82,6.35,2.71,1.82,2.58,3.72,4.55,3.73,3.83,4.37,3.86,2.34,1.36,1.00,1.00,1.00,1.90,2.33,2.55,2.53,2.61,1.00,1.36,1.00,2.02,3.47,4.34,4.39,6.78,7.39,7.02,6.00,5.11,7.67,6.87,6.39,3.33,1.65,6.12,3.93,1.00,1.00,1.43,3.12,2.45
1.00,1.00,1.00,1.00,1.00,1.27,1.00,1.69,1.46,1.21,2.29,1.00,1.28,3.47,1.99,3.01,3.19,2.35,2.02,4.31,4.08,6.77,1.44,2.32,1.00,1.59,2.71,2.75,4.47,3.44,3.19,4.01,3.21,3.74,5.30,8.96,7.68,4.01,3.78,4.10,5.57,2.13,2.19,1.72,2.27,2.59,3.35,2.58,2.68,1.77,1.00,1.00,1.00,1.00,1.00,1.00,1.00,1.14,1.00,1.00,1.00,1.00,1.09,2.40,3.43,3.86,4.44,7.05,7.72,7.56,8.05,6.46,7.23,4.55,2.43,1.09,3.68,3.23,1.60,1.00,1.00,1.80,4.18,2.77
1.00,1.14,1.00,1.20,2.07,1.00,1.05,1.50,1.00,2.24,1.43,3.82,3.62,2.95,3.79,3.62,1.00,1.27,3.89,14.03,1.00,3.96,3.33,1.34,1.85,4.24,2.71,1.00,6.50,5.43,3.17,1.80,1.89,4.88,7.49,6.83,5.21,3.05,2.46,3.27,3.68,2.18,1.26,1.10,1.70,1.83,1.45,1.28,1.15,1.00,1.00,1.00,1.15,1.00,1.00,1.77,1.60,1.30,1.00,1.00,1.31,1.99,2.66,3.22,3.79,3.90,5.12,8.88,8.31,8.48,6.66,7.34,4.40,1.00,1.94,1.00,2.01,1.00,1.00,1.00,1.56,2.84,3.97,2.67
1.00,3.65,1.00,1.00,1.33,1.00,1.00,1.27,1.00,2.07,1.46,2.28,2.48,5.44,2.85,1.00,2.32,4.71,4.28,2.28,3.30,1.00,1.00,1.00,1.73,4.18,3.65,3.91,6.11,5.31,3.86,5.17,5.33,4.99,5.35,3.21,1.29,1.00,1.00,1.00,1.24,1.00,1.00,1.00,2.20,1.31,1.00,1.00,1.00,1.00,1.00,1.00,1.00,1.21,1.00,1.79,2.59,1.69,2.03,2.52,2.33,3.21,3.85,4.72,4.61,4.89,7.40,8.44,7.47,5.97,6.55,4.59,1.03,1.00,3.23,2.06,1.48,1.00,1.00,1.00,2.16,3.74,4.12,2.93
1.00,1.00,1.00,1.50,1.00,1.35,1.30,1.00,1.00,1.81,2.35,2.25,3.35,1.64,1.00,1.00,2.96,3.86,1.91,1.26,1.00,1.89,3.76,1.00,2.17,2.02,3.17,1.00,4.00,6.23,3.48,2.86,4.47,3.06,1.00,1.00,1.55,1.96,1.87,1.13,1.00,1.00,1.00,1.33,1.00,1.00,1.00,1.31,1.84,2.08,1.79,1.62,1.00,3.51,3.53,3.59,4.50,4.53,5.07,5.28,4.96,5.97,6.48,6.08,6.53,8.37,7.42,5.25,3.29,3.67,2.78,1.87,1.06,1.00,1.02,1.00,1.00,1.00,1.00,1.00,2.57,3.95,3.36,3.07
1.17,1.00,1.00,1.30,2.51,1.00,1.00,1.12,1.31,1.00,1.58,3.33,3.03,1.39,1.00,2.76,4.61,5.35,2.09,1.85,2.98,4.80,4.10,4.39,2.71,1.80,1.37,1.19,3.25,4.33,1.56,1.00,1.00,1.83,3.15,3.81,3.72,4.74,4.14,3.43,2.52,2.49,2.84,3.05,3.88,3.31,1.02,1.00,1.00,3.28,4.37,3.95,5.61,6.31,6.29,6.20,7.31,8.37,8.35,8.30,8.34,8.27,8.79,7.16,7.04,5.16,2.45,1.15,1.00,1.00,1.00,1.42,1.00,1.67,1.00,2.62,1.00,1.00,1.31,1.34,2.52,2.93,3.44,2.61
2.84,1.35,1.00,1.00,2.20,1.00,1.00,1.00,1.01,1.00,2.15,4.42,1.23,1.04,1.00,3.02,5.10,4.22,3.65,5.48,4.83,3.78,4.13,4.93,3.69,1.00,2.71,3.16,2.03,3.33,2.51,1.88,2.68,3.61,3.85,4.14,4.46,5.38,4.35,4.25,4.37,4.83,5.37,1.98,3.57,3.72,3.27,3.06,4.94,5.97,5.80,6.61,6.15,7.03,7.31,7.79,7.71,7.49,8.02,7.53,6.65,6.32,3.19,1.23,1.00,1.00,1.73,2.28,2.01,2.27,2.79,2.75,2.03,1.66,1.00,1.00,1.00,1.42,1.63,1.27,1.78,2.07,2.41,2.50
2.65,1.95,1.07,1.00,1.20,1.00,1.00,1.87,2.72,3.53,1.39,3.19,1.00,1.00,1.00,3.79,2.86,3.16,4.48,5.96,5.07,1.97,2.31,7.19,4.21,1.00,1.00,1.61,1.46,3.14,1.88,2.53,4.46,5.91,5.94,4.63,3.41,2.75,1.56,1.45,1.54,1.00,2.27,3.92,4.21,3.04,3.16,2.96,3.46,4.10,3.13,1.64,1.38,1.70,1.59,1.46,2.06,2.94,3.66,2.52,1.45,1.32,1.00,1.00,1.00,1.00,1.51,2.06,2.47,3.48,2.97,1.00,1.52,1.96,1.00,1.06,1.70,1.75,2.04,2.02,1.00,1.20,1.41,1.85
2.75,1.39,1.44,1.00,1.00,1.14,2.69,1.00,2.36,1.00,1.00,3.47,1.00,1.24,2.53,3.37,3.29,3.41,4.26,7.99,4.74,3.33,2.87,2.13,1.00,1.00,4.19,1.00,1.00,2.03,1.53,1.64,2.86,4.02,5.65,3.81,3.70,2.07,1.00,1.00,1.00,1.00,1.00,1.00,1.00,1.55,2.02,2.04,1.69,1.59,1.87,2.03,2.22,2.06,2.06,2.40,2.74,3.14,2.43,1.73,1.08,1.52,1.00,1.00,1.00,1.00,1.00,1.44,2.06,1.41,1.17,1.00,1.00,1.00,1.86,1.83,1.00,1.26,1.53,2.05,1.54,1.24,1.00,1.00
2.86,1.42,2.18,1.11,1.55,1.00,1.51,3.67,1.18,1.00,1.00,2.16,1.00,1.00,2.65,2.65,3.18,3.56,2.96,2.27,1.20,1.24,2.22,1.49,1.36,1.57,1.00,2.49,1.00,1.00,1.00,1.69,1.31,2.14,5.50,5.85,5.58,1.73,1.00,1.00,1.00,1.00,1.00,1.00,1.36,2.15,2.13,1.99,1.07,1.00,1.10,1.00,1.21,1.72,2.38,2.68,2.12,1.68,1.90,1.57,1.83,1.08,1.00,1.00,1.00,1.00,1.00,1.00,1.00,1.33,1.00,1.65,2.46,2.00,1.84,1.45,1.00,1.00,1.00,1.39,1.00,1.00,1.00,1.00
2.84,1.01,2.52,1.00,1.25,1.36,1.00,2.74,1.00,1.92,1.00,1.26,1.00,1.00,2.11,2.10,2.66,2.72,1.00,1.42,1.00,2.35,1.00,4.78,5.31,5.80,4.44,2.59,3.41,4.33,4.87,1.00,1.00,3.00,9.19,4.96,7.14,1.14,2.13,1.44,1.19,1.00,1.00,1.00,1.00,1.00,1.00,1.00,1.54,2.66,2.18,1.00,1.00,1.00,1.00,1.00,1.00,1.30,1.86,1.64,1.51,1.15,1.61,1.37,1.52,1.00,1.65,1.00,1.00,1.00,1.74,1.79,2.39,2.04,1.95,1.58,1.00,1.00,1.00,1.00,1.00,1.00,1.00,1.00
3.26,2.15,1.68,1.88,1.00,1.00,1.00,1.00,1.00,1.00,1.00,1.34,1.00,2.29,1.48,2.70,2.70,1.00,1.00,1.29,2.14,3.43,1.00,2.45,3.58,3.46,3.41,4.35,5.23,6.38,5.03,1.00,3.28,3.91,2.19,1.00,1.84,1.00,1.00,1.00,3.30,1.61,1.00,1.00,1.10,1.02,1.11,1.00,1.00,1.47,1.64,1.26,1.45,1.00,1.25,1.35,1.55,1.26,1.00,1.28,1.66,1.42,2.51,2.92,1.00,1.13,1.00,1.00,1.00,1.05,1.16,1.00,1.69,1.48,1.00,1.20,1.00,1.00,1.00,1.00,1.00,1.00,1.00,1.00
3.88,2.96,2.43,1.52,1.36,1.00,1.00,1.00,1.00,1.00,3.59,1.55,1.00,1.00,1.00,1.00,1.00,1.00,1.00,1.13,1.00,1.19,1.30,1.00,4.63,3.11,3.09,3.19,1.67,2.40,1.00,1.00,3.61,1.64,2.07,1.00,1.00,1.78,2.94,1.13,4.04,1.00,1.00,1.00,1.00,1.00,1.00,1.28,1.21,2.13,1.96,1.35,1.00,1.87,2.93,2.59,1.41,1.05,1.00,1.00,1.65,2.01,2.86,1.00,1.00,1.00,1.00,1.00,1.00,1.00,1.00,1.00,1.00,1.00,1.18,1.00,1.00,1.00,1.00,1.00,1.00,1.00,1.00,1.00
4.17,3.48,2.80,2.30,1.00,1.06,1.00,2.42,1.00,1.00,1.00,1.35,1.00,1.97,1.00,1.00,1.00,2.04,1.92,1.00,1.00,1.00,2.85,3.56,5.44,3.57,4.32,4.03,2.93,4.27,4.87,5.23,5.22,4.27,3.48,3.04,2.44,2.17,1.04,1.00,1.00,1.00,1.00,1.00,1.00,1.00,1.00,1.07,1.19,1.74,1.53,1.32,1.00,1.78,3.03,2.71,2.03,1.20,1.00,1.00,1.00,1.00,1.00,1.00,1.09,1.00,1.00,1.00,1.00,1.00,1.00,1.00,1.00,1.00,1.00,1.00,1.00,1.00,1.00,1.00,1.00,1.00,1.00,1.00
4.01,4.03,3.27,1.93,1.00,1.00,1.00,1.00,1.00,1.00,1.00,1.00,1.00,5.57,7.82,1.04,1.00,1.00,1.00,1.23,2.44,3.06,3.31,1.81,3.13,3.74,4.69,3.52,2.67,3.00,4.31,5.21,5.35,4.70,4.20,3.43,3.04,2.52,1.27,1.00,1.00,1.00,1.00,1.00,1.00,1.00,1.00,1.00,1.00,1.00,1.00,1.00,1.02,1.80,2.04,2.36,1.98,1.78,1.24,1.00,1.00,1.00,1.00,1.00,1.00,1.00,1.00,1.00,1.00,1.00,1.00,1.00,1.11,1.32,1.00,1.00,1.00,1.00,1.00,1.00,1.00,1.00,1.00,1.00
3.72,3.49,3.05,1.83,1.00,1.00,1.27,1.62,1.00,1.46,1.00,1.00,13.75,12.03,9.31,1.57,1.00,1.00,1.00,1.00,1.09,2.01,1.00,1.00,1.00,1.00,2.35,2.30,1.81,2.25,2.96,3.92,3.95,3.79,3.36,3.33,2.74,1.86,1.00,1.00,1.00,1.00,1.00,1.00,1.12,1.00,1.00,1.00,1.00,1.00,1.00,1.93,1.64,1.81,1.61,1.37,1.49,1.92,2.44,2.39,2.01,1.40,1.00,1.00,1.00,1.00,1.00,1.00,1.00,1.00,1.00,1.00,1.16,1.12,1.00,1.00,1.00,1.00,1.00,1.00,1.00,1.00,1.00,1.00
