public/data/weather/current/current-temp-surface-level-gfs-1.0.json
{"header": {"discipline":0,"disciplineName":"Meteorologicalproducts","gribEdition":2,"gribLength":61787,"center":7,"centerName":"USNationalWeatherService-NCEP(WMC)","subcenter":0,"refTime":"2014-11-30T06:00:00.000Z","significanceOfRT":1,"significanceOfRTName":"Startofforecast","productStatus":0,"productStatusName":"Operationalproducts","productType":1,"productTypeName":"Forecastproducts","productDefinitionTemplate":0,"productDefinitionTemplateName":"Analysis/forecastathorizontallevel/layeratapointintime","parameterCategory":0,"parameterCategoryName":"Temperature","parameterNumber":0,"parameterNumberName":"Temperature","parameterUnit":"K","genProcessType":2,"genProcessTypeName":"Forecast","forecastTime":6,"surface1Type":103,"surface1TypeName":"Specifiedheightlevelaboveground","surface1Value":2,"surface2Type":255,"surface2TypeName":"Missing","surface2Value":0,"gridDefinitionTemplate":0,"gridDefinitionTemplateName":"Latitude_Longitude","numberPoints":65160,"shape":6,"shapeName":"Earthsphericalwithradiusof6,371,229.0m","gridUnits":"degrees","resolution":48,"winds":"true","scanMode":0,"nx":360,"ny":181,"basicAngle":0,"subDivisions":0,"lo1":0,"la1":90,"lo2":359,"la2":-90,"dx":1,"dy":1}, "data":
[rows 76 to 113 of 181, columns 168 to 251 of 360]
2.27,2.59,2.61,3.02,3.49,3.45,3.27,3.14,2.84,2.35,2.07,2.04,1.77,1.00,1.00,1.00,1.00,1.00,1.00,1.00,1.34,1.43,1.26,1.00,1.00,1.00,1.34,1.92,2.41,2.51,2.63,2.62,2.74,3.00,3.14,2.67,1.87,1.76,2.02,2.02,1.88,1.00,2.58,1.00,1.00,1.18,1.00,1.00,1.00,1.00,1.00,1.00,1.00,1.00,1.00,1.10,1.00,1.00,1.00,1.00,1.00,1.00,1.00,1.75,2.54,1.96,1.38,1.00,1.00,1.00,1.00,1.00,1.00,1.00,1.36,1.00,1.06,1.00,1.00,1.80,2.07,2.07,2.79,2.61
2.25,2.16,2.01,1.74,1.81,2.32,2.35,2.04,1.77,1.70,1.51,1.02,1.00,1.00,1.00,1.00,1.00,1.00,1.00,1.43,1.67,1.72,1.35,1.00,1.00,1.01,1.42,1.67,1.69,1.76,1.99,2.44,2.99,3.05,2.61,2.35,2.41,2.05,1.40,2.25,1.00,1.00,1.00,1.00,1.00,1.00,1.00,1.00,1.00,1.00,1.00,1.00,1.00,1.00,1.00,1.09,1.00,1.00,1.00,1.35,1.14,1.00,1.00,2.08,2.07,1.93,2.01,1.00,1.00,1.00,1.00,1.00,1.00,1.00,1.06,1.00,1.00,1.61,1.88,1.16,1.87,1.97,2.06,2.73
1.41,1.83,1.81,1.39,1.00,1.02,1.69,1.62,1.87,1.85,1.58,1.38,1.19,1.00,1.00,1.00,1.00,1.00,1.00,1.42,1.59,1.55,1.41,1.00,1.00,1.00,1.00,1.04,1.12,1.37,1.79,2.33,2.52,2.08,1.68,1.37,1.00,1.00,1.77,1.43,1.00,1.10,1.51,1.00,1.00,1.00,1.00,1.00,1.00,1.00,1.00,1.00,1.00,1.00,1.00,1.00,1.00,1.00,1.00,1.07,1.00,1.00,1.00,1.89,1.77,1.91,2.46,2.00,1.07,1.00,1.00,1.00,1.00,1.00,1.00,1.00,1.00,1.00,1.00,1.00,1.04,2.30,2.94,3.73
1.89,1.79,2.18,2.59,2.00,1.88,1.94,2.28,2.75,3.77,3.29,2.46,2.06,1.00,1.00,1.00,1.00,1.00,1.00,1.26,1.37,1.14,1.00,1.00,1.00,1.00,1.00,1.09,1.23,1.17,1.34,1.84,1.82,1.02,1.00,1.00,1.00,1.42,1.39,2.22,2.12,1.97,2.19,2.09,1.00,1.00,1.00,1.00,1.00,1.00,1.00,1.00,1.00,1.00,1.00,1.00,1.00,1.00,1.00,1.10,1.00,1.00,1.00,1.51,2.19,2.21,2.42,1.69,1.00,1.00,1.00,1.00,1.00,1.00,1.38,1.72,2.04,1.94,1.02,1.00,1.00,1.42,3.45,4.54
2.95,2.43,2.18,3.04,2.10,3.48,3.09,3.80,4.51,4.16,2.96,2.22,1.59,1.00,1.00,1.00,1.00,1.00,1.00,1.02,1.28,1.06,1.00,1.00,1.00,1.00,1.11,1.53,1.35,1.19,1.00,1.00,1.00,1.00,1.24,1.52,1.74,1.79,3.32,3.01,2.48,2.01,2.42,2.76,1.95,1.00,1.00,1.00,1.00,1.00,1.00,1.00,1.00,1.00,1.00,1.00,1.00,1.00,1.00,1.32,1.00,1.00,1.00,1.00,1.46,1.51,1.52,1.00,1.00,1.93,2.21,1.18,1.00,1.00,4.64,3.15,3.86,3.96,3.33,2.03,1.72,1.24,1.00,2.35
1.48,2.36,3.17,2.92,3.27,3.15,3.61,3.83,4.90,3.19,3.55,1.57,1.00,1.00,1.00,1.00,1.00,1.00,1.00,1.00,1.00,1.00,1.00,1.00,1.00,1.00,1.00,1.01,1.32,1.12,1.44,1.88,2.61,2.97,3.40,3.21,3.24,3.93,3.49,3.05,1.94,1.94,1.89,2.89,2.31,1.21,1.00,1.00,1.00,1.00,1.00,1.00,1.11,1.00,1.00,1.00,1.00,1.00,1.00,1.62,1.09,1.00,1.00,1.00,1.00,1.00,1.11,1.21,1.00,1.47,4.02,2.90,1.00,1.44,3.47,4.55,3.98,4.44,4.06,2.24,3.23,2.45,1.00,1.16
1.32,1.00,2.83,3.88,1.61,1.43,2.20,3.04,4.92,2.17,2.44,1.23,1.00,1.00,1.00,1.00,1.00,1.00,1.00,1.00,1.00,1.00,1.00,1.02,1.00,1.00,1.00,1.00,1.48,2.45,2.63,3.52,3.46,3.76,3.72,3.64,3.92,3.52,3.11,2.55,2.22,1.00,1.00,1.00,3.28,1.91,1.00,1.00,1.00,1.00,1.00,1.00,1.00,1.00,1.00,1.00,1.00,1.00,1.00,1.28,1.80,1.17,1.50,1.00,1.00,1.29,1.10,1.14,1.18,1.77,3.49,2.59,1.46,1.00,1.25,1.00,1.00,1.95,3.39,2.20,2.89,3.20,1.99,1.00
1.00,1.00,1.00,1.00,1.00,1.00,1.00,1.59,2.79,2.17,1.99,1.26,1.00,1.00,2.41,2.70,2.18,1.42,1.00,1.00,1.00,1.48,1.00,1.00,1.00,2.11,1.40,1.30,3.02,3.03,2.66,2.00,2.05,2.37,2.42,2.76,2.47,2.29,1.97,1.15,1.00,2.92,2.09,1.00,2.11,2.33,1.87,1.91,1.00,1.00,1.00,1.00,1.00,1.00,1.10,1.39,1.00,1.00,1.05,1.04,1.78,1.99,1.90,1.86,1.00,1.05,1.00,1.00,1.00,1.86,1.00,1.00,1.00,1.00,1.00,1.00,1.32,1.00,1.03,2.12,3.31,3.08,2.44,2.77
1.00,1.00,1.71,1.55,1.73,1.78,1.33,1.00,1.00,1.14,1.00,2.00,1.36,1.55,3.25,4.83,4.12,3.98,4.97,4.34,2.58,1.11,1.54,2.66,3.51,3.86,2.97,4.95,3.87,2.04,1.00,1.21,1.00,1.00,1.00,1.00,1.00,1.98,1.00,1.59,2.67,1.39,1.00,1.16,1.00,1.12,2.31,2.41,2.29,1.15,1.00,1.00,1.00,1.00,1.00,1.00,1.00,1.00,1.06,1.47,1.81,2.27,1.73,2.33,1.54,1.00,1.00,1.00,1.00,1.00,1.00,1.00,1.00,1.90,3.10,1.96,1.52,2.39,2.97,2.38,1.40,1.47,1.00,1.00
1.00,2.00,1.00,1.58,1.20,1.31,1.26,2.05,1.00,1.17,1.90,1.31,1.00,2.09,2.67,2.59,3.03,1.59,1.00,1.00,1.00,1.00,4.08,3.11,3.79,1.19,1.84,1.72,1.00,1.00,1.00,2.16,1.69,3.30,3.10,2.79,3.48,3.42,2.83,4.08,1.66,1.00,1.00,1.86,1.02,1.00,1.30,1.00,1.17,1.00,1.58,1.00,1.00,1.00,1.00,1.00,1.00,1.00,1.00,1.00,1.00,1.13,1.50,1.28,1.00,1.00,1.00,1.00,1.00,1.00,2.33,3.15,5.18,4.15,4.11,5.03,4.49,2.83,2.15,1.44,1.00,2.63,1.38,2.39
1.00,1.21,1.00,1.00,1.00,1.00,1.00,1.00,1.00,1.52,1.28,1.00,1.00,1.00,1.21,1.00,1.00,1.00,1.00,1.03,1.00,1.00,2.15,2.81,2.35,1.46,1.00,1.00,1.00,1.00,1.77,2.84,2.76,2.77,2.84,4.07,3.03,1.51,1.31,1.00,1.00,1.00,1.00,1.00,1.24,1.00,1.04,1.00,1.00,1.00,1.00,1.00,1.00,1.00,1.00,1.00,1.00,1.00,1.00,1.00,1.55,1.28,1.00,1.00,1.00,1.00,1.00,1.03,1.52,1.14,1.00,1.00,1.00,1.46,1.91,3.66,3.11,1.00,1.00,1.53,1.17,1.00,1.08,2.93
1.00,1.00,1.00,2.07,4.11,1.81,1.03,1.00,1.00,1.00,1.00,1.00,1.20,1.00,1.00,1.00,1.00,1.00,1.00,1.00,1.00,1.71,1.83,1.00,1.00,1.00,1.19,1.00,1.00,1.29,1.95,2.64,2.81,2.75,2.81,2.24,1.57,1.00,1.00,1.00,1.00,1.00,1.35,1.74,2.16,1.95,1.14,1.00,1.00,1.00,1.00,1.00,1.00,1.00,1.00,1.00,1.00,1.00,1.00,1.00,1.00,1.00,1.00,1.00,1.00,1.00,1.00,1.00,1.09,1.00,1.72,1.82,1.00,1.00,1.00,1.00,1.00,1.79,2.47,4.27,3.10,1.58,1.00,2.91
1.53,1.00,3.35,3.41,3.30,3.82,3.17,1.00,1.99,1.00,1.00,1.00,1.18,1.00,1.00,1.00,1.00,1.00,1.00,1.56,1.07,1.31,1.08,1.00,1.00,1.00,1.00,1.00,1.00,1.54,2.10,2.56,2.56,2.15,1.78,1.43,1.00,1.00,1.00,1.00,1.00,1.23,1.55,1.78,1.57,1.22,1.32,1.00,1.00,1.00,1.00,1.00,1.00,1.00,1.00,1.00,1.00,1.13,1.00,1.00,1.00,1.00,1.00,1.00,1.00,1.00,1.00,1.00,1.08,1.11,1.00,1.00,1.00,1.37,2.24,4.15,1.41,2.20,3.02,4.28,3.31,1.54,1.86,1.19
1.45,1.00,3.83,2.29,3.33,3.71,3.29,1.00,3.20,2.15,1.00,1.00,1.00,1.00,1.00,1.00,1.00,1.00,1.36,1.00,1.00,1.22,1.75,1.00,1.00,1.00,1.00,1.02,1.70,2.36,2.77,3.03,2.59,2.09,1.33,1.00,1.00,1.00,1.00,1.00,1.00,1.36,1.75,1.96,2.05,1.90,1.58,1.00,1.00,1.00,1.00,1.00,1.00,1.04,1.27,1.27,1.25,1.14,1.10,1.12,1.41,1.00,1.00,1.00,1.00,1.00,1.00,1.05,1.04,1.28,1.16,1.00,1.00,1.00,1.00,1.22,1.26,2.03,2.91,3.33,2.87,2.23,1.04,1.00
1.26,1.76,2.95,1.95,1.77,2.60,3.34,1.06,1.55,3.29,1.00,1.00,1.00,1.00,1.00,1.00,1.26,1.85,1.31,1.09,1.53,1.62,2.11,1.00,1.00,1.00,1.00,1.11,1.55,2.23,2.90,3.29,2.90,2.08,1.00,1.00,1.00,1.19,1.00,1.00,1.00,1.33,1.47,1.65,2.13,1.94,1.77,1.02,1.00,1.00,1.00,1.00,1.01,1.09,1.39,1.80,1.69,1.40,1.15,1.13,1.11,1.00,1.00,1.00,1.00,1.00,1.00,1.00,1.37,1.54,1.06,1.00,1.00,1.29,1.75,1.71,1.83,2.23,2.56,2.27,2.16,1.85,1.38,1.00
1.00,1.00,5.96,3.15,2.62,1.56,3.11,1.00,1.00,1.51,1.00,1.00,1.08,1.15,1.00,1.00,1.32,2.44,1.93,1.48,1.80,1.96,2.37,1.02,1.00,1.00,1.07,1.46,1.47,1.73,2.39,2.93,2.48,2.06,1.00,1.00,1.00,1.43,1.00,1.00,1.00,1.00,1.08,1.42,2.12,1.98,1.42,1.00,1.00,1.00,1.00,1.00,1.00,1.41,1.55,1.47,1.71,1.51,1.00,1.00,1.00,1.00,1.00,1.00,1.00,1.00,1.00,1.00,1.74,1.68,1.34,1.00,1.00,1.38,1.30,1.33,1.36,1.65,1.43,1.67,1.70,1.28,1.00,1.00
1.43,2.77,3.27,1.00,1.48,2.03,2.40,1.38,1.00,1.00,1.00,1.00,1.00,1.00,1.00,1.00,1.23,2.14,1.98,1.47,1.00,1.00,1.00,1.05,1.00,1.00,1.35,1.71,2.02,2.28,2.40,2.73,2.45,1.74,1.42,1.00,1.00,1.00,1.00,1.00,1.00,1.00,1.00,1.22,1.92,2.03,1.49,1.00,1.00,1.00,1.00,1.16,1.48,1.84,1.60,1.63,1.70,1.21,1.00,1.00,1.00,1.00,1.00,1.00,1.00,1.00,1.28,1.74,2.00,1.95,1.60,1.48,1.27,1.50,1.07,1.00,1.31,1.41,1.00,1.18,1.57,1.43,1.00,1.00
1.16,2.53,1.00,1.00,1.18,1.29,1.00,1.00,1.00,1.00,1.00,1.01,1.09,1.28,1.00,1.00,1.12,1.54,1.71,1.37,1.00,1.00,1.00,1.00,1.00,1.00,1.12,1.90,2.27,2.37,2.36,2.42,2.45,2.06,1.43,1.00,1.00,1.00,1.00,1.00,1.00,1.00,1.00,1.06,1.54,1.74,1.40,1.00,1.00,1.00,1.56,1.49,1.54,2.11,2.03,1.91,1.41,1.00,1.00,1.00,1.00,1.00,1.00,1.00,1.00,1.40,1.74,1.95,2.03,2.20,1.90,1.31,1.59,1.15,1.01,1.26,1.63,1.00,1.00,1.00,1.00,1.15,1.00,1.22
1.59,2.55,1.00,1.00,1.63,2.58,1.00,1.28,1.00,1.22,2.16,2.51,2.58,2.27,1.36,1.00,1.00,1.00,1.00,1.00,1.12,1.00,1.00,1.00,1.00,1.00,1.00,1.80,1.94,2.31,2.27,1.98,2.29,1.93,1.00,1.00,1.00,1.00,1.00,1.00,1.00,1.00,1.00,1.00,1.25,1.66,1.22,1.00,1.00,1.07,1.55,1.48,1.43,1.98,2.13,2.10,1.66,1.00,1.00,1.00,1.00,1.00,1.00,1.00,1.00,1.67,1.74,1.70,2.05,1.88,1.11,1.00,1.00,1.00,1.00,1.00,1.00,1.01,1.02,1.02,1.00,1.00,1.00,1.00
2.50,1.00,1.00,1.00,1.30,1.00,1.00,1.14,1.00,2.92,3.26,4.54,2.79,1.63,1.00,1.00,1.00,1.00,1.00,2.36,3.01,3.03,1.23,1.12,1.00,1.00,1.00,2.12,1.89,1.88,1.79,1.85,1.42,1.00,1.00,1.00,1.00,1.19,1.39,1.41,1.15,1.00,1.00,1.00,1.04,1.19,1.00,1.00,1.00,1.13,1.72,1.40,1.42,1.76,2.32,1.76,1.16,1.00,1.00,1.00,1.00,1.00,1.00,1.00,1.54,1.74,1.72,2.03,2.40,1.80,1.00,1.00,1.00,1.00,1.37,1.00,1.00,1.00,1.00,1.00,1.00,1.00,1.00,1.00
1.00,1.00,1.00,1.00,1.47,1.81,1.00,1.30,2.69,3.04,3.24,2.95,3.58,1.00,1.12,2.29,1.00,1.67,2.26,3.85,3.47,3.74,2.60,2.07,1.05,1.00,1.71,1.00,1.23,1.12,1.16,1.22,1.03,1.00,1.00,1.11,1.07,1.65,1.98,1.92,1.58,1.57,1.00,1.00,1.00,1.00,1.00,1.00,1.00,1.59,2.54,2.54,1.89,1.81,2.45,2.14,1.31,1.00,1.00,1.00,1.00,1.00,1.00,1.04,1.60,1.62,1.30,1.70,2.32,2.38,1.63,1.00,1.00,1.00,1.48,1.50,1.23,1.13,1.15,1.00,1.00,1.05,1.00,1.42
1.00,1.00,1.00,1.36,2.08,1.62,1.00,2.77,4.07,4.83,2.57,3.51,2.96,2.88,5.14,3.93,1.26,1.00,3.63,4.88,2.33,3.32,2.94,3.51,3.66,1.91,1.19,1.00,1.00,1.00,1.00,1.00,1.00,1.00,1.00,1.00,2.10,2.29,2.08,2.38,1.42,1.00,1.00,1.00,1.00,1.00,1.00,1.00,1.00,1.52,2.38,2.54,1.98,1.97,2.23,2.33,1.41,1.00,1.00,1.00,1.00,1.00,1.07,1.58,1.58,1.34,1.47,1.71,2.23,2.49,2.07,1.37,1.00,1.06,1.45,1.50,1.32,1.34,1.21,1.00,1.42,1.33,1.13,1.00
1.00,1.00,1.25,2.00,1.23,1.00,1.00,3.85,4.24,4.02,2.45,3.39,1.00,4.13,3.97,2.34,1.00,1.00,2.57,4.79,4.06,3.41,3.00,2.61,2.84,2.51,1.55,1.00,1.00,1.00,1.00,1.00,1.00,1.00,1.00,1.06,1.43,2.36,1.37,1.77,1.09,1.00,1.00,1.00,1.00,1.00,1.00,1.00,1.00,1.06,1.90,2.12,1.71,1.51,1.89,1.81,1.37,1.00,1.14,1.00,1.00,1.00,1.05,1.22,1.37,1.25,1.32,1.68,2.09,2.52,2.27,1.61,1.05,1.30,1.49,1.39,1.44,1.53,1.20,1.00,1.00,1.00,1.00,1.00
1.59,1.66,2.17,1.95,1.00,1.00,1.13,3.63,2.05,1.00,1.00,1.00,1.44,1.00,1.00,1.00,1.43,1.09,2.92,2.72,3.30,4.34,3.89,4.08,2.29,1.19,1.00,1.00,1.00,1.00,1.00,1.00,1.00,1.00,1.00,1.00,1.80,2.05,1.54,1.00,1.00,1.00,1.00,1.00,1.00,1.00,1.00,1.00,1.00,1.00,1.08,1.55,1.61,1.11,1.16,1.25,1.00,1.05,1.39,1.01,1.00,1.00,1.00,1.00,1.00,1.00,1.18,1.41,1.54,1.92,2.20,1.57,1.09,1.10,1.60,1.78,1.64,1.61,1.62,1.00,1.00,1.00,1.00,1.00
2.78,3.06,2.58,1.00,1.24,1.00,2.00,2.72,1.00,1.00,1.00,1.20,1.32,1.11,1.00,1.00,1.72,1.95,2.48,4.00,4.66,3.53,3.36,2.99,2.79,2.11,1.23,1.04,1.00,1.00,1.00,1.00,1.00,1.00,1.43,1.32,2.01,1.88,1.00,1.00,1.00,1.12,1.00,1.00,1.02,1.00,1.00,1.00,1.00,1.00,1.00,1.00,1.24,1.23,1.24,1.00,1.00,1.06,1.40,1.55,1.00,1.00,1.00,1.00,1.00,1.00,1.16,1.32,1.30,2.11,2.26,1.66,1.00,1.06,1.41,1.36,1.32,1.18,1.18,1.00,1.00,1.00,1.00,1.00
2.46,2.35,1.85,2.48,2.02,1.00,1.00,1.78,2.82,1.84,1.00,1.15,1.48,2.53,1.40,1.00,1.00,1.55,2.80,3.69,4.99,4.04,3.02,3.02,2.96,3.27,1.00,1.00,1.58,1.12,1.60,1.00,1.00,1.00,1.52,1.50,1.43,1.89,1.19,1.00,1.00,1.00,1.00,1.00,1.00,1.00,1.00,1.00,1.00,1.00,1.00,1.00,1.00,1.00,1.00,1.00,1.00,1.00,1.18,1.38,1.02,1.00,1.00,1.00,1.05,1.08,1.36,1.29,1.35,2.06,2.27,1.89,1.55,1.60,1.41,1.15,1.14,1.39,1.00,1.00,1.00,1.00,1.00,1.00
1.78,1.26,2.16,3.27,3.31,1.00,1.08,1.55,2.14,1.24,1.00,1.83,2.11,2.23,1.45,1.00,1.00,1.14,2.39,4.05,4.97,4.70,4.15,4.33,3.89,3.19,3.01,1.00,2.24,1.67,1.38,1.04,1.00,1.00,1.00,1.00,1.26,1.52,1.29,1.41,1.00,1.00,1.00,1.00,1.00,1.00,1.00,1.00,1.00,1.00,1.00,1.00,1.00,1.00,1.00,1.00,1.00,1.00,1.00,1.00,1.00,1.00,1.00,1.00,1.11,1.26,1.38,1.44,1.64,2.14,2.04,1.87,1.84,1.75,1.62,1.45,1.20,1.00,1.00,1.00,1.00,1.00,1.00,1.00
2.20,2.27,2.09,2.45,1.00,1.32,1.01,1.83,1.88,1.00,1.00,2.50,2.26,2.63,1.43,1.00,1.70,2.38,3.05,3.92,4.83,5.07,4.71,4.49,3.43,1.89,1.53,1.40,1.00,1.14,1.27,1.59,1.30,1.00,1.00,1.00,1.00,1.58,2.03,1.66,1.00,1.00,1.00,1.00,1.00,1.00,1.00,1.00,1.95,1.00,1.58,1.67,1.20,1.00,1.05,1.00,1.00,1.00,1.00,1.00,1.00,1.00,1.00,1.13,1.11,1.10,1.53,1.66,1.73,2.02,1.88,1.71,2.29,2.23,1.84,1.26,1.05,1.00,1.00,1.00,1.00,1.00,1.00,1.00
1.31,2.13,1.45,2.60,2.20,1.00,1.00,1.00,1.00,1.00,1.00,1.52,1.99,3.36,1.58,1.00,2.46,3.28,3.28,3.96,4.13,4.86,3.27,2.48,2.80,2.61,1.31,1.10,1.00,1.00,1.21,1.69,1.47,1.23,1.00,1.06,1.00,1.00,1.00,1.39,1.06,1.00,1.00,1.00,1.00,1.00,1.00,1.52,1.69,1.00,1.00,1.07,1.00,1.00,1.36,1.43,1.61,1.29,1.00,1.61,1.39,1.45,1.49,1.42,1.08,1.00,1.29,1.61,1.99,1.92,2.15,2.50,2.70,2.14,1.21,1.62,1.09,1.10,1.00,1.00,1.00,1.00,1.00,1.00
1.00,1.19,2.71,2.34,1.00,2.19,1.00,1.00,1.00,2.11,1.72,1.00,1.45,3.06,1.76,1.00,2.32,3.21,3.98,3.64,4.78,4.19,3.13,2.02,1.88,2.95,1.83,1.00,1.00,1.00,1.00,2.42,1.74,1.59,1.00,1.00,1.66,1.00,1.00,1.00,1.00,1.00,1.00,1.00,1.00,1.00,1.00,1.56,1.07,1.00,1.00,1.00,1.00,1.00,1.13,1.55,2.12,2.25,1.86,1.95,1.53,1.73,1.62,1.55,1.76,1.36,1.60,1.96,2.30,2.16,2.01,2.30,2.55,2.05,2.15,1.95,1.25,1.43,1.06,1.00,1.00,1.00,1.00,1.00
1.00,1.00,2.46,1.64,1.18,1.00,1.00,1.00,1.18,1.42,1.03,1.67,1.73,3.44,2.62,1.55,1.00,1.00,1.68,2.26,2.86,2.32,1.51,1.00,1.41,1.85,3.23,2.57,1.00,1.00,1.47,2.59,2.17,1.00,1.14,1.00,1.29,1.00,1.63,1.56,1.00,1.00,1.00,1.63,1.00,1.00,1.08,1.00,1.00,1.00,1.00,1.00,1.00,1.00,1.00,2.14,2.59,2.63,1.98,2.28,1.77,1.82,2.22,2.01,1.85,1.84,1.99,1.53,2.31,2.18,1.30,1.88,1.99,2.04,2.32,2.13,1.99,1.57,1.13,1.00,1.00,1.00,1.00,1.00
1.00,1.00,1.00,1.00,2.00,1.00,1.65,1.53,3.95,3.15,3.41,1.00,1.00,1.00,1.00,1.23,1.28,1.00,1.00,1.00,1.00,1.00,1.00,1.20,2.32,3.69,4.06,2.30,1.51,1.00,1.11,2.03,2.47,3.42,3.73,2.18,1.00,1.56,1.00,1.00,1.38,1.46,2.34,2.05,1.00,1.04,1.00,1.00,1.94,2.00,1.00,1.06,1.00,1.00,1.00,1.88,2.35,2.32,1.86,1.49,2.07,2.49,2.82,2.71,2.17,2.11,2.04,1.89,1.56,1.52,1.04,1.65,1.61,1.61,1.79,2.20,2.17,1.39,1.00,1.00,1.00,1.00,1.00,1.00
2.13,1.00,1.28,1.42,1.00,1.53,2.28,3.30,1.00,2.31,2.04,1.00,1.00,1.00,1.32,1.91,1.27,1.00,1.55,1.05,1.36,1.00,1.14,2.23,3.77,4.60,4.53,3.55,1.52,1.00,1.41,2.25,3.27,4.59,5.83,4.45,1.46,1.35,1.33,1.00,1.00,2.12,2.65,1.45,1.00,1.00,1.12,1.33,1.94,2.62,2.31,1.71,1.31,1.07,1.27,1.16,1.31,1.82,1.96,2.47,3.63,3.41,3.54,3.17,2.17,1.00,1.00,1.00,1.00,1.39,1.00,2.28,2.29,2.09,1.98,2.42,2.54,2.11,1.71,1.63,1.40,1.00,1.00,1.00
4.23,1.47,1.42,3.42,4.58,3.53,3.57,4.86,2.54,1.00,1.00,1.43,1.74,1.00,1.00,1.60,1.00,1.44,2.26,2.13,2.05,1.00,1.00,2.62,2.70,1.73,1.88,1.40,2.69,1.03,1.00,2.30,2.80,5.17,6.21,6.02,1.87,2.44,1.86,1.00,2.12,2.26,2.50,1.00,1.00,1.00,1.16,2.26,1.33,3.10,3.12,1.71,2.17,1.46,1.68,1.39,1.61,2.13,2.16,1.48,2.70,1.49,2.78,3.12,2.23,1.23,1.00,1.00,1.27,1.49,2.35,3.01,3.37,3.48,3.85,3.43,2.41,1.55,1.00,1.01,1.00,1.00,1.00,1.00
2.65,3.65,2.93,5.13,7.56,4.92,3.70,2.93,3.37,2.71,1.96,1.78,1.59,2.28,1.00,1.00,1.00,1.28,1.67,1.29,1.00,1.00,1.20,1.19,1.11,1.00,1.00,1.16,1.00,1.96,2.50,2.24,1.00,4.84,6.20,5.27,1.00,3.37,3.49,3.84,3.80,2.67,1.90,1.13,1.00,1.00,1.00,2.32,2.96,1.78,2.36,1.51,2.06,1.00,2.56,2.04,2.17,1.98,1.56,1.25,1.00,1.00,1.59,2.20,2.82,2.66,3.56,4.46,4.65,4.52,4.12,4.02,4.22,4.00,4.13,3.48,2.94,2.38,1.00,1.00,1.00,1.00,1.00,1.00
1.22,1.00,2.43,2.01,3.38,3.99,4.42,3.85,3.44,2.00,1.34,1.34,1.14,1.47,1.72,1.00,1.00,1.36,1.00,1.00,2.14,1.21,1.00,1.05,1.00,1.00,1.00,1.00,1.00,1.40,2.40,1.26,2.17,1.10,3.36,3.72,2.56,1.15,1.84,4.60,4.61,2.75,1.87,1.00,1.00,1.00,1.00,1.00,2.22,2.11,1.36,1.65,1.02,1.61,1.24,1.66,2.13,1.71,1.62,1.34,1.30,1.71,2.13,2.36,2.31,2.10,2.87,3.60,4.20,3.69,2.71,2.46,1.03,1.00,1.00,1.00,1.00,1.00,1.05,1.00,1.05,1.04,1.00,1.00
1.10,1.31,1.96,2.09,3.50,4.16,3.27,2.27,1.90,1.75,1.00,1.27,1.90,1.28,1.00,1.00,1.00,1.26,1.00,2.68,2.15,1.29,1.36,1.00,1.06,1.00,1.00,1.00,1.11,1.72,2.22,2.31,2.42,2.56,2.11,1.00,1.00,1.33,1.11,4.66,4.58,1.37,1.00,2.13,1.00,1.00,1.00,1.00,1.00,1.00,1.37,1.03,1.00,1.00,1.00,1.09,1.00,1.24,1.56,2.17,2.94,2.63,2.32,2.32,2.43,2.75,2.20,1.51,1.01,1.00,1.26,1.89,1.93,2.25,2.56,3.08,3.67,3.68,2.99,1.89,2.32,2.99,2.91,1.64
1.00,1.00,1.69,1.38,1.66,2.08,1.00,1.39,1.00,1.00,1.00,1.10,3.15,1.84,1.00,1.00,1.00,1.03,1.00,2.40,1.95,1.21,1.03,1.97,1.00,1.00,1.00,1.00,1.00,1.00,1.74,2.25,2.21,1.00,1.00,1.31,2.02,2.01,1.00,3.06,3.92,2.85,1.45,1.64,1.00,1.83,1.19,1.00,1.00,1.00,1.00,1.00,1.00,1.00,1.30,1.00,1.19,1.19,1.53,1.63,2.46,2.99,2.14,1.71,1.15,1.00,1.79,3.40,3.51,3.02,1.77,2.06,2.22,4.57,4.29,3.50,3.72,3.49,2.68,2.14,2.61,2.91,2.88,3.76
