Automation/Quotaero Data/current-wind_difference-surface-level-gfs-1.0.json
{"header": {"surface1TypeName":"Specified height level above ground","discipline":0,"shapeName":"Earth spherical with radius of 6,371,229.0 m","gridUnits":"degrees","numberPoints":65160,"resolution":48,"lo2":359,"lo1":0,"dx":1,"dy":1,"surface2Type":255,"productTypeName":"Forecast products","productDefinitionTemplateName":"Analysis/forecast at horizontal level/layer at a point in time","basicAngle":0,"disciplineName":"Meteorological products","parameterNumberName":"U-component_of_wind","refTime":"2015-02-06T00:00:00.000Z","surface1Type":103,"shape":6,"scanMode":0,"significanceOfRTName":"Start of forecast","surface1Value":10,"parameterUnit":"m.s-1","productStatusName":"Operational products","gridDefinitionTemplate":0,"gribLength":77505,"genProcessTypeName":"Forecast","centerName":"US National Weather Service - NCEP(WMC)","gridDefinitionTemplateName":"Latitude_Longitude","nx":360,"parameterCategoryName":"Momentum","ny":181,"surface2TypeName":"Missing","subDivisions":0,"winds":"true","forecastTime":0,"la2":-90,"la1":90,"productType":1,"parameterCategory":2,"center":7,"genProcessType":2,"subcenter":0,"productStatus":0,"productDefinitionTemplate":0,"parameterNumber":2,"surface2Value":0,"gribEdition":2,"significanceOfRT":1}, "data":
[rows 0 to 39 of 181, columns 180 to 269 of 360]
.28,.27,.27,.28,.27,.27,.28,.27,.27,.27,.27,.27,.28,.27,.28,.28,.28,.28,.27,.27,.27,.28,.27,.28,.27,.28,.27,.27,.28,.27,.28,.28,.27,.27,.28,.28,.28,.27,.28,.28,.27,.27,.27,.27,.28,.27,.27,.27,.28,.27,.27,.28,.27,.27,.27,.28,.28,.28,.28,.28,.27,.27,.27,.27,.27,.28,.27,.28,.27,.28,.27,.27,.27,.27,.27,.27,.27,.27,.27,.27,.27,.28,.28,.28,.27,.27,.28,.27,.28,.28
1.65,1.67,1.70,1.71,1.73,1.75,1.78,1.80,1.83,1.85,1.87,1.91,1.94,1.96,2.00,2.03,2.06,2.10,2.12,2.15,2.17,2.19,2.21,2.23,2.24,2.25,2.28,2.30,2.29,2.30,2.30,2.31,2.30,2.30,2.29,2.29,2.27,2.27,2.26,2.24,2.24,2.23,2.21,2.18,2.15,2.14,2.10,2.06,2.01,1.98,1.93,1.89,1.86,1.82,1.79,1.74,1.70,1.65,1.61,1.57,1.54,1.48,1.46,1.40,1.36,1.32,1.28,1.23,1.19,1.13,1.10,1.04,1.00,.98,.94,.90,.89,.84,.81,.78,.75,.71,.69,.67,.64,.61,.58,.55,.51,.49
2.62,2.67,2.72,2.76,2.82,2.88,2.92,2.95,3.00,3.03,3.07,3.09,3.11,3.15,3.17,3.20,3.22,3.25,3.29,3.30,3.31,3.32,3.33,3.33,3.34,3.35,3.35,3.35,3.35,3.33,3.30,3.27,3.23,3.18,3.09,2.99,2.88,2.75,2.62,2.45,2.25,2.04,1.81,1.58,1.34,1.07,.79,.50,.19,.11,.46,.79,1.15,1.51,1.87,2.22,2.57,2.89,3.19,3.48,3.76,3.98,3.76,3.51,3.25,3.00,2.78,2.56,2.37,2.17,2.00,1.85,1.71,1.60,1.50,1.41,1.37,1.31,1.29,1.28,1.28,1.31,1.34,1.40,1.43,1.49,1.54,1.62,1.69,1.77
4.68,4.72,4.73,4.73,4.74,4.76,4.78,4.81,4.83,4.88,4.89,4.91,4.91,4.92,4.92,4.93,4.99,5.05,5.10,5.14,5.19,5.23,5.27,5.33,5.38,5.41,5.45,5.52,5.64,5.76,5.86,5.96,6.05,6.15,6.21,6.29,6.37,6.44,6.46,6.46,6.45,6.41,6.37,6.30,6.23,6.14,6.05,5.94,5.85,5.75,5.64,5.52,5.43,5.35,5.31,5.26,5.20,5.16,5.13,5.16,5.18,5.21,5.25,5.29,5.32,5.32,5.31,5.31,5.24,5.13,5.00,4.85,4.67,4.48,4.24,4.00,3.72,3.43,3.15,2.84,2.53,2.18,1.84,1.51,1.19,.81,.44,.08,.27,.61
9.30,9.55,9.80,10.03,10.25,10.52,10.77,11.02,11.26,11.48,11.70,11.87,12.02,12.14,12.20,12.21,12.19,12.11,11.99,11.84,11.69,11.54,11.40,11.28,11.18,11.09,11.01,10.91,10.80,10.68,10.54,10.43,10.30,10.14,9.99,9.80,9.61,9.43,9.29,9.20,9.12,9.06,9.06,9.12,9.20,9.30,9.37,9.44,9.46,9.45,9.42,9.30,9.19,9.04,8.88,8.73,8.60,8.50,8.44,8.41,8.41,8.42,8.46,8.48,8.44,8.36,8.22,7.98,7.68,7.34,6.94,6.52,6.07,5.63,5.16,4.70,4.26,3.85,3.50,3.16,2.82,2.44,2.01,1.55,1.14,.88,.76,.70,.41,.09
3.20,3.07,3.00,2.93,2.88,2.82,2.74,2.66,2.58,2.48,2.38,2.28,2.18,2.08,1.97,1.84,1.74,1.61,1.48,1.31,1.15,.97,.78,.61,.48,.42,.44,.63,1.03,1.73,2.75,4.06,5.72,7.64,9.67,11.27,11.75,10.99,9.87,8.99,8.48,8.26,8.34,8.60,8.77,8.91,8.97,8.91,8.82,8.61,8.48,8.40,8.42,8.55,8.77,9.03,9.31,9.54,9.75,9.91,10.03,10.11,10.19,10.28,10.31,10.15,9.83,9.28,8.48,7.46,6.39,5.33,4.36,3.48,2.75,2.20,1.76,1.49,1.24,1.08,.92,.76,.60,.43,.26,.22,.13,.09,.09,.11
2.91,2.83,2.73,2.65,2.53,2.43,2.30,2.19,2.09,2.00,1.91,1.83,1.74,1.66,1.56,1.46,1.31,1.21,1.05,.86,.64,.44,.22,.04,.10,.17,.20,.28,.23,.12,.04,.04,.28,.41,.43,.39,.30,.00,.50,1.19,2.03,2.80,3.43,3.60,3.08,1.73,.57,3.68,6.93,10.11,10.57,8.62,7.74,7.61,8.03,8.82,9.59,10.00,10.01,9.76,9.46,9.24,9.07,8.89,8.63,8.25,7.91,7.75,7.67,7.05,5.60,3.88,2.07,.65,.28,.78,.95,.96,.87,.75,.64,.57,.52,.48,.40,.27,.07,.21,.46,.73
2.18,2.12,2.08,1.95,1.85,1.76,1.66,1.56,1.49,1.37,1.27,1.16,1.05,.91,.77,.61,.44,.26,.04,.15,.34,.49,.64,.77,.92,1.05,1.19,1.34,1.49,1.63,1.68,1.75,1.79,1.84,1.86,1.88,1.86,1.83,1.80,1.82,1.93,2.04,2.18,2.29,2.38,2.47,2.53,2.52,2.56,2.70,2.90,3.10,3.21,3.12,2.77,2.14,1.42,.59,.35,1.31,2.25,2.93,3.27,3.28,3.03,2.64,2.21,1.63,.96,.21,.48,1.06,1.45,1.74,2.01,2.30,2.57,2.78,2.89,2.89,2.83,2.75,2.64,2.46,2.21,1.90,1.43,.82,.21,.40
1.01,1.04,1.06,1.06,1.05,1.02,.97,.88,.77,.65,.49,.32,.15,.07,.27,.49,.70,.96,1.22,1.47,1.73,1.99,2.25,2.54,2.82,3.14,3.50,3.88,4.23,4.54,4.80,4.98,5.13,5.24,5.30,5.29,5.22,5.08,4.93,4.80,4.75,4.71,4.65,4.52,4.35,4.17,4.03,3.92,3.81,3.65,3.43,3.17,2.92,2.63,2.34,2.07,1.80,1.63,1.50,1.38,1.25,1.15,1.01,.91,.88,.96,1.08,1.27,1.41,1.53,1.66,1.87,2.21,2.62,2.99,3.25,3.37,3.43,3.54,3.67,3.82,3.92,3.80,3.48,3.09,2.80,2.70,2.63,2.30,1.62
.84,.89,.89,.93,.97,.99,1.00,1.01,1.00,1.02,.99,.95,.87,.78,.67,.54,.36,.15,.08,.32,.56,.82,1.09,1.37,1.69,2.07,2.47,2.91,3.37,3.85,4.35,4.89,5.41,5.85,6.28,6.69,7.06,7.35,7.51,7.55,7.53,7.51,7.39,7.31,7.22,7.14,7.04,6.87,6.63,6.41,6.21,6.04,5.87,5.71,5.54,5.35,5.08,4.74,4.40,4.03,3.74,3.40,3.05,2.82,2.76,2.82,2.92,3.00,3.10,3.25,3.44,3.69,3.92,4.07,4.10,4.10,4.12,4.23,4.46,4.78,5.16,5.49,5.69,6.10,6.89,7.92,6.46,3.02,.88,.70
1.96,2.23,2.41,2.53,2.61,2.60,2.55,2.53,2.49,2.46,2.46,2.35,2.28,2.23,2.16,2.08,1.97,1.82,1.58,1.29,1.00,.62,.29,.09,.52,.98,1.44,1.97,2.43,2.84,3.23,3.63,4.04,4.46,4.92,5.45,6.02,6.62,7.22,7.80,8.31,8.73,9.03,9.23,9.31,9.31,9.20,9.08,8.98,8.91,8.87,8.85,8.73,8.52,8.28,8.05,7.76,7.42,7.09,6.78,6.47,6.23,6.04,5.95,5.83,5.61,5.36,5.15,4.99,4.91,4.85,4.77,4.65,4.51,4.31,4.03,3.77,3.72,3.91,4.26,4.87,5.94,7.85,9.97,10.51,8.85,6.92,8.45,13.16,15.14
.46,.74,1.05,1.37,1.73,2.06,2.28,2.40,2.49,2.55,2.61,2.65,2.68,2.78,2.82,2.67,2.59,2.54,2.32,2.08,1.83,1.48,1.16,.80,.41,.06,.32,.56,.83,1.22,1.58,1.99,2.44,2.93,3.45,3.96,4.51,4.99,5.47,5.96,6.50,7.06,7.63,8.23,8.81,9.38,9.87,10.17,10.30,10.26,10.15,10.01,9.95,9.84,9.74,9.57,9.34,9.08,8.83,8.57,8.29,8.01,7.74,7.45,7.17,6.99,6.83,6.69,6.59,6.46,6.15,5.78,5.49,5.28,5.03,4.96,5.38,5.99,5.04,3.84,2.63,2.28,2.44,1.66,1.06,1.88,4.05,6.15,4.70,2.47
2.38,1.90,1.47,1.09,.54,.06,.43,.83,1.04,1.32,1.78,2.08,1.80,1.95,2.10,1.98,1.74,1.44,1.20,.93,.60,.33,.07,.27,.51,.92,1.08,1.17,1.34,1.54,1.71,1.76,1.95,2.15,2.33,2.68,2.98,3.31,3.74,4.07,4.41,4.75,5.14,5.57,6.02,6.48,6.98,7.49,8.00,8.55,8.98,9.35,9.60,9.65,9.62,9.47,9.28,9.03,8.75,8.48,8.19,7.97,7.86,7.79,7.77,7.82,7.85,7.95,7.90,7.41,6.83,6.38,6.11,5.90,5.74,5.47,4.87,4.76,4.79,4.78,4.82,4.55,3.36,2.03,.95,.46,2.25,2.55,1.85,.08
5.38,5.24,5.12,5.00,4.82,4.49,3.97,3.37,2.83,2.40,1.89,1.51,1.25,1.12,.92,.85,.91,.84,1.25,1.34,1.44,1.72,2.00,2.11,2.20,2.29,2.33,2.14,2.09,2.09,2.18,1.97,1.88,1.85,1.82,1.83,1.93,2.03,2.15,2.33,2.45,2.62,2.85,3.10,3.35,3.61,3.87,4.16,4.47,4.92,5.44,6.04,6.60,7.06,7.36,7.48,7.44,7.15,6.67,6.36,6.41,6.76,7.33,7.98,8.00,8.17,8.76,9.26,9.09,8.54,8.20,8.12,7.54,6.65,6.00,5.26,4.44,4.10,4.13,4.54,4.65,4.36,3.20,2.97,3.55,2.97,.07,2.25,1.83,.51
6.65,7.11,7.51,8.04,7.94,7.74,7.49,7.25,6.85,6.27,5.64,5.02,4.49,4.02,3.59,3.55,3.46,3.22,3.40,3.69,3.81,3.85,3.74,3.60,3.43,3.12,2.91,2.51,2.11,1.85,1.67,1.43,1.15,.76,.55,.44,.22,.10,.13,.20,.21,.39,.56,.66,.81,1.07,1.32,1.55,1.77,2.04,2.41,2.84,3.19,3.36,3.33,3.16,3.03,2.79,2.33,2.30,2.84,3.35,3.83,4.86,4.61,6.44,9.34,8.27,4.70,.78,.86,3.01,4.89,3.64,3.20,1.52,.33,.58,.75,1.33,1.08,1.50,1.08,.46,.03,1.67,2.45,1.27,.39,.66
5.13,5.55,5.99,6.44,6.80,7.19,7.74,8.43,8.96,9.05,8.70,7.99,7.02,5.95,5.26,4.90,4.58,4.48,4.57,4.77,4.74,4.68,4.38,4.01,3.57,2.93,2.28,1.78,1.74,1.17,.45,.33,.50,.87,1.23,1.41,1.44,1.61,1.66,1.67,1.62,1.62,1.58,1.47,1.30,1.10,.88,.75,.70,.68,.60,.36,.34,.51,.60,.58,.56,.15,.66,1.12,1.10,.69,.29,.42,2.38,3.11,2.86,2.38,2.80,.44,1.08,.58,1.01,.72,.59,.79,.32,.15,.25,1.33,1.29,.77,.46,.58,1.62,1.44,.62,.90,.77,1.96
1.89,2.28,2.80,3.31,3.88,4.45,5.07,5.79,6.27,6.50,7.00,7.68,8.18,7.42,6.48,6.20,6.06,5.99,5.94,5.74,5.58,5.10,4.50,3.90,3.48,2.73,2.10,1.60,.88,.22,.39,.85,1.37,1.70,1.95,2.53,2.69,2.83,2.96,3.15,3.15,3.06,2.93,2.74,2.68,2.61,2.47,2.31,2.26,2.33,2.61,2.84,2.90,2.84,3.08,3.51,3.41,3.21,1.72,2.52,2.48,.67,.10,.30,2.58,1.56,.91,1.12,.50,.04,.43,1.18,1.81,2.05,2.15,2.01,2.23,2.28,2.00,1.62,1.04,.53,.45,1.01,.22,.17,.59,.45,.03,1.16
.08,.13,.38,.68,1.05,1.44,1.78,2.44,3.02,3.71,4.30,4.28,4.02,4.02,4.39,4.95,5.28,5.56,5.48,5.25,5.02,4.72,4.40,4.02,3.71,2.91,2.10,1.26,.52,.20,.84,1.43,2.06,2.18,2.30,2.60,2.93,3.28,3.61,3.83,3.92,4.04,3.82,3.87,4.04,3.81,3.87,3.93,3.94,3.95,4.01,4.23,4.30,4.42,4.68,4.49,3.45,3.54,3.92,2.98,3.09,4.41,2.92,2.21,2.96,3.29,3.14,3.24,1.63,1.92,1.40,.22,1.59,.35,.17,1.64,2.79,2.81,2.12,2.77,3.39,1.72,.81,.29,1.81,2.29,1.62,.69,.58,2.49
2.19,1.48,.15,.45,.70,.80,.66,.78,1.23,1.76,1.96,1.77,1.37,1.27,1.12,1.16,1.24,1.58,2.45,3.51,4.32,4.83,5.02,4.85,4.39,3.72,2.90,1.83,1.09,.11,.68,1.29,1.54,2.32,3.06,3.37,4.16,4.84,5.18,5.39,5.50,5.18,5.16,4.91,4.73,4.60,4.85,5.14,5.09,4.97,5.26,5.22,5.22,5.56,5.68,5.40,5.73,4.62,3.69,4.37,3.47,4.04,3.98,4.59,4.51,3.98,3.36,3.98,3.04,.50,1.10,1.09,2.02,.93,.19,.92,.26,1.61,2.66,3.56,3.18,1.92,.03,1.09,.67,.34,.92,1.81,.26,.59
.10,.31,1.62,1.70,.16,.65,.24,.00,.05,.14,.29,.15,.88,1.33,1.34,1.10,.62,.55,.69,.51,.43,1.76,3.09,3.67,4.40,4.46,4.33,3.16,2.64,1.84,.98,.02,.44,.91,1.58,2.63,3.60,4.93,6.73,7.82,7.47,7.19,6.86,6.43,6.22,5.89,5.84,5.71,5.68,5.56,5.66,5.72,5.40,5.24,5.22,5.55,5.17,5.47,6.05,5.02,3.65,2.87,3.69,4.93,5.06,4.53,3.13,1.47,.14,.92,1.36,2.01,2.86,3.18,3.05,2.96,2.83,1.65,.10,1.44,2.81,3.25,2.90,2.12,1.39,.69,.10,1.32,.55,.65
.97,1.64,1.56,.61,.95,1.83,1.41,.68,.36,.70,1.36,1.54,1.70,1.96,2.16,2.30,2.29,2.29,1.96,.86,.61,1.25,1.99,.45,.74,1.39,1.94,2.55,2.86,3.71,2.39,1.97,.80,.89,.15,.16,.18,1.25,2.70,3.68,5.52,7.72,8.39,8.38,7.90,7.30,6.72,6.36,6.12,5.39,4.99,5.33,5.47,4.96,4.97,5.10,4.73,4.55,4.24,4.66,5.72,6.13,4.86,3.88,3.41,4.08,3.38,2.02,2.03,2.02,1.30,1.56,2.76,3.29,3.76,2.84,2.66,2.26,.53,1.01,2.36,3.25,3.90,4.70,3.52,1.12,.82,1.21,1.28,1.59
1.68,3.12,4.00,3.44,2.68,1.81,.50,.27,.11,.18,.07,.21,1.34,.95,.59,.63,.03,.26,.04,.49,.78,.32,.27,.25,.58,.20,.64,.50,.50,.56,.04,.72,.58,2.68,.63,2.96,2.92,2.51,2.00,1.54,1.26,1.53,1.05,5.85,6.08,2.59,2.51,2.91,2.78,2.71,3.45,4.95,5.01,4.69,3.35,2.86,4.24,5.76,6.24,5.97,6.13,4.32,3.95,3.96,3.82,3.84,3.91,3.79,2.55,1.06,.16,.51,.40,1.41,2.07,.73,.21,.88,1.21,.93,1.54,2.01,2.37,1.83,.97,.69,.92,.72,.39,.46
.63,1.08,1.51,4.36,4.70,3.91,3.10,2.08,1.69,1.35,.58,.30,2.01,.83,.02,.71,.10,.15,.25,.01,.06,1.14,2.05,.63,1.46,1.49,3.22,3.43,2.77,4.85,4.50,3.60,2.84,2.47,2.25,1.79,1.24,.29,.53,.18,.11,.04,1.02,1.29,.61,1.92,.86,2.23,3.93,4.72,4.53,3.34,3.21,4.26,3.17,2.89,3.39,3.87,4.47,4.72,5.44,3.72,2.21,.10,3.29,1.66,.37,1.14,2.14,3.12,2.93,3.16,4.07,4.38,3.07,2.48,2.82,4.27,5.98,5.65,3.85,3.35,3.37,3.35,4.77,3.57,2.49,1.66,.48,.27
1.63,1.02,1.92,1.80,.17,2.52,4.25,3.14,2.15,3.90,2.61,.44,1.15,2.37,.58,.70,.91,.95,.80,.71,.32,.62,.71,.04,.44,.72,.51,.42,.06,.36,1.50,.16,.00,.15,.40,.87,1.24,1.06,1.05,.60,.49,.04,.19,1.11,.23,1.08,.30,1.24,1.46,2.69,2.26,2.54,2.06,2.71,2.80,2.87,2.86,3.56,3.73,1.86,1.08,2.31,3.68,2.94,1.33,.06,1.22,2.61,3.14,4.11,4.41,4.46,3.49,.25,1.20,1.88,2.25,3.20,3.61,3.14,2.22,2.09,2.55,1.80,2.50,3.82,2.82,.22,1.13,.29
.88,3.87,3.38,3.69,2.62,2.83,2.85,2.35,1.02,1.65,4.61,5.56,1.64,.37,.54,1.63,1.00,.16,.41,.51,.23,.24,.13,.78,1.42,.79,.79,.21,.32,1.67,1.03,1.00,.29,.48,.75,.96,.41,.03,.19,1.60,.34,.16,1.51,.32,.85,.52,.10,.04,.24,1.21,.31,.11,.54,1.50,2.66,2.03,1.81,2.17,2.97,3.37,2.82,3.03,3.42,2.42,1.70,.55,.29,1.48,2.84,4.42,4.80,5.72,4.70,3.05,1.49,.21,.96,.78,.54,.53,.51,.53,.52,.64,.93,.96,2.01,.68,.93,.90
3.02,2.78,3.11,5.59,4.29,7.65,5.89,2.18,3.25,2.35,3.85,3.06,2.03,2.38,.56,1.41,.52,.20,.52,.08,.54,.18,.85,.75,.08,.51,.57,.26,.79,1.67,2.53,2.23,.63,1.66,1.32,.81,.93,.22,.19,.50,2.18,.20,.25,1.23,.49,.89,1.11,1.98,1.44,1.56,.56,.48,.25,1.91,2.78,2.20,.66,.84,1.87,1.76,.82,1.77,2.46,2.13,2.08,1.51,.12,.50,1.65,3.67,3.64,3.42,3.72,3.52,3.09,2.83,2.38,1.56,1.21,.74,.53,.59,.75,1.26,1.30,1.00,.99,1.73,.13,.65
2.52,2.86,3.91,4.68,4.61,4.18,1.50,4.01,6.72,4.45,.36,.49,.13,1.08,.49,.45,.65,.45,.99,.46,.13,1.26,1.86,2.27,2.20,1.76,1.04,1.36,2.80,1.68,.17,.19,.38,1.36,.89,1.51,.86,1.24,.61,.70,.09,.86,1.55,3.42,3.45,2.44,1.25,1.53,1.63,.26,.28,.85,.72,.14,.02,.29,1.42,1.52,.06,.52,.89,1.59,1.59,2.35,1.92,1.61,.29,.45,.32,.60,.96,1.20,1.89,3.00,3.94,4.39,3.10,2.69,2.52,2.38,1.71,1.79,2.27,2.44,2.70,2.19,.88,.05,.47,.74
5.42,6.47,6.63,6.52,5.57,4.94,5.93,2.97,1.72,2.12,2.06,2.24,2.56,2.20,2.00,1.01,.02,.20,.80,1.55,1.83,1.94,1.95,1.31,1.88,1.00,1.39,.30,.32,.81,1.96,1.18,1.20,1.02,3.11,4.31,2.50,.88,.12,1.85,1.66,.31,.82,1.02,1.18,2.21,2.00,1.85,1.16,1.24,2.15,2.42,1.64,.80,.55,.11,.52,.04,.40,.23,1.15,1.24,.72,1.60,1.72,1.00,.00,.16,.59,.13,.74,.98,1.11,1.81,3.14,3.98,3.63,3.64,3.99,3.59,2.20,3.03,2.86,2.35,2.55,2.26,1.36,.22,.61,1.27
9.64,8.07,6.95,6.11,5.48,4.69,3.80,2.91,2.47,2.56,2.68,2.72,2.34,1.29,.36,.02,.32,2.15,1.61,1.30,1.78,2.06,2.07,3.83,4.96,3.05,.79,1.46,2.31,4.54,4.01,5.04,2.81,1.29,5.23,.99,4.98,2.08,1.27,.78,.99,.39,.22,1.88,2.64,1.07,1.30,.15,.35,.76,.57,.07,.24,.90,.20,1.34,.71,1.74,.62,.43,1.94,2.73,2.34,1.36,1.05,.17,.46,.19,.53,.11,.92,1.73,1.63,1.72,3.06,3.18,3.66,3.31,3.50,3.55,3.00,3.58,3.50,3.02,2.78,2.87,2.20,1.32,.31,2.06
6.14,5.18,4.47,3.86,3.23,2.70,2.36,2.14,1.81,.82,1.40,1.34,1.82,2.11,1.18,2.30,2.44,1.58,1.44,2.52,1.83,2.14,3.07,4.31,1.03,.03,.38,1.42,2.03,7.90,2.96,2.84,7.25,13.60,3.51,1.86,1.58,.70,2.60,5.79,3.53,.94,1.43,2.96,1.77,1.74,.91,2.33,4.31,1.64,.22,.45,.35,1.16,.99,.03,1.76,2.02,1.31,1.09,1.33,.87,.05,1.17,1.96,.87,1.10,1.32,1.66,.95,.13,.40,.91,1.61,2.12,2.70,2.61,2.39,2.36,2.99,2.74,3.04,3.23,3.62,2.90,3.28,3.19,1.78,.40,.20
3.51,3.04,2.69,2.44,2.13,1.78,1.49,1.49,1.57,1.51,1.61,2.09,2.39,2.80,2.06,2.18,3.81,4.10,4.72,4.31,1.67,1.66,1.03,3.10,.70,.37,.15,.98,5.64,3.14,2.80,6.83,7.50,7.03,2.49,3.16,.40,3.49,.30,3.33,7.97,3.25,2.23,2.23,3.07,3.37,1.74,2.20,3.38,2.26,.39,.83,5.48,5.04,4.24,.99,1.68,.76,1.09,2.08,1.29,.44,1.32,1.02,.15,1.53,2.22,2.14,1.71,1.78,1.79,1.08,.30,1.17,2.79,2.68,2.10,2.19,2.88,2.18,2.12,2.03,2.19,2.75,3.02,2.28,3.22,.13,.78,.88
3.09,2.92,2.66,2.32,2.02,1.79,1.58,1.37,1.27,1.10,.65,.14,.60,.72,3.29,2.32,1.62,2.87,3.52,.87,1.26,.32,2.59,3.58,1.96,1.50,1.26,3.34,7.21,1.45,.64,6.75,8.44,4.36,2.28,.03,.52,.48,.80,8.87,18.57,16.88,8.68,3.98,4.55,3.75,5.08,2.73,4.05,3.21,6.13,4.55,1.75,1.77,2.30,2.16,2.84,.08,.58,.28,.64,.94,.32,.82,3.44,3.52,1.39,.51,1.66,2.39,1.88,2.49,2.15,.29,2.29,1.65,1.93,3.10,1.32,1.35,.51,1.22,1.72,2.22,2.21,1.62,1.14,1.11,2.01,2.21
2.75,2.50,2.31,2.26,2.18,2.06,2.18,2.30,2.38,2.43,2.17,1.47,.53,.57,1.49,2.44,3.65,4.36,5.30,7.33,5.02,1.53,2.14,1.59,1.75,1.00,.39,1.96,1.94,1.93,.66,1.62,1.38,.14,.42,1.60,1.43,8.24,11.95,13.50,9.03,.88,4.07,18.79,3.61,8.41,5.72,6.12,4.31,3.93,2.40,3.48,3.85,1.08,2.31,1.83,.88,.87,.08,.87,2.25,.20,.48,.03,2.80,3.07,.07,.83,2.49,2.38,1.64,2.59,2.70,.71,.07,1.49,.99,1.43,.49,.03,.06,.59,.96,1.57,1.47,1.18,.63,.35,3.29,4.24
2.92,3.07,3.14,3.27,3.29,3.17,2.88,2.72,2.55,2.16,1.47,.53,.69,1.84,2.19,2.24,2.06,1.48,1.39,2.20,2.43,.82,1.54,3.68,1.14,2.38,2.36,7.43,.45,2.43,.78,.91,1.11,1.18,2.22,4.45,6.50,6.63,6.34,.90,6.21,15.31,15.39,11.75,9.18,2.58,6.53,3.17,2.70,4.18,1.81,1.94,3.32,2.56,1.66,1.65,1.12,.68,2.01,1.59,2.77,1.11,2.03,1.56,.30,1.51,1.26,.82,.36,.28,1.35,2.10,2.38,.95,.39,.24,.38,.42,.64,.08,.23,.08,.97,.94,1.06,.84,.40,.13,1.25,2.44
3.91,4.22,4.39,4.33,4.27,4.06,3.68,3.25,2.22,.83,.62,1.48,2.20,2.60,2.67,2.19,1.88,1.32,.19,2.75,1.98,.14,7.41,3.53,4.99,3.93,6.04,3.60,3.06,3.67,1.63,2.51,4.29,5.54,6.61,6.46,6.74,4.19,2.61,4.64,9.06,10.60,9.84,6.92,3.99,10.90,8.92,2.91,1.16,2.99,2.21,1.43,2.24,2.48,2.54,2.39,2.12,1.41,2.51,3.05,3.65,4.09,4.86,4.29,2.58,1.78,1.45,.08,1.36,1.51,1.82,2.98,2.08,1.09,.50,.44,.76,1.34,1.44,1.08,.05,.98,1.12,.39,.31,.01,.23,1.23,.86,2.07
4.69,5.03,5.27,5.40,4.62,3.54,2.56,1.22,.32,.46,1.58,2.43,3.50,4.15,4.22,4.04,3.43,5.35,9.64,9.03,8.09,7.90,8.74,7.66,5.94,5.23,6.04,4.05,.55,1.30,1.66,2.75,4.19,5.30,5.34,4.82,4.75,4.69,5.62,7.13,6.84,5.30,3.54,3.73,7.29,10.37,9.37,3.50,5.96,4.70,3.88,2.75,2.28,2.70,2.64,4.86,6.89,3.37,.93,1.40,.83,3.38,3.82,4.02,4.09,1.01,1.87,1.21,1.56,.05,.66,1.59,.11,1.66,1.70,2.77,.53,2.85,2.22,1.37,.33,.50,.38,.73,.33,.71,.77,.44,1.09,1.80
5.58,4.94,4.19,2.80,1.66,.62,.94,2.51,2.75,3.30,3.49,3.73,3.78,3.14,2.17,3.67,4.81,5.79,7.40,8.66,9.93,10.92,10.98,9.94,8.42,6.25,4.46,3.42,.88,.69,.30,1.16,3.80,4.23,4.17,4.04,3.72,4.07,5.70,5.55,4.30,3.34,2.53,4.54,6.57,7.63,8.40,5.37,6.15,12.24,1.89,.77,3.35,1.21,1.26,2.42,2.02,2.49,2.11,2.66,.41,.64,.13,2.22,2.21,2.94,2.93,3.00,2.05,.73,.36,.13,1.44,.17,1.74,1.83,2.38,2.06,1.27,2.53,1.69,.03,.14,.22,.38,.68,.41,.31,.43,1.15
4.06,1.07,1.46,2.85,2.93,2.31,2.24,2.08,2.59,2.71,2.39,3.53,5.47,5.01,4.25,4.02,4.77,6.00,7.23,8.60,9.62,9.88,9.93,10.08,9.30,8.18,6.19,4.26,3.14,3.75,2.33,.85,.97,2.56,2.84,2.56,2.88,3.81,3.98,3.52,4.40,5.41,6.16,7.52,8.29,9.12,6.79,.38,.59,9.48,15.02,1.82,1.00,1.44,.72,1.85,1.24,.34,2.83,1.72,1.79,1.18,2.19,1.85,2.45,4.35,5.93,6.50,3.98,2.14,1.20,.25,.96,1.08,2.04,2.45,3.58,2.68,3.10,1.74,3.48,.77,1.32,.33,.18,.12,.35,.43,.81,.22
1.89,3.79,1.84,1.91,1.97,2.27,.79,.14,2.31,3.14,4.04,5.45,6.93,8.06,8.13,8.31,7.06,5.54,6.51,7.35,7.74,8.28,8.13,7.38,7.32,7.67,7.90,7.94,6.57,5.24,4.20,1.91,.68,1.11,1.99,1.87,1.48,1.48,.68,.73,2.35,3.48,5.35,6.12,5.12,3.19,.37,.28,5.36,9.29,13.67,18.90,6.07,1.79,3.64,.30,1.02,3.69,3.52,1.70,.76,1.19,.39,1.46,.40,2.54,5.62,5.43,5.09,5.77,5.28,2.28,1.15,.43,1.02,3.31,4.03,2.68,4.37,5.57,1.99,1.34,.42,1.72,1.32,.79,1.07,1.03,.96,.06
1.36,3.14,4.47,4.23,5.12,7.11,6.80,4.41,4.14,5.43,6.16,5.96,6.82,7.28,7.42,7.57,6.79,5.20,1.78,1.93,2.61,2.55,1.12,.50,1.22,1.58,1.85,3.41,5.15,6.55,4.41,2.18,.95,.52,.53,.61,.10,.10,1.00,.89,.13,1.42,2.41,2.15,.70,1.76,8.10,1.22,5.29,7.85,10.34,9.39,.82,.29,.76,.43,3.53,4.75,1.81,1.57,1.35,1.49,1.26,.17,.27,.59,.63,.86,3.37,6.29,6.19,5.94,4.75,.56,.28,2.16,2.00,5.26,3.37,4.85,3.82,.10,.17,.51,.92,1.57,1.93,1.50,.90,.23
