Automation/Quotaero Data/current-wind_difference-surface-level-gfs-1.0.json
{"header": {"surface1TypeName":"Specified height level above ground","discipline":0,"shapeName":"Earth spherical with radius of 6,371,229.0 m","gridUnits":"degrees","numberPoints":65160,"resolution":48,"lo2":359,"lo1":0,"dx":1,"dy":1,"surface2Type":255,"productTypeName":"Forecast products","productDefinitionTemplateName":"Analysis/forecast at horizontal level/layer at a point in time","basicAngle":0,"disciplineName":"Meteorological products","parameterNumberName":"U-component_of_wind","refTime":"2015-02-06T00:00:00.000Z","surface1Type":103,"shape":6,"scanMode":0,"significanceOfRTName":"Start of forecast","surface1Value":10,"parameterUnit":"m.s-1","productStatusName":"Operational products","gridDefinitionTemplate":0,"gribLength":77505,"genProcessTypeName":"Forecast","centerName":"US National Weather Service - NCEP(WMC)","gridDefinitionTemplateName":"Latitude_Longitude","nx":360,"parameterCategoryName":"Momentum","ny":181,"surface2TypeName":"Missing","subDivisions":0,"winds":"true","forecastTime":0,"la2":-90,"la1":90,"productType":1,"parameterCategory":2,"center":7,"genProcessType":2,"subcenter":0,"productStatus":0,"productDefinitionTemplate":0,"parameterNumber":2,"surface2Value":0,"gribEdition":2,"significanceOfRT":1}, "data":
[rows 120 to 159 of 181, columns 180 to 269 of 360]
4.07,3.29,2.97,1.68,.56,2.17,5.32,5.60,5.34,5.45,5.45,4.86,3.82,3.50,3.51,3.82,3.55,2.48,1.37,.47,.97,.86,1.33,.77,.77,.61,.10,.44,.20,.50,1.27,2.35,2.22,1.94,1.30,.98,2.26,4.38,2.36,1.05,1.56,1.73,1.54,1.42,.22,.05,.29,1.26,.03,.09,.21,.72,2.14,1.46,.35,.63,1.01,1.70,.76,1.88,1.55,1.87,1.81,1.29,1.13,.80,.92,.97,.94,2.67,4.64,2.85,1.77,2.89,6.34,7.04,3.77,2.90,.69,2.59,.88,3.25,4.19,.82,1.68,2.55,.38,1.48,2.22,1.87
2.41,2.16,1.89,2.00,.03,.91,1.58,6.00,5.71,6.16,6.31,6.44,5.65,4.77,4.36,5.01,4.87,4.26,3.11,.93,.27,.20,.93,.63,1.39,1.24,.31,.86,1.42,.82,.25,.11,.43,.58,.78,.54,3.81,4.44,5.10,2.62,.28,.26,1.66,2.24,1.31,.62,.09,.27,.03,.13,.04,.67,2.35,2.80,1.42,.10,.56,1.18,2.37,.50,2.53,2.46,2.00,1.45,1.78,1.14,.38,.13,.59,.22,.92,1.40,.42,3.62,4.71,5.71,6.28,5.26,2.37,1.24,.41,5.52,4.07,.82,1.16,2.37,3.67,.50,3.29,5.12
.70,1.76,.88,.25,1.53,1.13,.82,.59,5.26,6.20,6.18,6.19,6.07,5.05,4.61,4.62,5.56,4.99,4.30,4.10,2.39,1.86,.40,.16,.79,1.20,1.58,2.28,2.10,.30,1.00,.39,1.58,1.97,2.21,.21,.90,2.41,5.22,5.84,.34,1.97,.89,1.58,1.98,1.40,.73,1.09,1.16,.52,1.88,1.74,.74,2.36,2.38,2.50,2.27,1.38,.81,3.72,.93,1.64,2.95,2.67,2.48,1.75,.96,.02,1.54,.69,.77,.58,.27,2.16,3.21,3.75,3.61,2.21,.21,2.30,2.22,.39,2.33,4.27,1.01,3.21,3.82,3.24,3.28,3.19
.22,1.31,1.59,.93,.39,.80,1.73,.06,.53,4.95,5.40,6.09,5.36,4.45,4.71,5.18,5.47,5.10,4.80,4.28,4.32,3.67,3.03,1.67,.60,.33,.42,1.80,1.96,2.07,1.07,1.54,1.38,.91,2.97,2.06,.17,.35,3.85,3.01,1.63,1.59,1.66,1.85,2.00,1.30,.83,.36,.16,.10,1.07,1.94,1.62,.49,.18,1.79,2.38,3.31,.93,.62,2.90,1.53,.05,2.54,4.11,3.63,2.26,1.01,.28,1.13,1.13,1.57,1.71,.77,.60,1.61,1.99,1.47,.05,.04,1.54,1.66,1.10,3.23,4.33,5.23,2.03,.50,2.25,3.27
.54,.70,1.20,1.75,1.66,1.40,1.81,2.56,1.31,1.61,5.34,6.76,6.68,5.34,4.57,4.66,5.17,5.02,4.46,4.76,4.08,4.03,4.82,3.89,2.49,2.16,1.70,.87,.22,.85,1.86,3.01,3.77,2.98,.42,1.89,.86,.24,.26,2.84,1.41,3.40,2.19,3.53,.22,2.00,1.29,.15,.35,.52,1.15,1.80,2.13,1.80,1.46,.07,.23,1.90,.26,1.56,.03,.41,1.93,1.12,1.65,2.82,1.56,.43,.05,.40,.72,.10,1.03,1.54,1.28,1.08,.83,1.32,.76,1.02,1.01,1.18,1.30,1.43,.48,.30,1.65,2.26,1.38,.03
.41,.27,.01,.63,1.66,2.63,3.23,3.13,2.06,2.24,4.14,6.37,6.28,5.57,5.47,5.01,5.17,5.38,5.13,5.25,5.11,5.28,3.78,3.02,3.56,3.92,3.79,3.91,2.71,.29,1.95,3.26,4.07,4.03,4.51,2.18,.70,.12,.80,1.08,3.56,5.63,4.70,1.57,1.65,1.32,1.00,.00,.36,.23,.84,1.62,2.14,2.17,1.79,1.18,.80,.65,.92,1.16,.06,.98,3.26,3.67,2.03,.15,1.83,2.71,2.87,1.77,1.36,1.45,1.59,.47,.23,.14,.42,.80,1.31,2.03,2.02,1.82,1.34,.34,.24,1.33,1.99,1.64,1.54,1.17
4.29,1.37,.13,1.10,1.78,2.21,2.56,3.12,2.36,1.31,1.05,3.94,5.80,5.67,5.53,5.45,4.64,5.28,5.07,5.10,5.59,4.91,4.70,3.22,3.15,4.11,4.49,5.50,3.85,2.94,.68,1.22,3.21,3.74,4.57,4.14,2.15,.17,.70,3.18,3.14,3.51,6.23,5.92,3.97,.47,1.34,1.39,.56,.37,1.12,2.35,2.53,2.18,2.47,2.66,1.89,.70,.31,1.56,.47,1.68,3.81,6.36,4.77,2.56,.08,2.49,3.37,2.97,2.25,1.69,1.37,1.00,.53,.68,.74,.29,.14,.16,.45,.70,.78,.12,.36,1.43,1.32,2.52,3.14,2.88
5.70,5.72,1.28,.74,1.97,2.10,2.25,2.38,2.35,1.74,1.19,1.36,3.60,6.74,6.43,5.86,6.26,5.48,4.36,4.63,4.29,4.37,4.46,3.91,3.25,3.81,3.71,4.33,4.23,3.40,2.31,1.37,.34,1.08,2.89,4.58,4.30,2.77,.24,.61,4.06,4.01,3.27,3.30,3.17,2.68,1.61,.83,.37,1.47,.80,.44,.02,1.55,2.50,2.96,2.30,4.21,.91,.33,.94,2.27,3.10,7.88,7.30,5.60,2.62,.60,1.17,2.02,2.54,1.73,1.49,1.63,1.30,.81,1.46,1.90,2.12,2.41,2.15,1.65,.56,.58,1.35,.90,.96,.09,1.72,2.37
7.53,8.34,10.12,8.38,.06,2.19,2.68,2.02,1.68,1.57,.98,.70,1.34,3.50,7.65,7.63,6.41,6.05,5.27,4.55,4.32,4.60,4.62,3.02,2.98,3.32,3.24,3.68,4.09,3.86,3.93,2.57,1.31,.59,.01,2.15,2.98,3.78,3.01,1.18,.65,3.39,3.18,2.61,1.86,1.27,1.24,2.19,2.40,.88,.65,.43,1.21,1.26,1.09,2.05,2.27,1.01,1.29,1.48,.39,1.05,1.61,8.15,7.79,7.48,4.87,3.21,1.31,.82,2.46,3.84,3.73,3.39,2.59,1.84,1.69,2.31,2.83,3.25,2.92,2.61,1.93,1.23,1.02,.58,.09,.79,.23,.91
5.14,7.71,9.07,9.33,11.59,10.10,2.28,1.46,.35,.21,.02,.23,.09,1.33,3.82,8.08,8.39,7.34,6.81,6.30,6.43,6.24,6.37,5.89,5.58,3.09,3.13,3.74,4.02,4.21,4.34,4.19,2.55,2.15,1.20,.39,1.30,2.43,2.20,1.38,.54,.53,1.72,2.02,1.44,1.09,.65,.05,.12,1.26,.04,.68,.38,1.15,1.13,1.33,3.75,.30,.48,.47,.96,1.33,2.73,8.70,7.51,7.21,4.52,3.42,1.43,.81,3.02,5.77,5.43,4.27,3.14,2.37,2.65,2.62,2.54,2.11,2.11,2.16,1.57,.76,.78,.38,.32,1.26,.82,.91
5.58,5.04,7.23,8.38,9.06,9.70,12.38,8.89,.19,.15,.82,1.28,.92,.65,.50,3.91,8.49,9.53,9.90,9.70,9.49,9.06,8.93,8.34,7.59,7.04,5.69,4.05,4.07,4.52,5.02,5.19,4.94,4.16,3.19,2.12,.14,1.92,2.51,2.33,1.16,.05,1.24,1.07,1.22,1.60,.58,.29,.11,.09,.49,.16,1.38,1.81,2.15,2.94,1.30,.78,2.82,2.31,1.87,.08,4.20,7.20,7.57,7.09,3.93,2.57,.76,1.45,3.26,5.51,5.32,4.78,3.33,3.67,4.50,4.23,3.39,3.48,3.38,2.79,2.78,2.05,1.34,1.05,.06,.39,.71,1.15
4.37,4.03,4.87,7.59,8.96,8.48,9.51,10.08,8.62,.11,1.06,1.41,.35,.98,.50,.61,5.01,8.97,10.59,10.99,10.97,11.00,11.27,11.29,10.73,9.37,8.17,7.13,5.51,4.92,4.88,4.81,6.31,6.34,4.73,4.03,1.30,.94,2.30,3.42,2.94,1.03,.20,.94,.97,.30,.75,.48,1.48,.73,.86,.82,.04,.68,2.40,.71,2.34,2.65,1.04,2.89,1.96,.29,4.44,7.74,7.70,5.20,3.00,1.71,.29,1.78,3.87,4.91,5.76,5.02,4.55,4.86,5.42,5.26,5.38,5.60,5.33,6.19,6.02,5.74,5.12,3.31,2.40,2.19,2.44,1.83
7.03,9.82,10.16,7.75,7.65,8.89,7.99,8.57,9.23,9.47,5.86,3.34,3.59,2.40,1.85,.22,.91,1.28,6.51,9.49,11.03,11.96,12.34,12.89,12.56,12.63,11.51,9.66,8.03,6.37,5.13,5.61,7.04,8.08,6.36,5.12,2.66,.22,2.10,2.60,2.37,1.64,.75,.07,.08,.20,.03,.33,.86,1.42,1.57,1.65,1.40,.59,2.36,4.30,3.87,1.87,1.28,1.85,1.50,.09,5.13,9.02,7.44,3.81,1.64,.12,1.40,2.84,4.77,4.93,5.88,5.10,5.02,5.21,6.19,6.16,6.67,6.75,6.45,6.04,6.52,6.79,5.97,4.45,3.22,3.10,2.84,2.44
9.22,14.10,12.59,11.30,7.75,7.53,5.84,6.06,8.10,8.99,5.53,.74,.07,.04,.57,1.30,2.68,2.85,.76,3.87,8.09,10.19,12.26,13.12,13.31,12.97,11.00,9.38,8.99,8.23,6.69,5.00,6.87,8.63,7.43,5.96,3.46,1.43,1.15,2.90,3.08,1.72,.95,.92,.69,.17,.32,.10,.16,.84,1.76,2.00,1.02,1.21,4.63,5.64,3.68,1.27,1.06,2.17,1.63,.70,6.52,9.22,5.98,2.35,.44,1.50,2.93,4.47,5.08,5.43,4.91,4.79,4.71,5.47,6.11,5.30,6.70,7.14,6.90,5.71,6.10,6.74,6.66,6.26,5.43,4.01,3.50,3.23
6.86,8.31,8.72,10.33,10.23,8.45,4.57,5.44,4.47,2.97,4.39,4.15,2.06,.01,1.65,2.82,2.76,3.62,4.26,2.46,3.05,7.14,9.80,11.73,13.23,12.93,12.30,10.50,8.80,8.04,7.88,5.28,5.77,7.47,9.82,7.27,4.55,2.85,.03,3.46,4.59,2.50,1.33,1.79,1.71,.61,.59,1.12,1.24,1.52,.59,.72,.00,3.79,6.43,5.75,3.62,2.62,1.48,.85,.48,2.57,8.51,6.80,3.01,.01,1.94,3.23,4.32,4.92,4.53,3.96,3.59,4.23,4.40,5.13,5.54,5.70,6.11,7.34,6.30,5.73,6.49,6.65,6.32,5.91,4.95,4.59,4.35,3.96
3.71,3.62,4.72,4.11,7.24,8.47,6.86,3.94,3.91,5.09,3.81,1.18,.89,2.47,3.73,3.48,2.68,2.80,4.53,4.69,5.50,2.45,5.83,8.79,10.68,12.45,12.74,12.12,11.81,11.63,10.46,7.37,6.14,7.95,10.57,9.87,5.97,3.93,1.52,2.49,4.69,4.14,1.20,2.37,4.65,3.68,2.33,1.81,1.32,1.01,.53,.11,3.44,7.00,7.23,6.16,4.67,3.01,1.95,.07,1.74,4.64,5.46,3.41,.20,1.71,2.86,4.10,5.06,5.03,3.81,3.63,3.19,3.24,2.95,2.70,2.83,3.58,4.71,5.80,5.39,5.08,5.43,5.12,4.74,4.56,4.12,3.91,4.46,4.73
.51,.62,.23,1.01,2.11,5.15,4.57,4.83,2.96,4.32,4.42,1.21,1.19,4.04,5.24,7.29,9.63,7.86,5.24,4.60,3.90,3.34,4.86,.29,7.67,10.25,12.69,14.82,15.17,15.35,13.25,9.69,6.33,8.16,10.40,10.65,8.29,5.82,3.53,1.18,4.44,5.26,3.30,1.77,2.29,5.16,2.66,1.56,.93,.41,.48,2.93,8.12,9.75,8.27,6.85,5.26,3.11,2.15,.99,4.18,4.40,2.60,1.43,1.43,3.80,4.34,4.36,5.71,4.49,3.87,3.01,.01,.18,.24,.88,1.70,2.66,4.21,4.04,4.56,4.62,4.38,4.12,4.33,4.39,3.58,3.21,3.76,4.09
2.28,2.17,1.73,1.21,.44,.84,5.87,1.00,2.49,3.85,5.02,5.96,.38,1.51,4.50,6.93,8.22,8.62,7.56,6.16,5.43,4.31,3.74,2.82,1.99,2.88,9.34,12.49,14.28,13.13,13.60,11.49,7.86,7.57,9.46,9.64,10.87,7.74,5.27,.69,2.75,6.71,9.38,7.77,3.94,.26,.74,.67,.24,2.22,4.31,6.60,8.61,8.22,7.96,7.03,4.79,1.79,2.42,4.73,4.98,3.64,1.64,.69,2.68,3.78,4.69,5.21,5.01,4.73,1.57,.97,.19,.14,.24,.87,2.30,3.10,3.02,3.04,3.77,4.21,4.20,3.92,3.70,3.68,3.59,4.29,4.04,3.01
2.85,2.86,2.20,2.88,2.39,1.49,1.11,4.82,7.48,.64,2.65,5.10,5.15,1.24,4.97,7.48,8.68,8.42,7.54,7.00,7.27,7.98,7.45,4.96,2.52,.28,2.87,5.83,9.77,11.93,10.51,10.12,12.13,7.43,8.28,9.11,9.68,11.59,7.76,3.70,.20,3.60,7.03,7.77,6.67,5.17,3.69,1.33,1.31,.68,.04,1.80,2.26,3.03,3.38,4.21,5.62,7.37,7.63,5.07,2.36,.02,1.55,2.97,4.31,5.05,4.16,3.63,3.68,.92,1.65,.15,.06,.13,.77,2.17,3.35,3.28,2.74,3.08,4.08,4.66,4.28,3.34,2.70,1.92,1.92,2.38,2.94,4.51
1.21,1.92,3.02,2.98,4.54,4.16,3.80,2.01,.32,7.20,2.72,1.75,1.99,1.95,4.22,7.41,8.74,9.24,8.29,7.61,7.30,7.77,9.25,8.91,5.78,2.80,1.12,5.05,7.43,9.10,9.79,9.94,9.98,14.48,9.60,8.74,8.26,10.14,11.48,7.65,4.42,2.04,.42,3.54,4.00,3.56,2.18,.07,1.58,2.79,3.82,5.07,5.03,5.12,5.08,5.91,6.01,4.47,2.93,1.24,.55,2.70,5.30,5.88,4.43,3.15,2.00,1.34,3.52,3.03,1.75,1.68,1.16,.12,.73,1.90,2.84,3.19,3.63,4.13,4.99,5.48,5.24,4.34,3.04,2.26,1.80,1.31,1.67,2.62
2.90,3.83,4.25,4.54,5.43,6.97,6.61,6.99,7.72,5.54,4.02,7.26,.54,1.47,1.90,5.96,8.82,9.99,9.77,9.02,7.87,7.00,7.63,8.23,6.07,4.07,2.00,2.02,5.40,8.17,10.64,11.21,12.33,12.70,12.24,13.51,8.52,8.62,8.49,9.32,8.96,6.65,3.83,1.86,.48,.60,.21,1.01,1.10,1.58,2.63,4.38,5.32,4.54,3.32,1.84,.56,1.30,2.92,4.55,6.72,6.55,4.73,2.88,1.86,.76,.74,4.53,3.96,3.16,3.24,2.66,1.33,.14,1.10,1.98,2.86,3.10,4.10,4.64,5.74,7.21,7.30,5.41,4.29,3.70,3.29,2.51,2.46,3.66
2.70,3.41,3.94,4.85,5.72,6.63,8.11,8.03,8.13,7.77,5.79,4.00,3.09,1.60,.98,.11,7.33,8.83,9.80,9.57,8.58,7.50,6.84,6.88,6.06,4.44,2.44,1.67,3.18,6.44,9.61,11.95,14.44,15.67,14.48,11.82,11.61,10.29,6.86,6.31,6.26,6.45,5.81,4.93,4.09,2.91,2.46,3.01,3.33,2.90,3.10,4.11,3.90,2.24,.49,.66,1.87,2.17,3.26,5.00,4.99,3.92,2.59,1.41,.88,1.07,3.75,4.55,3.63,3.16,2.49,1.78,.41,1.11,2.26,3.18,3.37,3.70,4.96,5.73,9.11,9.40,7.02,5.67,4.53,4.19,3.89,3.35,3.11,3.59
3.02,4.09,5.37,5.71,5.81,5.42,5.13,6.00,6.29,5.60,3.42,2.55,1.97,1.04,.19,1.35,2.38,8.59,9.84,10.41,9.97,9.10,8.01,6.95,7.17,5.45,3.59,2.23,.86,4.03,7.93,12.42,15.17,16.00,17.62,14.78,12.95,10.15,9.61,6.09,3.91,3.72,3.83,3.71,3.15,2.22,1.37,2.31,3.50,3.08,1.51,.65,.53,1.43,1.52,2.09,2.44,2.78,2.87,2.92,2.23,1.06,.17,.67,2.62,3.32,4.82,5.48,4.93,3.71,2.52,1.14,.03,1.49,2.20,2.37,3.57,7.74,11.01,10.83,9.37,8.36,6.66,5.58,4.98,4.45,3.76,3.52,2.74,2.66
4.04,4.96,6.35,6.63,6.26,5.81,5.20,4.96,4.24,2.93,.78,.05,.63,.41,.09,.42,.66,5.09,8.92,10.47,10.61,10.05,9.10,8.09,7.85,7.90,5.91,2.46,1.51,2.85,6.32,11.21,14.45,15.17,14.54,13.76,14.12,13.27,11.43,8.12,5.77,2.99,2.23,1.89,.95,.26,.92,1.37,1.02,1.34,2.58,4.35,5.14,4.51,4.45,3.77,3.21,2.64,1.60,.86,.38,.06,.71,1.29,3.02,4.76,6.41,5.95,4.44,3.72,2.88,1.72,.03,.99,1.61,5.45,8.58,9.39,10.72,10.99,9.82,8.18,6.81,5.68,4.22,3.44,2.66,1.57,1.05,.36
4.33,5.72,7.42,8.22,7.62,6.68,4.66,2.39,1.01,.17,.45,1.33,1.59,.64,.48,.53,.69,2.11,7.04,8.55,9.75,10.28,9.16,8.61,8.19,7.94,8.30,5.06,3.04,.13,5.44,9.62,11.67,11.96,11.68,11.31,12.43,12.74,11.36,9.95,7.97,5.96,3.44,1.00,.54,1.62,2.51,2.87,3.62,4.65,4.43,4.67,5.60,5.75,5.31,5.05,4.17,3.15,2.50,1.65,.48,.22,1.11,1.53,3.11,5.73,7.30,7.96,6.57,4.30,3.36,1.20,.40,1.64,5.21,7.41,9.31,10.91,11.36,11.23,9.60,6.18,3.24,1.77,1.21,.61,.02,1.98,2.06,3.81
5.78,6.25,6.91,7.35,7.98,7.70,7.08,6.33,5.01,.14,2.76,2.88,2.87,2.23,.33,.69,.39,.74,4.89,7.27,7.94,7.99,8.83,8.70,7.71,6.39,7.02,7.04,4.00,1.99,1.25,4.65,6.86,7.78,8.44,7.73,7.92,9.40,9.86,8.84,7.90,6.55,4.80,2.05,.58,1.37,2.61,4.00,5.09,5.86,6.36,6.56,6.48,6.22,6.04,5.01,3.69,2.82,2.04,1.45,.66,.17,1.33,3.15,4.83,6.63,7.97,8.53,7.18,5.46,3.00,.80,1.49,4.43,8.42,9.49,10.39,10.93,10.79,9.45,5.21,2.06,.37,1.04,2.16,3.09,5.11,7.01,7.04,7.35
4.33,3.58,2.20,2.84,4.28,5.84,5.44,5.27,7.00,5.85,2.84,3.29,4.05,2.79,.88,.96,.35,.52,3.40,6.28,7.84,8.14,7.42,6.55,6.06,5.93,5.67,5.24,5.05,3.22,3.77,5.78,5.44,5.13,4.26,3.40,2.87,4.20,4.82,4.49,4.61,5.12,4.69,3.19,1.47,.73,2.40,3.99,5.25,6.21,6.71,6.42,6.09,5.78,5.04,3.66,2.49,1.69,1.41,.83,.05,1.25,2.97,6.29,5.82,8.18,9.01,8.31,7.07,4.48,1.79,.53,3.17,8.01,9.38,10.42,10.32,9.50,8.44,6.49,4.24,1.90,.03,1.09,2.01,3.13,5.67,7.25,7.47,7.43
4.57,4.53,4.55,4.50,4.92,3.95,.19,1.85,3.58,8.49,7.27,2.97,2.55,2.07,.77,.58,.71,2.09,3.16,6.56,8.11,8.19,6.93,5.47,4.99,4.59,3.92,3.16,3.39,3.14,.77,3.83,5.32,4.06,2.66,1.79,.75,.35,1.37,1.06,.80,1.20,2.85,4.02,3.89,2.33,1.15,3.69,5.59,6.94,6.72,5.60,4.98,4.09,2.83,1.84,1.65,1.48,.91,.49,1.06,3.66,6.85,5.76,7.79,9.19,8.72,7.39,5.12,2.59,.42,2.03,7.65,8.32,10.25,10.18,9.41,7.66,6.07,4.57,3.74,2.14,1.27,.20,1.21,2.80,4.84,6.07,7.38,7.43
10.41,10.42,10.36,10.20,8.96,7.29,5.01,1.90,.11,5.66,7.61,4.53,.80,.18,.20,.22,.74,2.96,5.52,7.36,8.46,8.05,6.89,5.05,3.52,2.71,1.96,1.62,1.63,2.66,1.33,1.77,2.53,2.18,.55,.93,2.62,3.77,3.24,2.95,2.80,2.06,.49,.79,1.24,.70,.30,2.96,5.11,5.96,5.47,4.73,3.76,2.13,1.27,1.11,.72,.18,.50,1.49,4.01,5.99,3.51,6.03,8.41,8.63,6.95,4.88,2.74,.82,1.53,8.44,6.97,9.95,10.90,9.99,8.23,6.38,4.99,4.25,3.38,2.25,.56,.21,.82,2.48,4.24,5.69,7.49,5.80
14.13,13.03,13.83,14.67,12.93,9.82,7.89,6.81,4.26,1.47,4.17,3.07,1.44,.11,.18,.62,1.82,4.24,6.25,8.16,7.84,7.07,5.98,4.69,3.19,1.85,1.27,1.02,1.07,2.93,3.57,2.89,1.26,1.67,2.21,3.20,4.73,6.31,7.51,7.31,6.42,4.82,3.23,2.27,1.90,1.37,1.79,3.51,4.59,5.47,5.61,5.09,3.60,2.12,1.15,.65,.02,.10,2.03,4.55,4.18,3.04,4.77,6.53,7.82,6.92,4.21,2.53,.89,1.26,8.05,5.33,9.49,10.99,10.38,9.02,6.91,5.58,4.91,4.19,3.62,2.12,.51,.72,2.29,3.71,4.04,4.76,5.77,7.21
.40,7.47,10.53,10.95,10.90,10.21,9.07,7.77,5.38,1.30,2.53,1.65,.86,.40,.01,1.33,4.37,6.89,8.01,7.38,6.48,4.90,3.42,2.34,1.18,.49,.79,.64,1.78,4.03,5.59,7.19,5.98,5.76,5.36,5.19,5.95,7.35,8.49,8.47,7.50,6.43,5.43,4.98,4.67,4.04,3.95,4.69,4.56,5.29,5.63,5.05,3.78,2.41,.77,.48,1.18,2.08,4.10,2.59,1.23,3.66,5.96,7.97,7.96,4.82,2.90,1.58,.01,6.51,5.04,8.20,9.96,10.05,8.98,7.22,6.01,5.54,5.22,4.83,3.14,1.32,.64,.72,2.13,2.22,2.36,3.19,3.93,4.12
3.88,3.76,2.63,.88,5.48,8.57,9.48,9.56,7.38,1.70,2.25,2.57,2.10,3.52,5.16,6.41,6.73,6.36,5.89,5.06,3.94,2.26,.34,1.28,2.13,2.11,1.81,.80,.68,4.30,7.10,7.98,8.56,8.11,8.40,7.97,7.66,7.60,7.33,7.14,6.81,6.86,6.92,6.81,6.37,5.66,5.90,5.19,4.24,4.72,5.01,4.73,3.79,2.00,.39,1.01,2.92,4.22,1.79,.63,2.04,4.22,6.48,8.26,6.55,4.07,2.44,1.37,2.60,5.57,7.00,8.52,9.67,9.31,7.85,6.47,5.59,5.67,5.32,3.64,2.43,2.19,1.50,.25,.45,.88,1.15,1.81,2.57,2.68
.94,1.82,1.67,1.60,1.43,.97,.51,.23,.65,8.87,11.10,10.44,7.84,6.57,5.12,4.14,3.32,2.42,1.63,.66,.57,2.03,3.17,3.40,2.92,2.69,2.37,.02,1.98,2.73,6.11,7.21,8.58,9.00,9.03,7.24,5.13,4.41,4.28,4.58,5.25,6.38,7.35,7.49,6.79,5.78,5.39,4.43,3.64,4.12,4.21,3.53,2.26,.64,.79,2.00,4.15,1.89,.41,.64,2.56,4.63,6.06,6.91,5.35,3.27,2.05,.86,5.55,5.37,7.03,8.76,9.55,8.55,6.99,6.04,5.61,4.92,3.39,3.07,3.46,3.25,2.38,1.01,.58,1.16,1.46,2.36,1.80,1.42
2.68,2.16,2.50,2.44,3.20,4.41,5.21,5.99,5.96,2.12,11.80,5.87,4.02,.97,.21,1.64,2.56,3.32,3.81,4.07,4.10,3.72,2.83,1.72,1.11,.91,1.04,2.43,2.30,3.58,5.44,7.13,8.88,7.46,3.13,.15,1.64,1.63,.58,1.54,3.82,5.64,6.65,6.56,5.72,5.01,4.13,3.66,3.55,2.96,2.33,1.48,.34,1.88,3.41,5.31,4.27,2.31,1.18,2.08,3.70,4.58,5.65,6.27,4.93,3.49,3.99,2.31,3.22,5.08,6.89,8.37,8.32,7.67,7.12,5.98,4.08,2.20,1.89,2.79,3.37,3.50,2.60,1.39,.19,.41,.96,1.47,1.02,1.63
5.74,4.56,5.06,5.33,6.11,7.22,8.45,10.06,11.52,10.80,3.82,4.85,2.90,.99,4.01,5.00,5.13,4.89,4.41,4.03,3.47,2.35,1.04,.37,.16,2.64,3.90,2.66,3.05,3.67,5.32,6.55,6.01,.61,3.67,6.76,8.89,8.30,4.53,1.00,1.61,3.55,4.51,4.66,4.50,4.07,3.49,3.22,3.15,2.42,.92,.72,2.61,4.57,6.17,5.22,2.62,1.15,1.28,2.66,3.31,3.97,5.37,6.24,4.62,4.81,.60,1.74,2.90,4.83,7.16,8.25,8.29,8.08,6.63,4.79,1.98,.74,1.67,2.51,3.22,3.31,3.02,2.50,1.87,.57,.05,.58,1.99,2.30
8.14,7.97,8.50,8.56,8.35,8.63,9.90,12.08,14.63,14.82,12.19,1.67,.75,1.51,2.16,2.24,2.65,3.28,3.19,2.76,1.94,.45,.52,1.09,2.91,3.90,3.16,3.31,3.44,4.04,4.53,4.06,1.13,8.37,12.11,12.54,10.98,8.28,5.27,2.48,.02,1.92,3.17,3.60,3.30,3.56,4.49,4.23,2.75,1.79,.39,2.82,4.92,6.37,4.47,1.62,.35,1.11,.98,.32,.47,1.77,3.87,5.91,4.70,.93,.19,1.37,3.08,5.45,7.61,8.35,7.98,6.85,5.31,3.19,1.04,1.22,2.08,2.49,2.94,2.85,2.68,2.56,2.55,1.94,1.53,1.86,3.05,5.23
5.21,5.81,7.20,9.21,11.32,12.11,12.12,11.71,11.89,14.40,13.62,7.76,1.20,.44,.13,.20,.07,.80,1.03,.03,1.19,1.97,2.25,3.60,5.00,4.68,4.57,4.37,3.26,3.39,2.53,1.12,8.06,10.35,10.36,9.49,8.60,7.21,5.24,2.93,1.02,.55,1.73,3.35,4.69,5.27,5.05,4.52,2.80,.68,1.56,3.90,4.12,1.65,1.95,5.69,8.52,9.70,7.42,5.11,2.97,.28,3.79,3.15,1.63,1.78,.35,1.74,3.83,6.03,6.80,6.51,6.10,5.33,4.40,2.79,1.78,2.29,2.42,2.71,2.79,2.80,3.09,3.27,3.27,3.49,3.43,4.23,6.34,9.44
3.41,3.96,5.05,6.65,8.22,9.40,9.42,8.70,8.63,9.94,11.46,11.31,9.04,1.39,.76,.89,.50,.71,2.26,3.68,4.79,5.74,6.87,8.27,8.24,7.42,7.12,4.97,3.04,2.50,.61,2.03,8.70,7.09,8.24,7.54,6.81,5.85,4.66,3.07,1.33,.65,2.08,3.58,4.74,5.49,5.15,3.27,1.05,.23,.57,.70,4.56,9.60,12.99,14.51,13.65,11.09,8.16,5.51,2.43,1.39,3.20,4.76,2.84,.90,1.18,3.26,4.63,4.50,4.77,4.31,4.26,3.81,3.72,2.42,1.68,2.10,2.86,3.04,3.30,3.78,4.40,4.72,4.51,4.71,5.64,7.43,10.23,14.28
.75,1.09,2.01,4.05,6.04,7.28,7.84,7.10,5.98,5.69,6.16,6.42,5.05,3.20,.71,2.72,2.45,2.78,3.39,4.25,5.02,5.96,7.10,7.85,8.24,8.22,6.75,3.90,2.17,.74,1.54,6.18,7.72,4.24,5.50,5.36,4.77,3.89,3.08,2.11,1.17,.40,2.27,3.64,4.63,4.10,3.22,2.41,1.66,2.64,5.58,9.21,11.54,12.56,12.46,12.05,10.60,8.68,6.81,6.94,1.23,2.71,3.77,3.49,2.03,.44,2.98,3.72,2.89,2.75,2.32,1.59,2.09,2.64,2.10,.63,.01,.47,1.43,2.46,3.44,5.17,5.86,5.90,6.20,6.20,6.89,8.78,12.19,17.51
1.21,1.55,1.11,1.14,4.30,6.23,6.57,6.52,5.56,3.64,3.26,4.34,4.26,3.20,2.87,1.86,.52,.38,1.17,.80,.45,2.05,3.26,3.11,3.14,3.02,2.41,1.35,.19,2.56,5.34,8.73,4.14,2.53,3.05,3.07,2.62,1.57,.29,.93,2.41,3.66,3.88,3.77,3.55,3.33,3.48,4.50,6.62,9.21,10.49,11.38,12.19,12.55,12.66,11.59,10.78,8.35,3.07,.59,.45,1.05,1.26,2.10,1.25,2.00,2.08,1.45,1.07,.92,.89,.32,.25,.63,.46,.48,1.68,1.42,.56,.50,2.72,4.74,5.14,5.21,4.95,4.50,4.95,7.04,10.71,14.11
