Automation/Quotaero Data/current-wind_difference-surface-level-gfs-1.0.json
{"header": {"surface1TypeName":"Specified height level above ground","discipline":0,"shapeName":"Earth spherical with radius of 6,371,229.0 m","gridUnits":"degrees","numberPoints":65160,"resolution":48,"lo2":359,"lo1":0,"dx":1,"dy":1,"surface2Type":255,"productTypeName":"Forecast products","productDefinitionTemplateName":"Analysis/forecast at horizontal level/layer at a point in time","basicAngle":0,"disciplineName":"Meteorological products","parameterNumberName":"U-component_of_wind","refTime":"2015-02-06T00:00:00.000Z","surface1Type":103,"shape":6,"scanMode":0,"significanceOfRTName":"Start of forecast","surface1Value":10,"parameterUnit":"m.s-1","productStatusName":"Operational products","gridDefinitionTemplate":0,"gribLength":77505,"genProcessTypeName":"Forecast","centerName":"US National Weather Service - NCEP(WMC)","gridDefinitionTemplateName":"Latitude_Longitude","nx":360,"parameterCategoryName":"Momentum","ny":181,"surface2TypeName":"Missing","subDivisions":0,"winds":"true","forecastTime":0,"la2":-90,"la1":90,"productType":1,"parameterCategory":2,"center":7,"genProcessType":2,"subcenter":0,"productStatus":0,"productDefinitionTemplate":0,"parameterNumber":2,"surface2Value":0,"gribEdition":2,"significanceOfRT":1}, "data":
[rows 120 to 159 of 181, columns 90 to 179 of 360]
.61,.70,.12,.28,.01,.15,.26,.49,.11,.40,.73,.80,.59,.82,1.41,1.59,1.51,1.80,2.47,2.80,2.36,2.88,5.36,5.61,5.36,1.80,3.04,2.56,1.68,1.04,.07,1.44,3.88,2.60,2.27,1.61,.92,.34,.10,.11,.18,.20,.25,1.07,1.06,2.46,1.88,2.97,2.17,2.19,1.12,2.63,1.52,1.06,1.33,.64,.23,.60,1.02,.81,1.26,1.26,.90,.17,.25,.50,1.56,1.79,1.83,1.48,.79,.12,.69,1.41,1.65,1.82,1.82,2.41,1.91,.90,.09,5.14,3.45,3.55,2.71,2.96,3.40,2.25,2.24,3.80
1.15,.83,.15,.52,.92,.66,.53,1.02,.97,.42,.48,.71,.84,.55,.18,.58,1.13,1.50,1.44,2.25,2.67,1.91,2.97,4.69,6.78,5.67,1.71,4.63,3.74,1.63,.42,2.02,2.34,2.26,3.38,2.68,2.25,1.72,1.69,1.60,1.97,2.61,.82,2.26,1.61,2.22,.85,.23,.65,1.26,1.95,2.56,.78,2.01,.70,.15,.83,1.16,1.26,2.06,1.42,1.60,.95,.53,.11,1.01,1.17,.86,1.76,2.05,1.06,.38,.48,1.12,1.42,1.27,1.69,1.93,2.30,2.05,1.96,1.33,.74,1.33,2.08,1.53,1.57,1.20,.81,.90
.42,.49,1.01,1.30,1.90,2.22,2.50,2.42,2.20,1.75,1.51,1.92,1.93,2.22,1.93,2.28,1.77,.42,.95,1.23,1.95,2.23,1.90,2.97,6.19,7.21,2.86,3.63,4.77,1.19,1.63,.49,3.28,3.71,2.89,4.03,3.99,3.78,3.50,4.22,4.48,4.65,6.00,1.25,3.23,1.86,1.19,.40,2.03,.09,1.83,2.71,2.53,2.37,1.16,.24,1.06,1.53,1.99,2.58,1.24,1.29,1.86,3.26,3.64,2.43,1.76,1.54,.31,2.87,3.11,2.32,1.90,1.53,1.20,1.10,1.14,.97,.87,.01,.60,.86,.57,.04,.73,1.10,.62,.00,.48,.36
2.93,2.62,2.77,2.40,2.14,2.03,1.96,2.05,1.96,1.68,1.62,2.25,2.36,2.68,3.89,3.64,3.49,2.80,1.30,.08,.49,1.30,1.63,1.41,2.95,5.81,3.83,3.39,5.40,2.38,.05,1.51,4.29,5.41,3.32,3.64,4.14,4.69,4.44,5.07,4.66,4.31,5.61,4.84,2.71,1.84,1.72,.00,1.64,.47,.32,2.99,3.18,1.83,3.22,.60,.59,1.83,2.84,2.65,1.50,1.19,4.80,4.83,3.63,2.59,1.14,.24,.38,.04,2.08,1.70,.06,.08,.15,.74,.98,1.21,1.60,1.96,1.89,1.95,2.14,1.95,1.93,2.17,2.98,1.31,.51,.31
1.68,2.15,2.15,2.14,1.64,1.05,.89,.94,.70,.83,1.14,1.39,1.95,2.76,3.11,3.55,3.37,2.98,2.62,2.34,1.37,.85,.33,.90,1.08,1.41,2.34,1.99,2.17,2.49,3.75,1.24,2.02,3.96,5.06,3.62,4.49,4.87,4.19,4.61,4.23,3.91,4.26,5.17,5.00,1.98,.78,.84,.49,.06,.77,3.51,3.82,3.71,2.89,.62,.37,1.24,1.75,1.59,.01,.29,2.00,3.21,2.56,.16,1.12,1.54,2.77,2.66,1.95,2.59,2.10,2.17,2.03,2.37,2.86,3.03,2.67,1.91,1.61,2.35,3.12,3.69,3.50,4.60,4.48,4.92,1.26,.41
1.52,1.59,1.24,1.17,1.12,1.17,.67,.36,.63,.19,.41,.81,1.76,2.61,2.70,2.52,2.80,2.65,2.43,2.92,3.19,3.02,2.08,.80,.38,.57,1.42,1.10,1.13,2.60,4.06,.88,4.71,7.11,6.09,4.68,5.05,4.94,4.12,4.19,4.13,4.26,4.56,5.10,5.13,4.71,1.78,.94,.36,.90,.08,2.84,3.58,3.97,2.05,.13,.80,1.23,2.80,.66,.36,.38,1.08,.89,.97,2.62,3.16,3.24,2.98,2.98,2.60,2.71,3.14,2.84,3.02,3.08,3.61,4.12,4.01,3.21,2.09,2.09,3.23,4.11,5.01,4.70,4.28,5.68,5.67,2.32
2.70,1.84,1.80,1.83,.97,.32,.03,.58,.77,.20,.20,.27,1.04,1.48,1.99,1.95,1.93,1.94,2.00,2.55,3.38,3.38,2.88,2.25,1.92,.53,1.50,.99,.77,1.98,1.89,2.32,6.02,8.01,6.61,5.16,5.25,5.23,4.61,4.70,4.10,4.14,5.22,5.34,5.03,4.99,5.64,4.30,4.91,2.42,.83,1.72,2.45,2.50,.79,.47,.08,.25,.58,.35,.57,.74,.04,1.36,1.18,1.66,2.34,1.29,1.73,1.91,1.49,1.13,1.30,1.47,1.64,2.33,3.38,3.80,3.83,4.04,3.95,3.81,3.60,4.12,3.34,4.93,5.61,6.77,5.91,5.52
4.31,3.96,3.25,2.50,2.01,1.46,.52,.56,.98,.73,.39,.39,1.27,.83,.95,1.43,1.22,.99,1.01,1.04,1.95,2.59,2.10,2.73,1.98,1.52,.98,.53,.78,.11,.77,3.11,4.59,9.13,7.40,5.02,4.89,4.86,5.04,5.01,4.35,3.89,4.64,4.51,4.53,4.52,5.25,6.54,6.93,5.83,.66,1.48,2.25,2.28,1.07,1.31,.39,.34,.22,.19,.61,1.51,.00,.98,1.53,1.89,1.00,.79,.01,.33,.49,.40,.39,.23,.15,.64,1.80,2.45,2.31,3.21,3.61,4.43,4.85,4.40,4.21,3.08,4.20,4.21,2.90,1.42
3.33,3.41,2.60,3.16,3.08,2.88,1.81,.58,.13,.43,.61,.12,.43,.77,.99,1.25,.71,.07,.65,.52,.12,1.01,.71,.62,.36,2.08,2.08,1.22,.67,1.47,2.35,3.82,4.19,8.63,5.74,5.74,3.99,4.46,4.13,4.46,3.69,2.81,3.54,4.09,3.73,3.60,4.19,5.77,6.78,7.13,8.71,3.28,.76,.73,.75,.13,.51,.45,.36,.83,1.19,.49,.01,.18,.17,.79,.82,.44,.70,1.61,2.07,1.83,2.10,2.35,1.90,.96,.39,1.47,1.52,3.02,3.69,3.91,3.91,4.20,4.68,2.42,2.21,2.34,.47,11.31
3.10,2.92,2.81,2.92,2.70,2.48,1.75,1.35,.80,.28,.76,1.46,1.32,.37,.36,.70,1.31,1.35,2.03,1.74,.51,.44,1.12,1.99,1.55,.62,1.14,1.28,1.97,2.82,3.24,3.80,3.93,4.04,4.04,4.90,4.13,3.11,3.35,4.17,3.90,2.31,2.22,2.85,2.35,2.66,3.04,2.57,2.82,3.40,3.13,2.63,3.35,2.80,.03,1.03,3.06,4.23,3.94,2.32,.79,.43,1.67,1.80,2.09,2.28,2.16,1.55,2.01,3.16,3.79,4.11,3.92,3.75,3.18,1.98,.13,.99,1.87,3.24,3.82,3.41,3.74,3.16,2.44,1.58,.54,.89,5.52,6.60
3.82,4.11,3.88,3.19,2.21,1.08,2.05,2.98,2.72,1.82,.01,.46,.33,.19,1.18,2.31,1.71,.84,1.34,2.12,1.37,1.51,2.96,3.61,3.57,.32,1.00,.24,2.40,4.79,4.58,3.33,3.71,4.19,3.80,3.72,4.77,3.76,2.38,3.31,2.95,2.24,1.26,1.48,1.78,1.51,1.23,.66,.39,.52,.59,.91,1.19,2.23,1.54,4.34,4.67,2.99,.09,4.39,1.98,2.99,3.88,4.24,4.15,3.77,2.95,2.60,3.36,4.46,4.90,5.67,5.92,5.69,4.98,3.57,1.90,.25,1.34,2.54,3.11,3.70,3.43,2.62,6.52,5.12,3.48,4.08,7.06,6.32
6.19,6.85,6.29,5.42,4.59,4.33,4.16,4.66,3.91,2.57,1.03,.03,.16,.44,1.41,2.69,2.19,2.18,2.04,3.38,3.33,2.48,4.42,4.75,4.80,2.13,3.29,1.89,1.92,5.80,5.24,4.31,4.60,5.02,6.38,3.63,3.09,4.24,2.67,2.37,1.76,.97,.42,.50,.68,.96,.78,.14,1.63,1.81,1.56,.81,.48,.88,.47,3.25,.11,1.08,.52,3.22,4.33,4.88,5.97,6.10,5.20,4.61,3.61,3.84,4.76,5.89,6.51,7.26,7.63,6.97,5.84,3.94,2.12,.61,1.09,2.23,3.36,3.50,2.54,4.10,6.70,.98,4.51,11.12,8.52,6.55
5.20,5.19,4.59,4.26,4.04,4.10,3.19,2.85,3.62,2.28,.70,.62,1.67,.24,2.11,3.09,2.65,2.26,1.76,2.19,3.52,4.12,4.97,5.17,4.93,3.86,2.32,1.09,2.08,5.32,5.72,5.66,4.94,4.60,4.74,3.17,2.15,2.71,1.99,.30,.27,.16,.16,.53,.02,.20,.03,1.61,3.63,4.74,4.35,2.96,2.13,.54,2.35,3.40,.93,1.31,.62,4.60,4.95,6.30,6.72,6.33,5.81,5.13,5.64,5.41,6.18,6.50,6.57,7.02,7.08,6.72,5.84,4.50,2.95,1.58,.18,3.83,3.39,.98,.65,7.58,3.59,10.66,11.94,9.36,6.99,5.10
3.22,.90,.39,.70,2.94,5.01,5.01,3.30,1.50,1.36,.40,.67,1.11,.72,.80,.95,.80,1.28,1.73,.65,2.67,3.54,4.28,7.54,5.09,4.19,1.22,1.54,.89,3.92,6.41,7.25,6.29,5.71,4.70,4.25,1.27,.96,.67,.96,1.08,1.03,.31,.35,.27,.93,1.69,3.04,5.43,5.27,4.30,2.89,1.32,.21,1.15,2.27,.98,1.19,5.66,8.45,9.07,8.50,7.31,6.52,6.14,7.18,7.40,7.04,6.83,7.07,6.83,6.44,6.29,5.48,4.42,4.50,3.50,1.82,.35,2.38,1.87,3.37,5.52,.59,3.79,5.83,5.48,4.65,3.88,4.90
2.09,1.67,.16,.80,.07,1.10,2.33,1.04,.61,.38,.15,1.48,2.77,2.91,1.46,.82,.71,.94,.08,.18,.81,.08,2.33,7.23,7.20,4.82,2.72,2.02,.03,3.36,5.20,7.96,8.04,7.14,5.68,4.63,2.36,.03,1.05,2.20,2.61,2.35,1.70,.51,.78,1.63,2.48,3.81,4.65,4.27,2.79,1.21,.87,2.53,3.93,5.02,6.54,10.54,9.53,9.09,9.11,9.29,7.83,6.61,7.15,7.33,8.07,7.34,7.41,6.92,6.45,6.77,6.37,4.56,2.77,2.43,2.98,3.22,1.31,.96,4.71,4.55,6.03,10.94,10.64,8.05,5.97,5.45,4.94,6.73
1.49,1.58,1.78,1.63,.26,.33,.60,2.12,2.91,1.37,.26,1.17,2.43,2.61,2.63,2.91,2.39,2.02,2.26,2.31,2.10,3.07,2.43,2.22,5.14,5.51,3.80,2.63,.76,2.23,4.27,6.53,8.29,7.03,6.45,4.64,3.83,.33,2.23,3.16,3.84,3.93,3.38,1.78,1.56,1.53,1.62,1.95,2.55,2.63,.59,2.52,4.80,5.93,6.38,7.60,8.33,8.47,8.60,8.34,8.10,7.97,7.73,7.11,8.05,8.47,8.39,7.14,6.55,6.49,6.35,6.80,5.96,3.53,2.33,1.53,1.73,4.75,1.38,2.79,2.58,3.11,12.46,10.82,9.40,6.85,4.03,2.40,2.56,2.82
1.85,1.83,1.63,1.50,.51,.22,.20,2.05,.03,.52,1.02,2.06,3.20,3.24,2.96,2.91,3.79,4.80,3.02,3.26,4.02,4.14,4.53,4.49,2.33,3.16,4.83,3.52,1.90,1.29,3.43,4.83,6.77,6.61,5.88,4.63,3.58,2.12,1.93,4.21,4.76,5.35,4.76,3.26,2.08,1.01,.88,1.09,1.29,.85,.66,3.09,5.20,7.65,9.72,9.99,8.97,9.07,9.02,8.67,7.86,7.40,7.10,6.95,7.14,7.91,7.05,5.84,4.63,4.68,5.12,5.50,4.45,3.97,2.81,1.60,.18,4.17,1.92,.98,1.09,5.07,7.54,6.54,4.38,2.40,1.09,.20,.36,.64
1.54,1.04,.63,.58,1.04,.08,1.11,.16,.57,.02,1.02,.35,1.16,1.35,1.63,1.54,1.79,2.55,4.54,5.53,4.89,5.97,4.97,6.40,4.77,1.64,3.22,3.96,2.48,.54,2.20,3.55,5.76,5.93,4.94,4.46,4.54,3.05,.59,4.54,5.80,6.03,5.73,3.82,2.66,1.43,.92,1.01,.97,.33,1.81,3.24,4.44,6.56,8.27,9.51,9.23,8.12,7.62,6.73,6.83,6.24,5.87,5.32,5.88,5.72,4.99,3.37,2.47,2.14,1.21,1.40,2.58,2.98,1.93,.79,1.67,2.15,2.12,.14,3.63,4.75,3.91,2.95,1.88,.96,1.19,2.48,1.91,2.81
1.69,.84,.05,.72,.62,.27,.25,1.30,.74,1.30,2.68,1.94,.20,1.96,2.45,2.54,2.73,3.39,4.74,5.45,5.48,5.87,6.46,6.31,7.10,4.99,1.63,2.52,2.16,.39,2.03,2.79,4.98,5.99,5.64,5.88,5.83,4.65,1.84,3.05,5.84,6.54,5.80,5.22,2.93,1.77,1.40,.92,.52,.55,2.15,3.40,4.51,5.50,7.48,7.00,7.66,6.53,5.97,5.84,5.07,4.04,3.48,3.18,2.63,3.14,2.40,.69,.83,1.06,.45,2.17,3.21,1.28,.42,1.61,.17,.78,2.01,2.23,1.94,1.83,1.34,1.76,.55,.68,1.56,1.58,2.88,2.05
.81,.57,.99,1.14,.88,.41,.15,1.02,.63,.87,2.06,2.40,1.38,.28,1.64,2.23,2.06,2.04,3.26,3.19,2.68,2.67,4.07,4.53,4.91,5.76,6.82,7.88,2.41,.52,1.28,1.43,3.00,4.81,4.67,5.00,5.08,3.64,3.18,.92,4.80,6.46,6.30,5.17,4.17,2.55,1.40,.97,.33,.85,2.20,3.47,3.52,5.31,4.43,4.29,4.67,5.50,5.28,4.71,3.79,2.38,1.00,1.07,1.07,.15,.11,.25,.09,1.17,3.57,3.59,1.96,1.96,1.30,.92,.63,.36,.81,1.07,.82,1.09,1.94,1.27,.99,.70,.32,.17,1.03,1.39
.36,1.11,1.21,1.41,1.61,1.28,.89,.07,.25,.60,1.18,2.64,2.02,.16,1.96,2.62,2.41,1.44,1.91,3.62,4.29,3.62,3.30,3.77,4.14,5.27,7.40,7.52,6.29,1.75,.88,1.14,1.79,3.43,4.22,4.57,4.97,4.96,4.24,2.75,1.46,4.00,5.35,5.43,4.98,4.30,2.51,.91,.31,.88,1.06,1.02,2.97,3.51,2.85,2.41,3.06,5.25,4.90,3.43,1.49,.97,1.76,1.15,.56,.19,.34,.45,1.84,4.19,7.50,7.15,6.43,4.13,2.79,1.55,1.54,.03,1.41,2.80,4.27,5.08,4.47,2.87,2.06,1.54,.61,.11,1.08,2.11
1.15,1.29,1.13,.89,.81,1.54,1.60,1.96,3.23,2.45,.61,2.93,2.26,1.28,.68,2.71,2.99,2.67,1.41,1.33,2.14,3.12,2.62,3.88,3.69,3.99,4.93,5.68,6.58,5.49,2.71,.43,1.54,2.12,3.08,3.42,4.63,5.19,5.26,4.63,2.66,.89,3.21,5.15,4.96,4.20,4.21,3.40,1.93,.43,.89,1.98,1.72,1.49,1.43,.53,2.68,4.28,3.32,1.64,.10,2.29,4.28,2.73,1.55,.71,.29,1.39,3.75,7.42,9.40,9.82,7.78,5.18,2.57,1.55,.11,1.57,2.41,3.59,3.94,3.85,2.52,1.02,.60,.90,1.32,1.47,1.82,1.70
.59,.56,.64,.87,1.42,1.42,1.56,2.02,3.33,3.12,.11,2.64,2.49,1.51,.40,.74,.74,.02,.54,1.45,2.87,1.39,.12,.24,2.69,3.70,4.15,6.00,6.68,7.97,5.91,3.61,.65,.95,1.61,2.15,3.40,4.35,4.21,4.36,3.83,2.42,.42,2.22,3.80,4.53,3.36,1.68,1.15,1.28,.02,.32,.46,1.00,.30,.90,1.47,1.22,.43,1.36,3.21,5.84,5.59,3.24,1.96,1.24,.00,2.43,5.20,9.37,10.71,9.07,7.43,4.61,3.19,1.68,.04,1.46,2.64,3.31,3.69,4.00,3.97,3.38,1.63,1.01,.37,.28,.17,1.59
.26,.44,.65,.64,.91,1.56,2.34,3.28,4.53,4.14,2.33,1.15,1.74,.85,.15,1.00,1.98,1.21,1.53,2.05,1.99,2.17,1.77,2.12,.44,1.22,2.96,4.04,5.75,7.53,9.00,6.33,3.10,.79,.66,.67,1.58,3.31,4.00,3.81,3.23,3.40,2.14,.08,1.02,1.28,1.90,2.44,1.77,.15,.28,.03,.06,.44,.25,.03,.83,.91,2.64,3.85,5.17,6.37,4.83,2.85,1.99,1.18,.01,2.01,6.18,9.88,9.07,9.32,8.08,5.52,3.68,2.09,.21,1.70,2.86,3.70,3.83,3.22,1.72,.85,.07,.40,1.05,1.06,.95,1.88
.75,1.41,2.13,.89,.71,1.52,1.31,2.26,3.53,4.26,4.05,.75,1.12,.94,.50,.42,.17,.16,.10,1.38,3.11,4.12,3.79,2.79,2.49,.95,.13,1.20,2.99,5.66,6.65,7.12,4.62,1.75,.07,.54,1.51,2.61,3.96,5.11,4.65,3.71,2.77,1.80,.16,.82,1.26,1.01,1.38,.66,.34,.34,.05,.56,.17,1.40,1.97,3.36,5.01,5.18,5.49,5.13,3.33,2.38,1.67,.69,.62,1.87,5.24,6.35,8.15,10.05,8.63,6.33,4.16,2.65,.70,.93,1.52,2.29,2.00,1.01,.42,.68,.45,1.45,1.29,1.45,1.96,2.95
3.49,2.36,1.00,.49,1.35,1.31,1.14,1.97,2.44,3.07,2.93,.42,3.18,3.32,2.84,2.35,3.04,2.48,2.95,3.11,4.10,5.10,5.17,5.18,4.82,3.38,1.92,1.61,.52,1.15,2.18,3.17,3.95,2.32,.16,.87,1.31,2.30,4.54,6.32,6.72,5.29,3.92,2.62,1.10,.01,.63,1.30,1.49,1.60,1.82,.82,.28,2.11,2.81,2.95,4.29,5.28,5.85,5.23,4.37,2.99,1.81,.85,.39,1.23,1.73,2.81,3.58,5.03,7.70,9.43,8.49,7.02,5.23,3.00,1.70,1.20,.27,.26,.05,.40,.08,1.17,3.04,3.29,3.01,3.29,4.47,5.12
1.65,.39,1.16,1.47,1.71,2.07,1.47,1.68,1.22,.53,.35,3.32,4.78,5.17,4.62,4.67,4.98,5.50,5.76,5.85,5.39,4.87,4.62,5.32,5.03,4.63,4.01,3.50,2.51,.70,1.00,.74,.70,.62,.90,1.32,1.39,1.78,3.31,5.31,6.87,7.10,6.17,4.47,2.41,.58,.47,1.50,2.10,2.21,2.42,2.41,2.67,2.56,2.71,3.78,4.52,4.90,5.23,4.57,3.05,1.75,.59,.29,1.85,3.13,4.65,2.62,2.72,5.16,6.47,7.81,7.88,7.01,5.85,4.83,4.41,3.39,2.02,1.19,.46,.21,2.87,3.66,1.86,3.33,4.76,5.39,5.58,5.11
1.82,3.32,3.55,3.08,2.80,1.34,.69,.80,1.45,.75,.19,1.76,3.46,4.38,5.04,4.98,6.09,7.44,7.76,8.17,8.51,8.99,8.62,7.05,6.15,5.70,5.72,4.57,2.72,3.20,4.59,5.14,4.99,3.00,1.93,.48,.40,1.26,2.81,4.59,6.08,6.79,6.60,5.67,3.85,2.03,.31,.96,1.36,1.82,2.66,2.87,3.04,3.41,4.55,4.98,5.22,5.66,3.93,2.96,1.90,1.27,.70,1.42,.97,.26,1.00,.15,3.31,4.51,4.71,5.28,6.24,6.92,6.96,6.60,5.91,4.76,3.36,2.21,1.08,1.81,3.97,2.14,3.41,4.62,4.16,2.71,1.23,4.44
4.38,3.08,2.14,1.52,1.48,1.40,1.34,1.05,1.33,.27,2.56,4.32,5.44,5.98,6.80,8.18,8.70,9.28,9.47,9.63,10.14,10.28,10.37,9.93,10.09,9.47,8.15,6.66,6.33,7.08,7.25,7.88,6.51,5.36,2.47,.85,.65,1.16,2.55,4.12,5.69,6.58,6.31,5.58,4.59,3.00,1.49,.30,1.14,2.97,3.61,3.48,4.59,5.37,5.92,6.98,7.63,5.39,3.63,2.42,2.97,2.16,.44,1.13,1.28,.34,1.28,1.63,2.25,2.88,2.75,3.76,5.77,6.47,7.39,7.29,6.75,5.95,4.58,3.38,2.34,2.75,3.57,2.73,3.93,3.51,3.56,.14,7.26,9.93
5.92,7.99,7.65,6.28,4.69,3.69,3.62,1.32,1.06,1.26,3.58,5.84,7.83,8.19,8.43,8.90,9.33,10.06,10.70,11.43,12.44,12.94,13.50,13.64,12.45,12.11,11.57,10.91,10.18,9.49,8.79,8.04,7.85,4.97,4.03,3.72,3.40,3.27,3.70,4.56,5.33,5.24,4.95,4.48,3.68,2.61,1.21,.74,2.09,2.76,4.40,5.34,6.22,6.65,7.56,7.92,6.60,5.50,5.48,5.44,3.37,1.73,1.40,.01,3.91,4.22,.21,.68,1.62,1.69,1.26,2.70,4.71,5.79,6.44,7.07,6.83,6.61,5.71,4.66,3.80,3.26,3.21,2.49,2.60,2.44,3.45,3.61,2.09,11.76
11.08,10.94,9.41,7.51,5.73,3.88,2.42,.59,.23,2.39,4.27,6.24,6.47,6.62,7.32,8.93,10.74,11.77,12.59,14.10,14.87,14.83,11.49,12.71,13.85,14.89,14.26,13.01,11.76,10.47,9.91,7.58,6.55,5.96,4.93,4.46,4.55,4.59,4.64,4.61,4.76,4.42,4.17,3.50,2.34,1.24,.53,.06,2.72,4.75,6.52,4.98,5.90,7.73,10.09,9.39,6.59,5.48,4.35,3.28,2.89,1.90,4.39,5.95,5.69,2.23,1.16,.50,1.00,.81,1.05,1.88,3.56,5.25,6.16,6.89,7.15,7.03,6.57,5.35,4.09,3.16,2.50,1.91,.76,.59,1.53,2.99,3.24,3.44
9.64,9.56,7.66,4.62,2.57,2.22,1.75,.95,.58,.63,2.44,4.66,7.02,8.33,9.52,9.73,10.21,12.14,12.64,13.56,8.37,3.14,4.45,7.22,10.89,12.99,13.05,12.33,11.68,11.05,9.98,9.37,9.23,8.19,6.26,4.53,3.41,2.63,2.43,2.41,2.39,2.75,2.60,1.82,1.04,.25,1.50,2.72,2.13,.60,2.43,3.63,5.81,8.92,10.91,8.72,6.47,4.21,2.42,1.79,2.24,4.28,3.69,4.19,3.64,2.55,1.15,.69,.18,.38,.44,.74,2.52,4.28,5.37,6.65,7.21,7.18,6.71,5.61,3.63,1.93,1.25,1.18,.30,1.38,.41,.38,1.62,2.97
5.42,4.60,3.39,2.63,2.52,.52,1.38,1.11,1.14,.81,2.54,2.80,4.87,4.59,4.47,6.86,8.26,7.16,6.49,1.11,1.63,.41,1.60,3.85,6.80,8.92,10.07,10.70,10.28,9.84,9.44,9.21,8.67,7.50,6.29,5.61,5.12,4.67,4.09,3.73,3.44,2.90,2.10,.95,.81,3.32,1.61,2.05,4.08,5.27,3.58,1.45,5.07,7.51,9.47,6.87,5.64,5.37,5.10,5.87,6.63,3.78,1.61,.21,1.38,2.76,2.18,1.47,.94,1.14,.84,.04,1.12,2.46,4.04,5.28,5.77,6.00,6.11,5.86,4.10,1.17,.28,.43,.58,1.78,2.42,2.09,1.26,.46
2.39,1.28,.29,1.74,3.20,5.07,5.76,6.89,7.69,5.94,4.81,4.15,3.24,1.74,2.42,1.02,.21,.52,.63,1.48,.38,1.42,2.69,3.62,4.61,5.63,6.71,7.70,8.15,8.22,7.94,7.06,6.02,5.52,5.32,4.88,4.05,3.26,2.94,2.89,2.41,.73,1.91,.94,3.55,5.28,5.64,6.02,5.67,5.19,4.88,3.76,1.77,1.57,3.26,4.76,6.75,8.67,8.83,7.53,4.12,.53,1.42,1.35,.85,2.56,2.19,1.56,1.01,1.24,1.08,.42,.07,1.18,2.66,3.89,4.45,4.97,5.60,5.55,5.47,3.43,.36,1.02,2.19,3.75,4.90,4.89,4.11,3.64
1.44,.55,4.50,7.18,8.24,8.88,8.21,7.63,8.09,8.00,8.08,7.76,8.33,7.46,5.65,4.10,3.02,4.43,4.47,3.07,.83,.93,3.60,4.68,4.71,5.37,6.49,7.67,8.29,8.53,8.05,6.93,5.79,4.72,3.67,2.92,2.11,1.26,3.67,7.99,11.44,12.11,11.03,8.67,8.96,9.37,8.32,7.62,5.02,.67,3.55,6.14,7.21,7.66,6.72,6.33,6.33,5.48,4.79,3.88,.60,1.96,.81,.31,1.31,2.03,2.09,1.70,1.03,.54,.46,.42,.26,.52,2.07,3.63,4.10,3.88,4.22,4.36,4.65,4.45,3.11,1.60,.06,2.69,5.65,7.79,7.84,7.18
5.63,7.15,7.52,7.13,6.72,5.50,3.78,4.56,6.32,8.56,12.20,15.70,15.85,14.89,13.10,13.38,14.36,12.50,16.64,21.68,21.27,20.44,18.51,14.47,10.58,9.22,9.13,8.73,9.94,12.23,13.29,15.39,17.38,18.55,18.91,19.25,19.83,18.66,13.79,9.04,6.20,4.12,1.80,.18,1.09,1.42,3.64,6.08,8.55,9.46,10.92,10.28,8.81,6.81,4.65,2.39,.52,.29,.61,.09,.05,.46,.80,1.51,1.74,2.07,2.53,3.04,3.49,3.47,2.85,1.68,1.18,.87,.06,1.36,2.33,1.96,2.64,3.61,3.30,2.60,1.94,1.33,.32,1.68,3.92,5.10,6.02,7.51
11.72,11.46,11.33,12.85,6.88,.01,1.35,.91,2.52,3.88,4.69,.57,15.29,15.76,17.60,21.36,20.88,18.41,14.49,9.41,18.02,26.75,28.27,27.21,19.75,18.47,20.10,20.47,21.30,21.95,22.78,21.69,20.36,16.71,12.56,10.14,8.16,5.94,4.03,2.37,.75,.62,.06,2.98,3.87,5.04,5.88,7.32,7.31,7.43,6.93,7.54,7.60,6.49,3.63,2.19,1.13,.15,.20,.48,.95,.55,.78,1.76,3.41,3.80,3.97,4.52,4.49,4.14,3.32,3.11,3.54,2.57,1.29,.09,2.14,2.04,1.39,2.23,3.06,3.18,3.07,2.45,.72,1.57,3.26,4.22,4.41,4.71
5.12,.77,3.40,2.79,2.74,2.09,1.28,2.08,5.71,5.52,12.04,9.60,12.63,15.27,16.76,17.18,18.00,18.78,20.46,24.36,26.44,25.12,25.20,21.52,12.35,10.10,16.38,15.07,11.27,8.18,7.62,6.72,7.87,8.45,8.48,9.53,6.85,2.75,2.05,.48,5.26,2.51,.91,2.12,3.28,.29,1.04,2.61,3.61,4.39,4.99,4.76,4.51,4.62,.48,1.71,.22,2.69,1.59,4.33,3.52,.84,1.58,2.97,3.80,4.24,3.91,3.32,2.69,2.01,1.95,2.46,3.42,4.01,4.34,4.25,1.51,.83,1.81,2.59,3.22,3.74,3.93,3.26,2.19,.54,1.74,2.55,2.70,3.12
3.02,2.18,1.82,1.21,.50,.08,2.82,5.29,3.83,5.21,7.76,7.31,9.73,10.90,11.93,10.68,10.14,11.00,11.07,11.49,10.82,7.82,6.11,4.44,5.27,5.63,5.10,5.34,5.90,6.88,7.76,7.23,6.59,6.54,5.28,3.82,3.31,3.06,3.37,3.27,2.86,2.40,1.94,1.42,1.14,1.27,.98,.20,.51,.51,.04,.61,.95,2.23,2.28,1.58,.10,.79,.27,.45,.09,4.19,5.35,4.89,2.56,2.01,1.88,1.92,1.74,1.30,1.29,2.10,3.08,3.67,4.75,6.03,4.41,1.09,1.11,2.40,3.25,4.29,5.23,5.02,4.79,1.98,.37,.46,.84,.90
.70,.48,1.08,1.50,1.70,2.91,2.90,1.49,1.38,2.68,4.08,4.87,5.65,6.18,5.36,5.13,4.63,5.28,5.89,5.73,5.43,4.77,4.02,3.96,3.98,4.66,5.08,4.55,3.64,3.47,3.33,3.14,2.76,2.45,2.30,1.93,1.12,.59,.48,.44,.21,.19,.55,.87,1.13,.57,.16,.75,1.20,1.44,1.61,1.78,1.58,1.78,1.73,1.12,.94,4.46,6.58,6.86,6.87,8.26,9.97,8.35,5.96,2.33,.28,.31,.41,1.12,.85,2.11,4.43,5.07,4.35,2.87,2.04,1.53,1.65,4.11,7.08,8.97,7.37,7.53,6.18,2.33,.56,.66,.62,.86
