Automation/Quotaero Data/current-wind_difference-surface-level-gfs-1.0.json
{"header": {"surface1TypeName":"Specified height level above ground","discipline":0,"shapeName":"Earth spherical with radius of 6,371,229.0 m","gridUnits":"degrees","numberPoints":65160,"resolution":48,"lo2":359,"lo1":0,"dx":1,"dy":1,"surface2Type":255,"productTypeName":"Forecast products","productDefinitionTemplateName":"Analysis/forecast at horizontal level/layer at a point in time","basicAngle":0,"disciplineName":"Meteorological products","parameterNumberName":"U-component_of_wind","refTime":"2015-02-06T00:00:00.000Z","surface1Type":103,"shape":6,"scanMode":0,"significanceOfRTName":"Start of forecast","surface1Value":10,"parameterUnit":"m.s-1","productStatusName":"Operational products","gridDefinitionTemplate":0,"gribLength":77505,"genProcessTypeName":"Forecast","centerName":"US National Weather Service - NCEP(WMC)","gridDefinitionTemplateName":"Latitude_Longitude","nx":360,"parameterCategoryName":"Momentum","ny":181,"surface2TypeName":"Missing","subDivisions":0,"winds":"true","forecastTime":0,"la2":-90,"la1":90,"productType":1,"parameterCategory":2,"center":7,"genProcessType":2,"subcenter":0,"productStatus":0,"productDefinitionTemplate":0,"parameterNumber":2,"surface2Value":0,"gribEdition":2,"significanceOfRT":1}, "data":
[rows 0 to 39 of 181, columns 270 to 359 of 360]
.28,.27,.27,.28,.27,.27,.28,.27,.27,.27,.27,.27,.28,.27,.28,.28,.28,.28,.27,.27,.27,.28,.27,.28,.27,.28,.27,.27,.28,.27,.28,.28,.27,.27,.28,.28,.28,.27,.28,.28,.27,.27,.27,.27,.28,.27,.27,.27,.28,.27,.27,.28,.27,.27,.27,.28,.28,.28,.28,.28,.27,.27,.27,.27,.27,.28,.27,.28,.27,.28,.27,.27,.27,.27,.27,.27,.27,.27,.27,.27,.27,.28,.28,.28,.27,.27,.28,.27,.28,.28
.44,.40,.37,.33,.30,.27,.22,.18,.15,.12,.08,.03,.01,.05,.09,.12,.16,.20,.23,.25,.29,.32,.36,.39,.42,.44,.47,.50,.54,.57,.60,.62,.65,.66,.69,.70,.73,.72,.74,.74,.75,.75,.75,.75,.75,.76,.75,.74,.73,.74,.73,.74,.74,.74,.73,.74,.75,.75,.74,.75,.74,.75,.77,.77,.80,.82,.84,.86,.88,.90,.91,.94,.96,.99,1.02,1.06,1.09,1.12,1.14,1.17,1.21,1.24,1.27,1.28,1.32,1.36,1.38,1.42,1.45,1.50
1.85,1.95,2.04,2.14,2.23,2.33,2.41,2.48,2.54,2.60,2.66,2.69,2.71,2.74,2.73,2.74,2.73,2.69,2.69,2.65,2.61,2.57,2.54,2.48,2.42,2.38,2.34,2.30,2.27,2.23,2.19,2.16,2.14,2.11,2.08,2.06,2.03,2.02,1.99,1.97,1.96,1.95,1.91,1.91,1.90,1.90,1.90,1.91,1.92,1.96,1.99,2.04,2.08,2.15,2.21,2.27,2.33,2.40,2.46,2.53,2.59,2.64,2.71,2.75,2.79,2.82,2.86,2.89,2.91,2.94,2.97,2.98,3.01,3.03,3.06,3.09,3.14,3.18,3.23,3.29,3.35,3.41,3.51,3.61,3.70,3.79,3.90,3.99,4.10,4.21
.93,1.27,1.61,1.93,2.18,2.43,2.69,2.90,3.07,3.21,3.35,3.24,3.14,3.20,3.27,3.30,3.32,3.32,3.30,3.28,3.24,3.20,3.12,3.07,2.99,2.92,2.86,2.79,2.73,2.65,2.58,2.51,2.45,2.38,2.31,2.28,2.24,2.22,2.20,2.20,2.21,2.23,2.24,2.26,2.29,2.32,2.36,2.40,2.45,2.49,2.54,2.59,2.66,2.74,2.82,2.89,3.00,3.11,3.24,3.35,3.49,3.65,3.78,3.94,4.05,4.19,4.31,4.43,4.55,4.66,4.77,4.86,4.96,5.05,5.10,5.11,5.15,5.21,5.24,5.26,5.30,5.36,5.39,5.44,5.51,5.58,5.67,5.78,5.90,6.11
.21,.44,.67,.88,1.07,1.19,1.29,1.37,1.41,1.43,1.43,1.39,1.34,1.28,1.22,1.16,1.07,.99,.88,.80,.73,.67,.60,.56,.55,.56,.56,.58,.58,.57,.57,.56,.56,.58,.60,.63,.66,.71,.75,.79,.83,.86,.87,.91,.93,.99,1.06,1.14,1.22,1.30,1.39,1.49,1.57,1.67,1.78,1.89,2.03,2.18,2.34,2.54,2.75,2.98,3.23,3.46,3.73,3.99,4.24,4.49,4.69,4.88,5.00,5.07,5.07,5.01,4.97,4.91,4.85,4.80,4.75,4.71,4.70,4.71,4.75,4.85,4.96,5.11,5.26,5.42,5.57,5.72
.09,.10,.12,.18,.29,.41,.55,.77,1.01,1.20,1.35,1.52,1.75,1.95,2.17,2.35,2.47,2.63,2.76,2.81,2.77,2.77,2.58,2.37,2.09,1.81,1.59,1.34,1.17,1.12,1.16,1.21,1.31,1.37,1.46,1.48,1.47,1.49,1.52,1.54,1.54,1.45,1.39,1.28,1.12,1.02,.95,.85,.74,.57,.53,.44,.41,.35,.22,.06,.06,.04,.09,.14,.30,.62,.97,1.19,1.52,1.80,2.06,2.34,2.64,2.87,3.05,3.28,3.38,3.42,3.40,3.36,3.37,3.31,3.23,3.11,3.06,3.06,3.09,3.19,3.37,3.60,3.74,3.87,3.96,4.05
1.00,1.28,1.64,1.95,2.31,2.68,3.04,3.49,3.94,4.38,4.84,5.29,5.71,6.18,6.68,7.19,7.68,8.13,8.50,8.66,8.67,8.70,8.65,8.48,8.29,8.10,7.83,7.64,7.46,7.32,7.21,7.21,7.30,7.43,7.66,7.65,7.62,7.53,7.40,7.14,6.83,6.38,5.98,5.54,5.11,4.74,4.42,4.11,3.79,3.49,3.25,2.98,2.77,2.57,2.38,2.17,1.93,1.69,1.45,1.20,1.05,.76,.53,.28,.04,.35,.58,.68,.68,.85,.93,.90,.94,.96,.81,.79,.67,.69,.70,.81,.93,1.14,1.25,1.40,1.54,1.60,1.69,1.78,1.86,1.95
1.08,1.72,2.23,2.56,2.85,3.18,3.77,4.80,6.45,8.35,10.07,11.13,10.35,7.84,4.22,3.67,2.84,2.09,1.50,1.41,1.96,3.19,2.57,1.10,.59,1.16,.55,.99,1.82,.31,1.65,3.61,5.42,6.61,6.96,6.26,4.70,2.83,2.17,1.65,1.69,1.91,2.16,2.31,2.39,2.32,2.52,2.75,2.86,2.69,3.05,3.39,3.97,4.80,5.11,4.81,5.70,4.02,3.29,2.51,2.00,1.49,2.90,4.75,4.99,3.72,1.93,.19,.91,1.20,.88,.55,.34,.47,.63,.94,1.29,1.38,1.13,.58,.07,.26,.39,.40,.29,.18,.13,.23,.41,.62
.71,.14,1.22,2.01,2.02,.72,1.41,4.11,6.77,8.03,7.75,7.71,7.26,7.71,6.47,4.11,1.01,.92,.56,.26,1.54,3.01,3.27,2.63,1.75,.54,.04,.87,2.12,3.65,5.01,6.01,5.79,6.19,7.81,9.59,11.26,9.44,7.00,5.50,4.95,4.40,5.14,5.18,4.60,6.32,8.50,8.16,5.01,3.62,1.86,1.63,2.33,3.69,4.35,4.19,2.82,1.08,.51,1.04,.21,1.07,.34,.93,2.07,2.53,1.90,.92,.11,.73,.34,.82,2.25,3.33,3.47,3.01,2.10,1.33,.84,.56,.33,.08,.17,.27,.21,.11,.08,.11,.10,.10
.94,1.82,1.43,1.46,3.69,3.37,2.97,.96,.46,.17,.13,.74,1.10,.40,.14,.75,.67,.99,1.34,3.27,4.23,3.88,3.16,3.02,4.50,5.64,6.00,5.15,4.86,4.53,4.41,4.10,4.53,5.69,6.68,6.73,5.81,4.58,3.82,4.09,5.27,5.73,4.16,1.86,2.23,4.12,5.15,4.91,3.55,1.57,.79,2.25,2.20,.69,2.12,3.84,2.19,.63,1.21,.98,.63,.30,.03,.50,.84,1.57,3.25,5.38,6.11,7.09,2.64,.71,2.33,3.94,5.26,5.55,4.12,3.45,3.13,2.93,2.31,1.75,1.29,1.05,1.00,1.20,1.52,1.70,1.46,.91
8.16,.03,1.85,6.14,8.73,8.41,7.67,6.14,5.11,3.19,3.11,2.26,.30,1.06,2.35,2.25,.90,.66,.22,.32,.00,2.24,5.04,6.55,7.25,6.59,5.01,5.16,4.47,3.59,2.79,2.31,1.60,1.09,.68,.86,1.28,1.55,1.29,.77,.78,1.02,1.17,1.49,1.77,1.75,1.29,.36,.21,.02,.59,.88,.88,.44,1.15,3.12,2.79,2.94,2.29,2.26,2.44,2.17,1.50,.65,.28,.74,.34,.40,.61,.59,.65,1.55,2.02,1.34,4.85,6.87,7.15,6.45,5.66,5.14,4.83,4.23,3.61,3.11,3.02,3.05,3.09,2.73,1.87,.89
.48,.65,3.31,6.94,8.50,6.22,.01,1.87,1.92,5.90,4.79,1.12,.54,.73,.08,1.63,2.88,5.42,7.47,5.80,2.97,2.24,2.29,1.80,2.64,4.09,4.68,4.35,3.13,1.59,.90,1.38,2.24,2.67,2.90,2.80,2.22,1.52,.94,.64,.51,.51,.54,.54,.49,.48,.51,.67,.82,.76,.45,.10,.24,.48,.59,.63,.78,1.14,1.59,2.16,2.80,3.31,3.55,3.21,2.59,3.04,4.93,5.12,2.07,2.01,2.48,1.15,.09,1.91,3.91,6.18,7.20,7.29,7.46,7.55,7.15,6.55,5.59,4.91,4.34,4.13,3.74,2.83,1.37,.16
1.79,1.96,2.04,.40,.52,.17,.47,1.17,1.67,3.00,2.84,.01,.11,.59,.04,2.38,5.16,6.74,4.24,1.10,.66,2.31,2.64,.58,3.97,3.99,2.66,1.79,2.10,2.96,3.22,2.16,.78,.20,.88,1.21,1.47,1.78,1.98,1.89,1.69,1.49,1.26,.76,.23,.04,.13,.24,.44,.79,1.03,1.07,1.06,1.03,1.02,.94,.78,.50,.14,.32,.77,1.12,1.23,1.20,1.30,2.05,2.60,.23,2.08,.18,.15,2.04,2.45,.59,2.05,5.45,7.76,8.88,9.07,9.03,9.00,9.10,9.57,8.87,6.76,5.95,6.97,5.04,4.23,10.78
.18,.39,.86,.91,.40,1.57,3.34,3.04,.04,.50,2.80,3.03,.16,.89,.50,.72,1.29,1.25,1.82,1.63,.31,.25,.01,.28,2.16,5.42,5.23,3.69,3.04,3.19,3.56,3.73,3.05,1.71,.78,.28,.77,1.51,1.78,1.71,1.46,.99,.65,.44,.31,.23,.09,.14,.38,.62,.75,.59,.29,.01,.11,.18,.28,.43,.58,.80,.75,.40,.26,.55,.25,.73,1.21,.53,.16,.63,4.18,4.91,4.48,2.39,.78,2.76,3.06,3.66,4.42,5.59,7.11,8.85,9.79,9.40,9.47,10.24,5.12,5.61,2.61,1.27
1.40,2.98,2.87,2.26,2.61,2.13,2.13,3.58,5.77,6.95,7.61,4.88,2.16,.76,.21,.30,.72,.75,.26,.15,.19,.15,.58,.60,.91,1.61,2.21,1.97,2.18,2.43,1.24,.96,1.09,.69,.08,.44,.51,.79,1.28,1.31,1.12,1.16,1.19,.99,.84,.67,.56,.44,.25,.14,.29,.34,.53,.66,.74,.76,.73,.57,.18,.25,.24,.18,.19,1.31,2.77,.60,5.89,3.43,2.18,1.34,.62,1.22,4.02,3.70,.92,3.69,3.71,4.04,4.30,4.54,4.53,5.04,6.19,6.82,7.01,6.72,5.28,2.12,.14,.08
3.45,3.87,2.28,1.10,2.24,1.84,.26,1.94,.59,.68,.34,1.47,.39,.94,1.13,1.43,2.01,2.30,2.19,1.90,1.92,2.53,3.13,3.09,1.98,2.09,3.64,3.65,.59,1.21,1.94,.03,1.05,.52,.74,.56,.02,.56,.52,.36,.75,1.03,.90,.75,.77,.94,1.15,1.27,1.28,1.21,.99,.69,.33,.04,.11,.42,.62,.29,.19,.22,.17,.54,.18,1.23,1.08,1.59,4.39,3.22,.20,2.63,4.99,5.70,4.56,1.02,.44,.33,2.84,4.57,4.89,6.04,7.01,7.64,7.86,7.81,7.76,7.93,8.09,7.82,7.16,6.27
2.90,3.80,4.50,5.34,5.60,4.24,2.64,2.03,1.71,2.57,4.35,3.42,2.48,2.43,2.62,1.91,1.33,1.34,1.58,1.98,2.52,2.98,3.45,3.61,3.04,2.58,2.53,2.71,2.18,1.37,1.04,.74,.94,.34,.06,1.10,.12,.66,.96,1.21,.46,.25,.37,.26,1.40,2.22,2.32,2.27,2.57,2.88,3.08,2.90,2.30,1.68,1.19,.54,.12,.42,.63,.02,.73,1.58,1.98,.42,.63,1.41,1.00,.95,1.59,1.52,.21,2.67,4.02,4.31,2.72,3.01,4.29,5.36,6.26,7.31,8.19,8.74,9.04,9.28,9.42,9.30,9.02,8.87,8.71,8.32
1.33,1.20,2.44,1.43,1.19,.18,.51,.09,.33,.56,.24,.11,.23,1.13,1.46,.51,.08,1.32,2.80,2.28,.85,.50,1.75,2.92,3.13,2.39,1.79,1.77,1.77,1.78,1.42,1.24,1.02,.42,1.11,.28,.89,.12,1.32,1.46,.70,.31,.44,.03,.25,1.12,1.52,2.10,3.30,4.45,4.73,5.26,6.09,5.97,4.90,3.37,1.54,1.31,1.16,1.99,.60,2.00,.71,.35,.10,.11,.35,1.31,.38,6.76,5.45,3.36,2.96,2.38,3.24,5.82,7.05,8.02,8.74,9.31,9.84,10.25,10.51,10.66,10.70,10.49,10.22,9.97,9.62,9.09
1.54,.50,.21,.11,1.77,.07,.29,.55,.24,.39,.74,.22,.10,.22,.30,.25,.27,.12,.64,1.76,1.18,.48,.48,.97,1.00,.98,.90,.48,.11,.20,1.56,2.74,3.13,3.02,1.82,.30,.10,.51,2.10,2.33,2.11,1.54,.81,.66,.41,.18,1.46,3.02,4.41,5.12,5.96,6.46,7.01,7.05,6.22,4.88,1.95,.56,.42,2.07,10.14,2.87,2.34,.25,1.32,1.26,.37,.61,.07,.78,1.63,2.04,2.58,3.11,3.32,3.44,4.08,5.41,6.87,8.02,8.67,9.07,9.28,9.15,9.07,9.28,9.42,9.59,9.70,9.81
.62,.74,.94,1.23,.92,1.85,3.34,1.19,.28,.36,.41,.31,.28,.29,.62,.20,.74,.93,.97,.64,.97,2.29,.35,.46,.40,1.41,1.70,1.79,1.72,2.14,3.77,3.87,3.55,4.75,3.53,1.66,2.79,1.09,2.70,2.42,2.33,1.68,2.38,1.64,.09,1.71,3.35,4.19,5.02,5.63,6.06,6.64,7.02,7.45,7.53,7.00,5.52,5.77,3.35,1.28,1.09,4.87,.35,1.77,5.16,.57,.74,1.08,.44,3.37,3.38,1.06,1.04,.96,1.40,2.30,1.48,.76,3.43,5.84,7.13,7.58,7.13,8.99,9.73,9.70,9.36,8.96,8.86,8.74
.39,1.15,1.72,.39,1.40,.47,1.91,.71,.11,.31,.47,.69,.84,.60,1.31,1.36,1.01,.95,.62,.57,.54,.65,.04,1.11,.74,1.77,2.11,2.48,2.73,2.87,3.58,3.92,3.42,2.39,2.82,2.91,.01,1.22,.57,.66,2.36,2.39,2.47,1.33,1.51,2.86,3.68,4.88,6.30,7.20,7.93,8.69,8.99,9.32,9.09,7.84,5.71,5.07,5.11,6.54,12.09,8.44,.16,1.71,8.62,9.23,2.78,.48,4.62,2.35,1.70,7.34,9.47,9.81,9.63,9.74,9.17,8.13,7.42,6.95,6.59,6.16,6.00,6.28,6.40,6.37,6.18,5.98,6.05,6.46
.15,1.44,1.29,.76,2.87,1.20,.99,2.32,.27,.26,.25,.02,.01,.15,.38,1.89,.66,.71,1.18,.58,.29,.65,.13,.52,.00,.69,1.04,1.68,2.96,2.70,3.35,3.20,2.52,2.00,2.30,2.62,1.48,.05,1.63,.34,1.54,3.32,1.91,2.58,6.73,6.49,7.31,7.71,7.49,6.18,5.93,6.00,5.26,3.91,5.10,4.78,3.16,.68,1.10,2.94,3.30,3.86,.79,5.02,8.27,3.50,6.10,7.19,10.28,12.16,13.68,9.74,4.85,1.47,.32,1.56,2.55,2.60,1.63,.10,1.21,2.46,3.63,4.97,6.02,6.59,6.58,6.43,6.37,6.00
.65,2.27,.41,1.41,.62,.06,.20,1.12,.76,.35,.51,.69,.50,.20,.12,.15,.18,.09,.53,.02,.10,.18,.66,.60,1.82,.32,1.78,1.28,2.16,3.70,3.70,1.88,2.22,3.10,2.60,1.63,.03,1.04,.34,.61,1.18,1.53,1.61,3.95,7.27,7.27,5.41,6.19,5.66,4.46,3.33,1.64,.61,3.43,4.97,5.72,3.54,3.85,1.48,.21,2.18,1.99,.55,3.22,5.35,8.39,8.26,3.92,2.04,1.45,1.13,1.65,1.76,.41,.00,1.49,3.58,5.65,6.96,7.22,7.12,7.05,7.16,7.77,8.04,7.77,7.08,6.03,4.90,4.18
1.45,1.21,.62,3.71,2.00,.08,.67,.48,1.32,1.03,.10,.94,1.48,1.62,1.83,1.68,1.67,1.80,1.59,.70,.35,.89,.89,.31,.34,.58,.35,.44,.27,2.09,3.63,2.41,2.34,2.49,2.06,1.97,1.42,.79,1.43,.62,1.04,.45,5.71,6.88,4.77,5.80,2.99,4.67,2.54,3.09,.89,2.84,2.26,1.35,1.58,2.54,2.92,3.82,6.05,7.09,9.22,9.34,8.10,3.49,1.68,1.68,2.45,.23,4.00,1.46,1.87,2.35,6.27,7.85,4.51,.37,2.01,3.87,3.79,3.72,4.14,4.60,4.74,4.85,5.14,5.45,5.23,4.92,4.91,4.07
.63,.70,.24,1.44,2.48,1.47,.90,.91,.77,.99,.57,.23,.13,.47,.79,.25,.74,1.30,1.04,.96,.33,.72,1.03,.59,.52,1.61,.20,.47,1.46,.07,2.94,.38,1.87,1.33,.04,3.52,3.55,.57,2.66,4.14,7.05,5.42,5.02,7.33,8.18,5.54,.45,1.06,3.80,4.36,1.22,3.61,.18,3.66,1.34,6.10,5.68,4.76,5.60,7.68,11.14,7.63,3.46,2.27,.25,1.62,2.32,3.87,.45,3.57,1.69,3.17,.27,2.19,.53,2.07,3.00,8.33,6.68,4.51,2.87,2.38,2.08,2.31,2.37,2.47,2.66,2.44,2.73,3.31
.51,1.20,2.60,2.85,1.59,.83,.41,.21,1.46,1.79,1.64,1.81,1.37,.13,.07,.90,.27,.48,.15,.28,.22,.56,.74,1.56,1.51,2.96,2.01,1.38,.47,.19,1.33,.92,1.32,1.25,.02,.42,3.29,3.92,2.94,4.26,4.33,3.84,5.58,8.18,7.35,5.13,1.44,3.30,6.16,4.19,1.18,1.09,1.70,1.34,.73,.42,1.60,1.03,.30,2.48,4.05,4.42,4.18,.91,.83,.95,.97,1.40,.31,.59,1.86,3.93,.70,8.15,1.51,.46,.15,4.56,7.72,6.40,2.59,2.74,2.60,1.97,1.97,1.90,1.59,.29,.31,.27
1.72,1.40,1.83,2.03,.55,1.72,.89,1.53,3.27,2.49,2.46,2.74,2.07,1.65,1.25,.67,.47,.38,.49,2.03,2.83,.18,1.95,2.91,1.04,.49,.05,.70,2.37,3.40,4.79,4.49,4.85,4.10,3.42,3.36,6.03,5.32,5.61,3.49,1.26,3.40,5.45,3.94,4.25,5.44,3.07,1.09,4.24,1.90,.46,2.99,2.97,1.42,.28,.19,.97,1.69,2.24,3.66,5.50,5.40,2.37,.18,1.05,1.80,2.03,.09,2.22,3.27,.22,3.34,3.02,.57,1.03,3.86,3.51,2.51,2.14,.26,1.80,2.92,3.30,2.09,1.74,2.10,2.71,3.10,2.40,1.44
2.32,2.26,2.00,1.11,.10,1.98,2.55,2.03,1.73,1.31,1.49,.41,1.32,1.94,1.26,2.27,2.50,1.83,2.87,1.36,.90,.67,3.19,.48,1.35,.22,2.00,4.03,3.66,3.05,3.58,5.35,5.60,5.93,5.50,2.46,.89,.44,.27,1.59,.83,1.31,1.17,2.88,3.77,1.70,2.47,4.85,.82,1.38,2.52,1.07,.79,2.26,2.96,1.97,.28,1.69,3.88,4.95,6.30,6.31,1.62,.69,.85,.31,1.06,.99,.80,.67,.51,.41,.21,.10,.89,.33,.60,.46,1.18,1.44,.57,.46,.07,.06,.97,2.02,2.03,1.80,1.97,1.89
.94,1.83,.92,.05,.81,2.27,3.12,2.60,1.81,1.37,1.18,.45,1.30,2.26,1.39,1.64,2.44,1.88,1.88,2.67,1.78,.47,1.08,.42,2.90,2.82,4.36,6.44,4.84,5.27,.83,2.24,2.14,2.23,2.83,2.73,1.63,1.58,1.88,.08,1.87,.32,1.65,2.45,3.53,.03,.99,9.95,2.41,2.88,3.29,4.83,6.17,5.46,4.77,3.67,.35,2.18,3.38,4.55,5.48,4.18,.25,.22,.48,1.97,1.17,.82,.78,.55,.36,.36,.60,.57,.81,.59,.06,.28,.80,1.55,2.08,1.94,.91,.28,.13,.00,1.30,1.19,.08,.64
.49,.11,.10,.65,1.91,3.09,3.98,3.12,2.20,.72,.78,1.41,.43,.95,1.39,3.01,2.67,2.29,3.52,2.68,1.05,2.02,1.69,1.02,.66,2.93,3.78,4.65,5.68,3.60,2.15,.30,1.59,.30,1.04,1.08,.88,.75,3.87,2.66,1.32,1.34,1.78,.97,4.98,.04,5.66,1.35,4.57,7.08,7.83,7.95,6.63,6.76,4.96,1.04,1.76,2.06,1.97,2.58,4.53,1.76,1.06,.96,.88,1.68,1.93,2.23,2.31,2.19,2.22,2.29,2.55,2.62,2.10,1.43,.53,.01,.75,1.57,2.59,2.13,1.11,.14,.69,.86,.57,.05,.90,1.22
.71,1.10,2.07,2.64,3.52,4.34,4.58,4.46,2.31,1.03,.39,.94,.41,.48,.16,1.83,2.90,1.98,.90,.64,.14,.81,1.18,.58,2.24,2.24,.09,.73,1.61,.01,.28,2.44,2.96,2.18,2.98,2.08,.76,.01,.50,.03,.23,4.05,7.39,9.72,14.49,6.70,7.54,6.70,7.89,7.72,7.77,7.26,9.27,5.65,1.48,1.70,2.01,1.56,.88,.14,3.50,1.10,.99,1.12,1.36,2.14,2.78,3.84,4.86,4.80,4.64,4.81,4.82,4.21,3.45,2.40,1.32,.03,1.31,2.31,2.33,1.67,.07,.94,.86,.65,.39,.28,.40,.24
3.02,2.91,3.05,3.24,3.84,5.15,6.13,5.89,3.92,2.83,1.98,1.47,1.90,2.61,2.57,1.52,2.85,2.11,.29,.21,.26,.96,.93,1.39,1.69,1.08,.33,.34,1.55,1.80,1.04,1.83,1.94,3.17,2.76,2.88,.46,2.00,2.87,2.75,.83,5.28,1.38,1.25,3.77,5.66,6.37,7.19,8.09,9.12,10.15,13.42,11.22,1.15,.36,1.13,2.84,2.67,.24,.91,3.75,1.84,1.26,2.64,3.69,4.35,5.90,7.53,7.82,7.21,6.93,6.73,6.47,5.82,4.21,2.70,.84,.82,1.92,2.53,2.40,2.13,1.65,1.57,1.45,.48,1.16,1.35,.46,.13
5.41,5.48,3.93,4.64,4.49,4.64,5.73,5.98,5.62,5.80,5.71,4.26,4.52,4.45,4.06,3.81,3.20,.40,2.18,1.96,1.54,1.00,.93,1.08,.71,.33,.25,.20,.46,.20,.53,1.35,.44,1.14,.85,.57,3.24,4.66,1.59,5.21,4.38,4.87,1.60,.13,1.73,3.32,5.11,7.05,8.54,10.25,12.45,14.34,2.47,.12,1.03,2.43,3.01,1.83,.25,1.01,.13,1.42,1.51,2.44,3.54,5.52,7.70,8.47,8.42,8.00,7.99,7.85,7.09,6.13,4.45,2.59,.22,2.40,4.18,4.03,3.55,3.74,4.06,2.71,3.05,1.65,2.54,3.50,2.78,1.47
3.90,5.23,6.53,5.87,5.68,5.70,6.05,5.83,5.54,5.88,5.72,5.56,5.55,5.30,2.98,2.43,3.17,2.95,2.32,1.32,1.36,1.10,.95,.19,.06,.16,.13,.14,.52,.95,2.39,2.34,.48,1.65,1.96,.80,1.53,5.51,9.23,8.45,3.36,6.71,4.79,2.57,.41,1.57,3.69,5.75,7.75,9.09,8.77,6.21,.54,1.98,2.03,2.73,2.84,1.01,1.46,.23,2.94,1.94,3.02,4.02,5.00,6.49,7.29,8.01,8.59,8.09,7.36,6.01,4.57,3.58,2.61,1.18,1.32,4.61,6.64,6.62,4.39,4.32,5.89,6.07,4.69,1.89,1.65,2.99,3.66,3.57
3.38,3.56,2.84,4.20,5.41,5.02,5.37,5.62,5.41,5.34,3.96,3.96,4.38,4.63,1.45,1.97,1.11,1.74,1.83,.85,1.42,.51,.28,.14,.10,.71,.04,.25,.04,.22,1.88,5.53,2.20,.52,1.34,2.00,.47,1.23,3.30,4.97,6.69,6.58,4.62,3.36,2.00,.73,1.02,2.66,4.33,4.61,7.72,1.10,3.42,3.90,3.11,3.05,1.88,.40,2.45,1.76,3.46,3.70,4.96,5.43,5.56,4.96,4.74,5.27,5.26,4.37,3.65,2.97,2.04,.66,.74,3.05,5.76,5.18,2.89,3.66,2.98,3.44,3.85,4.37,4.43,2.40,2.19,4.99,4.66,5.86
2.05,2.51,2.82,3.32,2.20,2.18,1.76,2.24,3.58,4.25,2.80,3.47,1.93,1.19,1.29,1.15,1.25,.78,.21,.27,.31,1.02,.42,.29,.61,.58,.84,.39,.71,.20,1.05,2.15,2.40,2.55,3.23,4.24,3.26,2.83,1.57,.43,2.23,3.16,3.48,3.16,2.72,2.45,1.64,.71,1.06,.58,3.29,5.21,5.01,4.32,3.37,2.54,1.00,2.33,3.86,.41,2.93,4.09,4.79,4.11,3.80,3.88,4.08,4.61,5.03,4.33,3.58,3.04,2.13,.54,.98,3.31,2.69,1.89,.01,.97,.26,.94,1.60,1.86,3.10,2.62,1.00,.94,.88,4.31
2.36,2.51,3.82,2.19,2.15,1.27,2.26,1.58,1.43,2.09,.34,.21,.68,.45,1.01,.32,.05,.22,.16,.34,.67,.59,.65,.62,.76,2.16,2.44,1.28,2.62,2.59,.56,1.50,.19,3.14,7.92,8.60,7.00,5.97,3.61,2.20,.37,1.22,1.95,2.45,2.71,2.91,3.03,3.99,4.64,4.28,6.51,6.68,5.03,3.16,1.76,1.20,1.07,4.51,.22,3.42,3.08,4.35,4.68,3.64,2.33,2.06,2.36,3.47,2.84,2.02,2.55,3.19,2.07,1.05,.39,.39,3.36,4.21,3.43,2.50,.83,.14,.21,.56,1.04,1.66,2.19,.93,1.28,1.96
2.30,2.82,2.99,3.11,1.94,1.78,1.58,.93,1.05,.68,1.23,.13,.53,.24,.04,.19,.42,.50,.55,1.53,2.19,.48,.31,.66,.56,1.11,.48,2.99,2.99,.97,2.46,1.50,1.68,3.25,5.45,7.32,6.82,7.17,7.47,5.27,3.18,1.06,.63,1.95,3.20,4.13,4.98,6.23,6.94,.52,8.90,6.80,3.29,.72,.26,1.15,4.69,5.56,3.14,2.86,3.28,4.44,1.93,.65,.33,1.00,1.40,1.77,1.08,1.30,1.69,2.47,1.84,1.40,1.56,1.61,3.55,3.33,2.94,2.91,2.24,.81,.10,.31,1.69,2.94,.55,1.73,1.05,1.13
1.94,1.67,1.99,2.07,1.51,1.09,.94,.44,.03,.20,.79,.54,.30,.04,.01,.10,.20,.90,.79,.53,.23,.04,.24,.04,.57,.62,2.52,1.31,2.34,1.65,2.23,2.89,3.34,2.68,5.14,7.99,8.18,8.15,7.87,6.48,4.32,2.06,.17,2.28,4.74,6.64,8.12,9.90,7.88,2.03,7.35,5.74,1.43,1.39,2.64,4.47,6.34,1.88,5.64,3.51,3.44,2.60,1.38,2.39,.97,1.27,.94,.34,.33,.15,.30,1.01,.87,1.19,.71,.11,1.32,2.25,2.22,1.88,.09,.21,.02,.02,.44,.57,.66,.46,.06,.00
.45,1.22,.00,.74,.97,1.36,.34,1.82,1.43,1.14,.77,1.18,1.01,.26,.08,.15,.00,.32,.13,.03,.98,2.50,.87,.29,.26,1.70,3.42,3.39,2.42,2.33,1.90,2.63,1.98,2.21,5.31,7.33,7.69,8.04,5.96,5.96,4.69,1.96,.69,3.17,6.13,9.25,11.69,11.05,6.61,.59,6.02,3.93,.15,2.60,4.95,7.04,6.69,4.20,1.15,2.59,4.03,3.75,.97,1.32,1.45,4.35,2.36,1.59,1.40,.80,.02,.59,1.18,.56,1.42,1.04,.49,1.63,2.89,2.99,1.81,2.49,2.39,1.74,1.63,2.30,1.20,.18,.46,.90
