Automation/Quotaero Data/u-grd2.json
{"header": {"discipline":0,"disciplineName":"Meteorological products","gribEdition":2,"gribLength":77505,"center":7,"centerName":"US National Weather Service - NCEP(WMC)","subcenter":0,"refTime":"2015-02-06T00:00:00.000Z","significanceOfRT":1,"significanceOfRTName":"Start of forecast","productStatus":0,"productStatusName":"Operational products","productType":1,"productTypeName":"Forecast products","productDefinitionTemplate":0,"productDefinitionTemplateName":"Analysis/forecast at horizontal level/layer at a point in time","parameterCategory":2,"parameterCategoryName":"Momentum","parameterNumber":2,"parameterNumberName":"U-component_of_wind","parameterUnit":"m.s-1","genProcessType":2,"genProcessTypeName":"Forecast","forecastTime":0,"surface1Type":103,"surface1TypeName":"Specified height level above ground","surface1Value":10.0,"surface2Type":255,"surface2TypeName":"Missing","surface2Value":0.0,"gridDefinitionTemplate":0,"gridDefinitionTemplateName":"Latitude_Longitude","numberPoints":65160,"shape":6,"shapeName":"Earth spherical with radius of 6,371,229.0 m","gridUnits":"degrees","resolution":48,"winds":"true","scanMode":0,"nx":360,"ny":181,"basicAngle":0,"subDivisions":0,"lo1":0.0,"la1":90.0,"lo2":359.0,"la2":-90.0,"dx":1.0,"dy":1.0}, "data":
[rows 140 to 174 of 181, columns 80 to 159 of 360]
8.27,8.97,10.62,11.42,11.86,12.43,13.04,12.77,12.96,13.92,14.69,15.29,15.26,15.53,15.52,14.72,13.57,12.65,12.7,12.81,12.5,12.62,12.71,13.73,13.56,12.32,11.93,11.34,10.86,11.78,10.29,6.62,5.52,6.28,6.69,6.55,8.62,10.17,8.44,9.24,5.94,4.9,4.43,4.14,3.5,4.35,5.32,5.19,5.45,5.53,5.73,5.65,3.97,3.62,4.34,3.93,4.7,5.31,4.97,4.78,4.99,5.63,7.41,7.21,7.1,7.07,7.34,7.2,7.64,8.16,8.86,9.02,9.08,8.94,8.41,8.91,8.78,8.56,6.96,5.86
8.14,8.83,9.79,10.56,10.82,11.78,12.6,13.03,14.07,13.93,14.34,14.28,14.53,14.65,14.22,13.8,13.38,13.6,14.03,13.81,13.6,13.47,13.47,12.4,11.97,12.16,11.61,11.0,10.64,10.88,10.03,8.06,5.93,5.71,6.28,6.75,6.9,8.0,8.64,8.32,6.48,4.26,4.24,4.33,3.78,3.57,4.06,4.26,4.8,5.16,5.04,5.12,5.11,3.98,4.01,4.89,4.93,5.41,5.75,5.82,6.19,6.95,7.71,8.03,7.83,7.69,7.76,7.86,9.06,9.71,9.87,9.86,10.0,9.1,9.38,8.99,8.26,6.98,5.66,4.43
7.1,7.59,7.53,9.5,10.85,11.52,11.97,12.78,12.92,12.78,13.07,13.59,13.43,12.93,12.67,12.84,13.07,13.39,13.58,12.83,12.72,13.53,13.9,13.39,12.7,12.01,10.66,9.89,8.51,7.15,5.76,5.41,5.4,5.5,6.06,7.51,8.31,9.22,9.72,8.51,6.69,4.06,3.56,3.91,4.21,3.79,3.29,2.77,3.85,5.25,5.55,4.69,4.85,5.74,5.17,4.51,5.03,5.92,6.37,6.83,7.48,8.09,8.78,8.67,7.87,7.97,8.35,9.19,9.99,10.15,10.32,10.83,10.78,10.06,9.92,8.94,7.29,5.97,5.6,3.55
7.17,7.62,8.59,9.49,11.04,11.42,11.54,11.88,12.28,12.63,12.94,13.16,13.3,12.72,12.31,12.77,13.25,13.66,13.74,13.49,13.67,14.43,14.76,14.12,12.64,11.83,11.23,9.69,6.75,5.67,4.91,4.57,4.73,5.59,6.5,7.81,8.93,9.45,9.37,8.55,5.86,3.74,3.1,3.18,3.42,3.41,2.7,2.42,3.37,4.35,5.92,5.86,4.86,5.26,5.9,5.98,6.33,6.73,7.14,7.39,7.6,7.89,8.44,8.45,8.51,8.93,9.31,9.9,10.34,10.63,11.05,11.43,10.89,10.09,9.85,8.7,7.39,6.95,4.84,2.91
9.34,10.29,10.76,10.51,10.44,10.8,12.09,12.44,12.66,12.5,12.85,11.67,9.64,10.09,11.47,11.97,11.95,11.96,12.68,13.66,14.46,14.73,14.19,12.8,10.91,9.69,9.12,8.93,8.17,5.91,4.51,4.52,5.22,6.18,7.23,8.36,8.94,9.15,8.69,7.13,4.01,1.96,1.56,1.98,2.44,2.6,2.39,1.98,2.63,3.55,4.74,5.59,5.79,5.64,6.35,6.93,7.21,7.83,7.82,7.62,7.48,7.54,7.86,8.14,8.45,9.05,9.63,10.19,10.92,11.23,11.31,11.53,10.63,10.24,9.95,8.88,7.64,6.84,4.99,5.08
11.35,12.25,12.43,12.26,11.99,11.47,11.98,12.56,11.96,10.57,8.61,8.63,9.14,9.85,10.36,11.0,11.46,11.4,11.26,11.83,12.53,12.27,10.98,9.49,7.96,7.75,7.04,6.89,4.43,3.71,3.32,3.55,4.84,6.21,7.68,8.98,9.93,9.15,7.92,4.24,1.53,0.07,0.21,1.5,3.27,3.9,3.06,1.95,1.39,2.09,2.46,4.45,5.66,6.17,6.76,7.39,7.86,8.03,8.32,8.36,8.14,8.09,8.34,8.8,9.35,10.07,10.63,10.74,10.84,11.38,11.49,11.21,10.49,9.6,9.35,8.33,7.45,4.82,4.86,5.41
11.81,11.9,11.99,12.27,12.49,12.52,11.97,11.55,10.8,9.31,9.44,10.07,10.61,10.83,10.5,10.28,10.1,10.41,10.02,9.38,9.24,8.58,7.45,5.8,4.9,5.09,4.53,3.61,3.01,3.12,4.04,5.02,6.11,6.87,8.32,9.17,9.11,7.83,4.5,0.96,-0.56,-0.69,-0.05,1.48,2.82,3.64,3.13,2.24,1.58,1.71,2.44,3.13,4.06,5.45,6.95,8.02,8.31,8.71,9.14,9.4,9.32,9.22,9.36,9.52,9.72,9.61,9.53,9.69,9.86,10.14,10.48,10.17,9.41,8.12,7.34,6.92,5.65,4.29,5.3,3.97
10.97,10.81,10.78,10.94,11.22,11.51,11.67,12.06,10.96,9.5,10.07,11.36,11.74,11.46,10.88,9.65,9.41,9.05,8.36,7.76,6.28,6.02,4.91,4.02,4.57,4.12,2.41,2.01,2.53,3.56,4.51,4.67,5.88,7.99,8.99,8.67,6.65,2.76,-0.93,-2.09,-1.58,-0.46,0.48,1.42,2.06,2.17,2.13,1.74,1.7,2.27,2.98,3.57,3.96,4.68,6.34,7.9,9.44,9.88,9.95,10.1,10.33,10.05,9.79,10.02,10.03,9.68,9.01,8.68,8.46,8.64,8.87,8.62,8.1,6.67,5.59,4.44,3.83,4.67,4.7,4.28
10.56,9.97,10.31,10.59,10.37,10.1,10.52,10.48,10.53,11.13,11.36,11.42,11.34,10.8,9.83,9.13,9.26,8.43,8.11,7.75,6.45,5.85,5.4,4.31,1.91,0.48,0.9,2.55,4.11,4.71,5.32,6.49,7.61,8.89,6.66,2.08,-1.62,-3.66,-3.68,-2.57,-1.41,0.02,0.95,1.67,1.45,0.89,0.43,0.52,1.54,2.85,3.85,4.52,5.09,5.58,6.47,8.19,9.86,10.64,10.91,11.06,11.12,11.02,10.8,10.04,9.54,9.48,9.03,8.62,8.33,8.17,8.52,8.47,6.41,4.95,4.14,2.75,2.3,3.25,4.71,5.46
10.56,11.01,10.97,10.63,10.76,10.77,10.79,11.27,12.25,11.33,10.49,11.16,10.96,10.46,9.71,9.4,9.33,7.45,7.71,7.75,6.21,4.75,2.64,1.07,0.78,1.45,2.59,3.97,4.52,5.1,5.55,6.77,6.8,1.54,-2.78,-4.19,-4.05,-3.51,-3.06,-2.4,-1.82,-2.13,-1.11,-1.23,-1.86,-1.99,-0.95,0.5,1.9,3.22,4.58,5.76,6.54,7.13,7.85,8.6,9.96,11.47,12.02,11.66,11.37,11.07,10.6,10.0,9.8,9.85,9.57,8.95,8.68,8.25,7.34,6.06,4.86,2.85,-0.09,0.1,2.11,3.86,5.0,5.4
12.02,12.32,12.51,12.21,12.3,12.82,12.82,10.62,9.79,11.37,12.13,11.64,10.86,10.16,9.53,8.73,8.32,7.55,7.04,6.61,5.38,4.48,4.17,3.41,2.86,3.37,4.72,5.24,5.01,4.22,4.62,1.09,-4.16,-5.54,-5.61,-4.74,-4.37,-4.16,-3.66,-3.43,-2.6,-1.75,-1.72,-1.09,-0.11,0.91,1.82,2.99,4.25,5.42,6.18,6.8,7.33,8.07,8.95,9.54,9.83,10.73,11.94,12.05,11.41,10.77,10.41,10.04,9.63,9.56,9.15,8.62,7.66,6.39,5.26,3.71,0.94,-1.8,-1.16,1.35,3.21,4.42,4.62,4.25
13.15,13.57,13.27,12.43,10.9,9.73,10.2,11.32,11.79,11.88,11.77,11.32,10.55,9.42,8.94,9.36,8.86,6.16,5.87,5.51,4.4,3.79,4.19,4.17,4.64,5.73,6.61,4.49,1.51,1.22,-2.45,-6.05,-5.91,-5.75,-5.24,-4.85,-4.68,-4.61,-4.17,-3.4,-3.1,-2.28,-0.63,1.77,3.61,4.75,5.83,6.89,7.42,7.59,7.68,7.52,7.66,8.24,8.82,9.47,9.73,9.46,9.34,10.24,10.34,9.9,9.56,9.19,8.94,8.29,7.39,5.84,3.48,1.59,0.14,-2.18,-3.02,-1.83,0.5,2.72,4.2,5.0,4.8,4.06
10.44,11.17,11.72,11.63,11.21,10.62,10.58,10.89,10.76,10.42,8.98,7.78,7.0,6.33,5.25,3.43,2.64,3.15,2.85,2.39,2.47,3.82,4.57,7.52,9.09,5.41,1.5,-1.95,-2.32,-3.97,-6.2,-5.63,-5.47,-5.16,-4.82,-4.57,-4.28,-3.69,-3.09,-2.54,-1.6,-0.34,1.03,2.39,3.57,4.3,4.69,4.95,5.22,5.46,5.63,6.2,7.1,7.76,8.28,9.01,8.98,8.29,7.12,5.81,6.07,7.35,7.32,6.67,5.83,4.04,1.14,-0.4,-1.28,-3.3,-4.83,-4.67,-2.58,-0.03,1.92,3.5,4.65,5.06,4.66,4.45
11.37,11.18,11.04,10.53,10.2,10.15,9.62,9.37,8.89,7.57,6.76,5.73,4.15,2.65,2.21,1.84,1.06,0.43,-0.46,-1.48,-2.4,-3.66,-3.33,-5.35,-7.48,-6.21,-5.77,-5.28,-6.36,-6.99,-6.53,-5.78,-4.89,-4.9,-4.56,-4.11,-3.49,-2.65,-1.63,-0.37,1.07,2.45,3.22,3.93,4.48,4.84,5.01,5.09,5.07,5.02,4.95,5.07,5.69,6.66,7.63,7.81,7.37,6.83,5.92,4.55,2.99,2.38,1.2,0.28,-0.61,-2.38,-4.6,-6.62,-6.93,-5.83,-4.08,-1.8,-0.12,0.99,2.19,3.3,4.1,4.75,4.9,5.09
10.1,9.37,8.99,8.75,8.6,8.29,8.03,7.37,6.34,6.02,5.52,4.46,3.41,3.17,2.62,1.37,-0.68,-2.32,-2.98,-4.21,-4.74,-6.05,-7.56,-9.66,-10.17,-9.22,-7.39,-7.38,-7.77,-7.49,-7.18,-6.46,-6.1,-5.48,-4.59,-3.62,-2.61,-1.47,-0.48,0.63,1.38,2.03,2.99,3.72,4.18,4.25,4.0,3.84,3.89,4.0,4.26,4.76,5.13,5.4,4.39,1.53,0.58,-0.53,-3.15,-6.13,-8.38,-9.01,-8.65,-8.46,-8.08,-7.38,-6.26,-4.88,-3.32,-1.81,-0.7,0.52,2.03,3.2,3.85,4.08,4.13,4.31,4.58,4.99
5.03,5.13,5.83,6.14,7.26,7.07,6.8,6.02,5.65,5.03,4.56,4.54,3.16,1.92,1.67,1.37,-0.7,-2.52,-4.2,-5.77,-6.84,-7.4,-8.64,-8.51,-8.3,-8.23,-8.3,-8.57,-8.26,-8.79,-8.13,-7.71,-6.53,-5.54,-3.97,-3.13,-2.08,-1.33,-0.7,0.12,0.96,1.64,2.16,2.69,2.77,2.28,1.09,-0.66,-4.6,-9.79,-11.97,-12.69,-13.99,-13.72,-12.11,-9.78,-10.26,-10.99,-12.14,-11.72,-11.93,-10.66,-8.98,-7.23,-5.87,-4.33,-2.76,-1.41,-0.05,1.49,2.93,3.92,4.67,5.28,5.76,6.18,6.4,6.56,6.8,6.97
5.75,6.13,4.88,4.85,4.58,3.56,2.05,0.63,0.35,0.18,-0.44,0.32,2.83,0.96,-4.85,-9.38,-9.29,-9.31,-9.57,-9.16,-9.92,-11.55,-11.61,-9.98,-7.94,-7.8,-6.48,-5.75,-5.19,-5.04,-6.11,-7.21,-5.66,-2.58,-1.0,-1.09,-1.24,-1.33,-1.23,-1.24,-1.47,-1.51,-1.96,-4.83,-8.16,-9.52,-9.22,-8.78,-9.37,-10.77,-12.24,-11.64,-11.76,-14.76,-11.41,-10.24,-10.35,-11.03,-10.29,-10.05,-10.0,-10.89,-10.09,-8.86,-6.66,-4.52,-2.29,0.33,2.6,4.08,5.03,4.92,5.44,6.27,7.7,7.59,7.66,8.42,8.22,8.1
4.49,2.4,-1.27,-3.11,-4.79,-4.0,-2.04,-2.28,-3.36,-4.14,-8.41,-15.43,-17.32,-16.67,-15.82,-16.25,-14.24,-13.55,-10.67,-6.58,-6.11,-7.29,-6.44,-6.81,-7.13,-7.17,-6.51,-5.69,-5.24,-4.1,-2.89,-1.54,0.17,0.6,-2.28,-3.2,-4.01,-6.75,-8.74,-11.25,-12.67,-12.4,-12.1,-10.67,-9.77,-10.67,-7.68,-3.73,-2.36,0.6,-4.56,-8.88,-9.96,-7.28,-5.12,-8.3,-8.49,-9.2,-8.42,-8.14,-6.74,-6.46,-5.14,-5.6,-0.79,1.83,0.1,-0.86,0.62,1.06,1.56,3.23,5.43,6.99,7.67,7.74,7.56,7.27,6.81,6.26
-7.0,-6.85,-5.12,-4.36,-5.23,-6.69,-9.82,-11.58,-10.79,-10.65,-11.07,-11.68,-12.09,-12.17,-11.75,-11.45,-11.29,-10.93,-8.18,-4.13,-4.92,-4.42,-4.95,-6.41,-6.82,-6.69,-6.57,-6.8,-7.1,-7.15,-8.88,-10.63,-11.49,-11.18,-10.41,-10.49,-10.24,-8.9,-7.64,-8.0,-8.49,-9.6,-10.04,-9.69,-9.58,-8.63,-7.61,-7.08,-7.06,-6.91,-6.73,-6.79,-7.9,-7.73,-6.65,-5.57,-5.32,-5.39,-5.04,-4.02,-2.89,-1.78,-1.35,1.31,-1.55,-5.46,1.77,4.2,2.49,1.22,1.02,0.96,3.15,4.56,4.05,3.83,4.12,4.25,4.24,4.13
-8.42,-6.82,-6.21,-7.57,-10.15,-11.15,-11.78,-11.92,-11.97,-12.09,-12.39,-12.53,-12.47,-12.31,-11.92,-11.14,-10.66,-9.94,-9.87,-9.23,-8.13,-8.69,-9.06,-9.2,-9.16,-8.85,-8.97,-8.92,-8.9,-8.77,-8.46,-8.21,-8.21,-8.2,-7.86,-6.9,-6.62,-7.76,-8.88,-9.11,-9.15,-9.5,-9.69,-9.65,-8.93,-7.78,-6.96,-6.98,-6.71,-6.99,-7.3,-7.68,-8.27,-7.09,-6.82,-3.66,-2.39,-1.96,-1.41,-0.67,-0.11,0.34,0.89,1.51,0.93,1.04,0.84,-1.31,-2.29,-1.92,0.37,0.09,-2.33,-2.27,-2.75,-1.31,-0.69,0.65,1.6,2.38
-7.73,-8.59,-10.36,-11.39,-11.87,-12.23,-12.66,-13.08,-13.09,-13.15,-13.49,-13.65,-13.85,-13.49,-13.06,-12.22,-11.27,-11.09,-11.14,-11.1,-11.15,-11.21,-11.11,-10.75,-10.04,-9.34,-9.06,-8.64,-8.52,-8.49,-8.16,-7.72,-7.34,-7.59,-8.48,-8.97,-8.49,-7.74,-7.39,-7.67,-8.07,-8.28,-8.12,-7.95,-7.85,-7.5,-7.18,-6.37,-5.4,-5.15,-5.42,-5.57,-4.89,-4.89,-3.42,-1.92,-1.78,-1.35,-0.78,0.33,1.53,2.59,3.31,2.87,2.13,1.21,0.29,-0.59,-0.58,-0.3,-0.83,-1.32,-1.75,-3.6,-4.61,-3.36,-2.11,-0.8,-2.54,-0.86
-10.84,-11.78,-12.24,-12.35,-12.39,-12.54,-12.74,-12.8,-12.65,-12.68,-12.69,-12.7,-12.99,-12.86,-12.28,-11.47,-11.35,-11.71,-11.68,-11.33,-11.09,-11.2,-11.34,-11.1,-10.41,-9.57,-8.7,-8.54,-9.14,-9.62,-9.43,-8.85,-8.22,-7.67,-7.24,-7.14,-7.05,-7.07,-7.08,-6.98,-6.89,-6.85,-6.78,-6.56,-6.24,-5.72,-5.1,-4.55,-4.06,-3.67,-3.24,-2.79,-2.1,-1.36,-0.56,-0.47,-0.52,0.14,1.22,2.24,3.18,3.26,3.06,2.61,2.3,1.29,0.56,0.29,0.05,-0.31,-0.51,-0.52,-0.83,-1.27,-1.53,-1.69,-1.53,-0.93,-0.41,1.36
-11.74,-11.91,-12.04,-12.05,-12.01,-11.94,-12.18,-12.7,-12.83,-12.46,-12.09,-12.16,-12.46,-12.17,-11.45,-10.91,-10.97,-11.07,-10.87,-10.53,-10.1,-9.8,-9.47,-8.95,-8.31,-7.44,-6.88,-6.93,-7.02,-7.13,-7.35,-7.41,-7.38,-7.36,-6.94,-6.48,-6.33,-6.31,-6.18,-5.96,-5.67,-5.44,-5.1,-4.73,-4.4,-4.01,-3.52,-2.76,-1.91,-1.29,-0.83,-0.37,0.28,1.15,1.46,1.88,2.44,2.48,2.77,3.07,2.89,2.71,2.42,2.23,2.06,2.08,1.93,1.49,1.1,0.72,0.74,0.94,0.87,0.69,0.57,0.46,0.48,0.75,1.75,3.38
-11.95,-11.99,-11.82,-11.45,-11.27,-11.56,-11.99,-12.3,-12.19,-12.07,-12.27,-12.06,-11.03,-10.17,-9.86,-9.68,-9.42,-9.16,-8.83,-8.6,-8.45,-8.2,-7.7,-7.11,-6.69,-6.7,-6.6,-6.43,-6.64,-6.75,-6.24,-5.8,-5.54,-5.41,-5.4,-5.3,-5.1,-4.85,-4.73,-4.63,-4.48,-4.33,-4.0,-3.53,-2.88,-2.13,-1.36,-0.55,0.1,0.83,1.66,2.23,2.77,3.36,4.07,3.76,3.53,3.64,3.45,3.32,3.32,3.2,3.02,2.8,2.62,2.6,2.65,2.6,2.62,2.63,2.49,2.23,2.25,2.43,2.57,2.74,3.03,3.75,4.31,4.48
-11.18,-11.5,-11.43,-11.24,-11.25,-11.12,-11.06,-11.2,-11.17,-10.91,-10.74,-10.62,-10.12,-9.45,-8.95,-8.55,-8.14,-7.76,-7.59,-7.56,-7.47,-7.39,-7.32,-7.05,-6.85,-6.86,-6.85,-6.83,-6.79,-6.53,-6.33,-6.05,-5.82,-5.66,-5.46,-5.15,-4.76,-4.43,-4.04,-3.44,-2.9,-2.44,-2.0,-1.52,-0.85,-0.12,0.68,1.43,2.13,2.92,3.29,3.62,3.97,4.16,5.05,5.41,4.8,4.34,4.03,4.3,4.6,4.34,4.0,3.83,3.82,3.83,3.89,4.0,4.08,4.18,4.42,4.85,5.34,5.86,6.3,6.68,6.69,7.19,8.61,8.64
-10.55,-10.51,-10.67,-11.14,-11.08,-10.57,-10.32,-10.2,-9.85,-9.59,-9.92,-10.17,-9.84,-9.17,-8.41,-7.7,-7.31,-7.22,-7.1,-6.93,-6.83,-6.71,-6.49,-6.31,-6.21,-6.07,-5.88,-5.61,-5.3,-4.92,-4.52,-4.35,-4.13,-3.83,-3.57,-3.43,-3.14,-2.82,-2.53,-2.18,-1.74,-1.19,-0.56,0.2,1.07,1.86,2.54,3.18,3.78,4.2,4.38,4.62,4.82,4.91,5.19,5.66,6.05,5.87,5.39,5.41,5.56,5.43,5.37,5.34,5.07,4.98,4.98,5.01,5.21,5.39,5.66,6.05,6.39,6.73,7.07,7.22,7.14,7.2,7.58,7.95
-11.42,-11.35,-10.82,-10.46,-10.38,-10.36,-10.0,-9.45,-8.91,-8.6,-8.73,-8.94,-8.88,-8.52,-7.9,-6.96,-6.11,-5.52,-5.12,-4.8,-4.48,-4.06,-3.98,-3.85,-3.67,-3.48,-3.3,-3.05,-2.82,-2.62,-2.42,-2.22,-2.03,-1.74,-1.39,-0.99,-0.55,-0.1,0.31,0.76,1.23,1.68,2.14,2.63,3.04,3.44,4.06,4.68,5.21,5.52,5.53,5.61,5.73,5.63,5.51,5.51,5.75,5.86,5.78,5.76,5.65,5.51,5.47,5.35,5.16,5.1,5.12,5.1,5.06,5.04,5.15,5.17,4.98,4.74,4.74,4.92,3.78,1.91,2.76,4.48
-11.43,-11.17,-10.9,-10.6,-10.13,-9.87,-9.64,-9.25,-8.7,-8.17,-7.73,-7.4,-7.31,-6.83,-6.11,-5.19,-4.2,-3.36,-2.78,-2.4,-1.97,-1.43,-0.91,-0.55,-0.3,-0.08,0.25,0.55,0.7,0.9,1.09,1.26,1.43,1.63,1.83,2.03,2.23,2.43,2.61,2.83,3.05,3.16,3.29,3.48,3.76,4.17,4.71,5.36,5.68,5.64,5.63,5.61,5.61,5.53,5.42,5.41,5.54,5.59,5.57,5.62,5.72,5.74,5.74,5.66,5.53,5.51,5.59,5.57,5.52,5.5,5.47,5.42,5.25,4.99,4.7,4.46,4.16,3.79,3.99,4.61
-9.71,-9.39,-9.03,-8.85,-8.71,-8.47,-8.05,-7.34,-6.55,-6.14,-5.82,-5.16,-4.6,-4.18,-3.53,-2.64,-1.78,-1.06,-0.43,0.19,0.78,1.18,1.44,1.69,1.95,2.08,2.3,2.76,2.98,2.91,2.99,3.15,3.22,3.23,3.23,3.23,3.26,3.35,3.42,3.51,3.59,3.62,3.69,3.86,4.04,4.31,4.77,5.27,5.51,5.53,5.54,5.57,5.57,5.5,5.35,5.2,5.17,5.25,5.34,5.43,5.49,5.42,5.41,5.56,5.66,5.74,5.87,5.99,6.09,6.27,6.46,6.59,6.67,6.65,6.36,5.95,5.29,4.94,6.34,7.34
-7.29,-6.85,-6.3,-5.97,-5.7,-5.39,-4.98,-4.47,-3.95,-3.43,-2.92,-2.41,-1.8,-1.05,-0.22,0.5,1.12,1.74,2.28,2.55,2.72,2.99,3.25,3.41,3.57,3.7,3.8,3.89,3.99,4.06,4.16,4.29,4.35,4.32,4.29,4.23,4.15,4.1,4.08,4.07,4.09,4.18,4.28,4.36,4.5,4.76,5.09,5.43,5.67,5.78,5.86,5.96,5.9,5.66,5.43,5.29,5.24,5.21,5.23,5.28,5.33,5.39,5.52,5.76,6.03,6.3,6.57,6.84,7.0,7.01,7.04,7.23,7.44,7.42,7.29,7.02,5.67,3.73,2.85,2.13
-3.86,-3.51,-3.06,-2.48,-1.97,-1.56,-1.15,-0.68,-0.2,0.29,0.8,1.29,1.72,2.1,2.45,2.72,2.96,3.2,3.45,3.72,3.95,4.08,4.11,4.11,4.15,4.22,4.26,4.23,4.15,4.13,4.22,4.36,4.43,4.45,4.46,4.4,4.33,4.27,4.24,4.24,4.29,4.32,4.28,4.18,4.13,4.17,4.33,4.7,5.24,5.59,5.61,5.63,5.8,5.95,5.86,5.64,5.56,5.6,5.65,5.59,5.5,5.48,5.61,5.91,6.22,6.47,6.87,7.47,7.99,8.03,7.73,7.86,8.4,8.14,6.75,5.29,4.73,4.95,4.65,4.94
-0.18,0.17,0.47,0.69,0.92,1.21,1.54,1.84,2.07,2.23,2.37,2.52,2.67,2.79,2.9,3.01,3.14,3.24,3.31,3.38,3.46,3.48,3.47,3.5,3.56,3.58,3.55,3.55,3.57,3.56,3.57,3.69,3.9,4.13,4.33,4.52,4.67,4.81,4.94,4.95,4.9,4.87,4.88,4.88,4.84,4.82,4.97,5.31,5.71,6.02,6.23,6.43,6.63,6.74,6.66,6.46,6.16,5.8,5.46,5.24,5.17,5.2,5.24,5.3,5.35,5.36,5.4,5.56,5.72,5.7,5.43,4.85,3.83,2.33,0.88,-0.07,-0.69,-0.94,-0.41,0.43
2.36,2.51,2.63,2.74,2.85,2.94,3.0,3.05,3.1,3.17,3.26,3.39,3.55,3.74,3.93,4.1,4.22,4.29,4.34,4.4,4.46,4.49,4.47,4.42,4.38,4.4,4.49,4.58,4.66,4.74,4.81,4.81,4.73,4.62,4.56,4.58,4.64,4.71,4.76,4.82,4.83,4.86,4.95,5.07,5.13,5.07,4.91,4.71,4.54,4.43,4.44,4.52,4.61,4.65,4.65,4.67,4.7,4.67,4.48,4.13,3.76,3.5,3.34,3.16,2.91,2.62,2.39,2.24,2.09,1.81,1.28,0.4,-0.67,-1.56,-1.82,-1.3,-0.17,1.03,2.17,2.41
2.9,2.97,3.05,3.12,3.2,3.26,3.32,3.37,3.42,3.49,3.58,3.71,3.86,4.03,4.2,4.33,4.37,4.33,4.26,4.19,4.15,4.12,4.1,4.07,4.05,4.06,4.12,4.22,4.35,4.5,4.63,4.67,4.55,4.26,3.88,3.55,3.37,3.35,3.42,3.49,3.52,3.49,3.41,3.34,3.33,3.37,3.46,3.6,3.75,3.89,3.98,3.98,3.88,3.71,3.52,3.34,3.18,3.04,2.91,2.83,2.75,2.66,2.53,2.37,2.2,2.03,1.83,1.61,1.4,1.29,1.33,1.56,1.83,1.98,1.98,2.08,2.42,2.59,1.72,-0.32
3.24,3.32,3.39,3.46,3.54,3.64,3.76,3.89,4.02,4.12,4.17,4.16,4.09,3.98,3.88,3.8,3.76,3.75,3.78,3.82,3.87,3.91,3.94,3.95,3.93,3.88,3.82,3.75,3.7,3.67,3.67,3.67,3.68,3.67,3.65,3.62,3.58,3.56,3.55,3.55,3.52,3.46,3.36,3.27,3.2,3.18,3.17,3.17,3.17,3.17,3.17,3.17,3.15,3.11,3.03,2.93,2.8,2.64,2.47,2.31,2.17,2.05,1.93,1.8,1.65,1.48,1.34,1.23,1.17,1.15,1.18,1.25,1.33,1.39,1.31,1.0,0.49,-0.01,-0.13,0.42
