Automation/Quotaero Data/u-grd2.json
{"header": {"discipline":0,"disciplineName":"Meteorological products","gribEdition":2,"gribLength":77505,"center":7,"centerName":"US National Weather Service - NCEP(WMC)","subcenter":0,"refTime":"2015-02-06T00:00:00.000Z","significanceOfRT":1,"significanceOfRTName":"Start of forecast","productStatus":0,"productStatusName":"Operational products","productType":1,"productTypeName":"Forecast products","productDefinitionTemplate":0,"productDefinitionTemplateName":"Analysis/forecast at horizontal level/layer at a point in time","parameterCategory":2,"parameterCategoryName":"Momentum","parameterNumber":2,"parameterNumberName":"U-component_of_wind","parameterUnit":"m.s-1","genProcessType":2,"genProcessTypeName":"Forecast","forecastTime":0,"surface1Type":103,"surface1TypeName":"Specified height level above ground","surface1Value":10.0,"surface2Type":255,"surface2TypeName":"Missing","surface2Value":0.0,"gridDefinitionTemplate":0,"gridDefinitionTemplateName":"Latitude_Longitude","numberPoints":65160,"shape":6,"shapeName":"Earth spherical with radius of 6,371,229.0 m","gridUnits":"degrees","resolution":48,"winds":"true","scanMode":0,"nx":360,"ny":181,"basicAngle":0,"subDivisions":0,"lo1":0.0,"la1":90.0,"lo2":359.0,"la2":-90.0,"dx":1.0,"dy":1.0}, "data":
[rows 140 to 174 of 181, columns 240 to 319 of 360]
-0.76,1.07,2.75,3.91,4.66,5.37,5.81,5.41,5.94,7.16,8.14,8.9,9.1,9.33,9.26,8.95,8.84,8.99,9.11,9.23,8.68,7.96,7.85,9.01,9.63,9.76,9.82,10.23,10.19,9.94,9.88,9.78,9.68,8.98,8.74,9.23,9.65,10.27,10.65,10.42,9.85,9.11,8.31,7.8,6.68,4.09,-1.58,0.82,4.72,1.67,0.09,3.02,8.97,1.86,-1.45,-1.27,-0.45,0.96,0.39,0.08,-1.0,-1.41,-0.59,-0.4,-0.06,0.91,1.17,1.61,2.5,2.88,3.26,3.93,4.44,5.27,5.91,6.14,6.47,6.67,6.73,6.43
0.15,1.34,2.64,3.64,4.16,4.9,5.85,6.85,7.67,8.2,8.92,9.39,9.21,8.97,8.87,9.28,9.95,10.28,9.65,9.21,6.44,6.68,8.93,9.88,10.37,10.45,10.58,10.57,10.34,10.39,10.19,10.12,9.89,9.59,9.2,8.86,8.53,8.52,9.11,9.52,9.58,9.55,8.59,8.13,8.78,7.71,0.54,6.54,8.76,9.16,4.97,4.06,1.87,-0.53,-1.7,-2.08,0.01,1.85,1.34,-0.28,-0.85,-1.23,-0.95,0.7,2.04,2.49,2.36,3.02,3.67,3.86,4.37,5.19,5.71,5.92,6.1,6.17,5.76,5.12,4.49,2.94
1.95,3.26,4.17,5.1,5.9,6.79,7.77,8.45,9.07,9.68,10.07,9.89,10.05,10.14,10.66,11.24,10.59,7.26,3.88,4.16,7.16,8.76,10.22,10.87,10.93,11.13,11.22,11.15,11.0,10.95,11.07,11.17,11.31,11.21,10.94,10.54,10.06,9.42,8.95,8.98,9.61,10.23,9.55,8.93,10.34,9.01,7.47,3.15,4.87,11.04,7.13,6.49,6.84,3.49,2.07,3.2,2.8,2.51,2.01,-0.09,0.05,0.37,-0.65,0.72,1.86,3.05,3.31,3.5,3.79,4.39,4.98,5.51,5.53,5.38,4.86,4.0,2.65,0.99,1.09,1.81
3.52,4.63,5.81,7.23,8.94,9.99,10.31,10.08,10.09,10.7,11.11,11.21,11.33,11.73,11.94,8.63,4.02,4.0,5.1,6.7,8.35,9.81,10.63,11.19,11.78,11.93,12.08,12.17,12.26,12.29,12.19,12.27,12.43,12.26,12.18,11.87,11.57,10.78,9.83,9.43,9.65,10.17,10.4,10.62,11.05,11.3,6.0,4.79,3.43,7.02,6.45,6.73,8.76,6.4,5.06,4.13,4.21,4.7,2.44,1.56,0.31,-0.25,-0.88,0.16,1.18,2.28,3.21,3.62,3.95,4.14,4.18,4.26,4.02,3.56,2.81,1.69,1.23,1.27,0.89,1.24
4.62,5.71,7.13,8.47,9.68,10.83,11.7,12.51,12.18,11.77,12.03,11.7,11.88,11.71,9.19,4.68,4.21,5.09,6.42,7.6,9.05,10.21,11.07,11.88,12.68,12.95,13.19,13.37,13.36,13.44,13.37,13.36,13.51,13.57,13.19,12.83,12.49,12.02,11.59,10.85,10.49,10.32,10.45,10.64,11.14,10.99,10.97,9.83,4.17,8.47,7.51,5.26,4.67,6.48,4.98,4.98,4.59,4.8,3.54,1.6,0.88,0.63,-0.31,0.26,0.43,0.5,0.82,1.73,2.86,3.32,3.49,3.59,3.62,3.44,2.67,2.11,1.91,1.87,2.32,2.48
6.97,8.22,9.29,10.14,10.88,11.38,11.95,12.48,12.83,12.63,12.46,12.27,11.82,10.05,3.65,3.07,4.89,6.17,7.53,8.82,10.04,10.93,11.67,12.56,13.31,13.62,14.24,14.79,15.26,15.24,15.01,14.97,15.44,15.35,15.1,14.5,14.0,13.49,13.2,12.65,12.46,11.91,11.2,10.75,10.68,10.69,10.24,11.2,10.75,9.34,7.85,2.62,-1.32,1.84,6.87,9.13,5.27,4.28,2.47,-0.61,-2.2,-1.82,-2.12,-2.09,-1.77,-0.64,0.73,1.8,2.36,2.61,2.94,3.51,3.58,3.37,3.12,2.89,2.66,2.67,2.3,1.16
9.19,9.98,10.52,11.03,11.42,11.66,11.91,12.2,12.29,11.96,11.69,11.53,10.67,3.46,1.95,3.93,5.71,7.18,8.52,9.7,10.64,11.27,11.89,12.39,13.01,13.56,14.44,14.33,14.1,14.51,14.83,15.07,15.32,15.47,15.4,15.07,14.76,14.34,13.95,13.53,13.12,12.69,12.54,12.05,11.45,10.89,10.66,9.69,9.06,9.04,10.51,10.55,9.13,7.08,7.45,8.42,7.25,4.52,1.71,-1.28,-3.35,-3.61,-1.52,-2.04,-1.31,-0.53,-0.12,0.53,0.87,1.69,2.32,2.83,3.39,3.42,3.17,3.01,2.59,2.14,1.49,2.51
9.53,9.87,10.09,10.82,10.87,11.01,11.15,11.01,10.9,10.18,10.08,10.11,2.43,-0.01,2.29,4.8,6.38,7.84,9.21,10.07,10.45,11.05,11.28,11.81,12.73,13.12,12.97,13.84,15.02,15.62,16.17,16.53,16.81,17.07,17.05,16.84,16.44,15.98,15.48,14.91,14.24,13.66,13.21,12.56,12.19,11.32,10.87,10.01,8.49,8.24,8.64,7.05,5.89,6.98,8.14,8.21,6.67,2.41,-1.58,-3.39,-3.32,-5.01,-2.8,-0.72,-1.41,-1.01,-1.2,-0.76,-0.15,0.38,0.85,1.65,1.92,2.54,2.44,2.14,1.83,2.1,3.04,3.6
9.35,9.54,9.4,9.54,10.06,9.89,9.29,9.13,9.04,8.97,8.31,1.65,-1.38,0.6,3.3,5.4,6.69,8.03,9.04,9.44,10.05,10.19,10.89,11.15,11.31,12.43,13.72,14.49,15.15,15.97,16.75,17.31,17.75,17.95,18.05,17.85,17.52,16.85,16.16,15.85,15.65,14.88,13.82,12.47,11.22,11.05,9.9,9.08,8.22,7.86,7.88,6.81,6.19,5.26,6.68,7.43,5.28,-0.9,-1.91,-2.12,-3.68,-4.47,-4.44,-2.73,-1.96,-0.85,-1.28,-1.08,-0.46,0.17,-0.06,0.68,1.08,1.63,2.24,2.52,2.66,3.35,4.26,4.15
9.54,9.46,9.04,8.88,8.7,8.45,7.77,8.02,7.89,7.48,3.59,-1.82,-0.35,2.43,4.5,5.54,6.96,7.98,8.54,9.1,9.31,9.11,9.42,10.42,11.69,12.87,13.2,13.76,14.31,14.95,15.45,15.91,16.27,16.27,16.72,17.44,17.38,16.88,15.9,14.88,14.37,13.64,12.83,11.78,11.46,10.02,8.28,7.95,6.75,6.29,5.97,4.95,5.15,3.13,3.4,6.73,5.52,0.98,-0.99,-2.51,-4.2,-4.88,-4.42,-3.63,-2.78,-1.84,-1.08,-0.53,-0.55,0.2,0.65,0.15,1.0,2.14,2.96,3.7,4.55,5.26,5.66,5.5
9.65,9.99,9.62,9.16,8.73,8.1,7.79,7.84,7.19,4.28,-1.12,0.36,2.79,4.33,5.24,6.35,7.17,8.0,8.18,8.02,7.83,8.55,9.12,10.18,11.06,11.06,11.27,11.8,12.46,12.59,12.0,12.85,14.44,16.02,17.13,17.6,16.99,15.57,14.39,13.5,12.63,11.97,11.36,10.68,8.99,8.53,8.4,5.7,3.99,4.65,5.02,4.04,4.36,2.49,1.09,4.01,4.51,1.74,-0.71,-2.56,-3.54,-3.6,-3.6,-3.26,-2.6,-1.96,-1.36,-1.07,-0.87,-0.71,-0.53,-0.11,0.69,1.8,3.23,4.98,5.82,6.61,7.29,7.59
10.01,10.31,10.16,9.8,9.23,8.64,8.36,8.21,6.67,1.87,1.71,3.33,4.27,5.08,5.74,6.74,7.46,7.5,7.27,7.18,7.43,7.67,7.82,8.5,8.74,8.79,9.47,9.61,9.52,8.99,9.59,9.44,9.24,9.24,10.16,11.89,12.68,11.78,10.18,9.01,8.25,7.48,7.18,7.56,8.13,7.16,4.98,3.65,1.91,2.69,3.65,2.96,2.87,1.1,0.2,1.11,1.66,0.63,-0.65,-1.59,-2.51,-2.45,-1.65,-1.35,-1.57,-0.12,1.17,1.17,0.62,0.03,0.48,2.01,3.02,3.84,4.56,6.12,6.82,7.26,7.63,8.34
11.28,11.06,10.47,10.01,9.23,8.79,8.7,8.64,4.3,2.12,2.95,3.88,4.85,5.32,6.16,6.73,6.8,6.73,6.69,6.76,6.76,6.81,6.76,6.84,7.24,7.47,7.33,7.32,6.92,6.92,6.14,4.59,3.35,2.28,0.74,-0.98,-1.36,0.3,1.74,1.95,2.68,2.96,3.46,5.14,6.41,5.65,3.66,1.95,1.72,2.56,3.17,2.43,1.64,0.99,0.0,-0.08,-0.04,-0.44,-0.47,-0.57,-0.8,-2.79,0.19,0.99,1.68,1.13,1.57,1.87,1.36,1.23,2.53,3.14,4.36,6.18,7.2,7.14,7.28,8.11,8.52,8.83
12.28,11.03,10.17,9.29,8.92,9.07,10.31,7.34,2.17,2.27,3.32,4.66,5.36,5.84,5.96,6.11,6.43,6.53,6.48,6.56,6.95,6.78,6.48,6.3,6.44,6.58,6.08,5.79,5.26,4.58,3.32,2.02,0.71,-0.8,-2.09,-3.2,-4.41,-4.86,-3.87,-2.08,-0.51,0.59,1.49,2.37,2.77,2.27,1.87,1.68,1.92,2.71,2.92,2.53,1.59,1.11,0.08,-0.34,-1.0,-2.13,0.22,-1.13,-1.01,0.1,0.63,0.55,0.68,2.97,4.41,2.86,2.18,3.44,4.02,4.84,5.87,5.97,5.68,7.17,6.97,7.81,7.64,7.59
11.05,9.44,8.38,7.81,8.04,9.64,6.79,0.75,0.91,1.85,3.53,4.75,5.3,5.63,5.94,6.28,6.67,6.82,6.92,6.91,6.8,6.5,6.09,5.78,5.52,5.91,5.72,4.99,4.17,3.23,1.54,-0.48,-2.29,-3.58,-4.01,-4.39,-5.75,-5.67,-3.78,-0.64,2.6,4.9,5.6,5.3,4.78,4.2,3.6,3.17,2.9,2.8,2.79,2.63,1.6,0.63,-0.12,-1.61,-3.85,-8.01,-6.86,-10.43,-0.88,5.04,-3.05,2.58,3.56,3.17,2.57,2.67,3.08,3.66,4.41,4.72,4.55,4.59,4.88,5.16,5.54,5.72,5.32,5.16
6.6,5.8,5.86,6.85,7.83,3.54,-1.25,-0.58,0.58,2.35,3.89,4.49,5.3,5.87,6.18,6.67,6.76,6.69,6.44,6.26,6.06,5.87,5.47,5.12,4.74,4.68,5.1,4.33,3.27,1.94,-0.04,-2.17,-3.21,-3.55,-3.91,-4.44,-4.69,-4.53,-3.9,-3.15,-2.08,-0.9,1.1,4.26,6.36,7.11,6.92,5.94,4.47,3.07,2.25,1.71,0.38,-1.42,-3.48,-6.68,-7.17,-4.02,2.1,-1.52,-5.43,-4.91,-4.75,-3.4,-1.38,-0.86,-0.11,1.22,2.41,3.28,3.71,4.03,4.5,4.97,4.86,4.33,3.5,1.7,-0.6,-2.55
2.83,4.1,5.61,4.34,-0.67,-2.26,-1.04,-0.33,1.2,3.09,4.07,5.06,6.09,6.5,6.54,6.32,6.07,6.01,5.9,5.69,5.54,5.45,5.12,4.51,4.18,3.41,3.89,3.19,1.67,0.14,-2.27,-4.06,-4.68,-4.9,-4.89,-4.42,-4.41,-4.63,-4.78,-4.63,-4.35,-3.96,-3.39,-3.45,-2.61,-1.28,-0.28,0.81,1.46,0.59,-0.63,-2.35,-4.5,-5.78,-9.32,-8.74,1.96,-2.45,-2.08,-2.71,-5.11,-5.17,-4.43,-3.46,-2.33,-1.08,0.51,2.08,3.25,3.89,4.1,3.93,3.72,2.89,1.35,-1.3,-3.04,-3.92,-4.55,-4.29
4.15,2.67,-1.48,-3.29,-2.53,-1.46,-0.76,0.59,2.5,3.82,4.65,5.6,6.0,5.8,5.49,5.34,5.36,5.43,5.39,5.15,4.95,4.75,4.37,3.69,3.41,2.82,2.18,1.95,0.37,-1.52,-3.81,-5.24,-5.92,-5.81,-5.74,-5.56,-5.65,-5.84,-5.89,-6.37,-7.24,-7.93,-8.51,-8.88,-8.98,-9.28,-9.5,-9.48,-9.15,-9.42,-10.7,-12.81,-10.72,-10.17,-6.95,-3.47,-3.81,-5.44,-5.91,-4.9,-3.96,-2.93,-1.88,-0.81,0.25,1.1,1.66,1.96,1.99,1.44,0.63,-0.71,-2.56,-3.98,-4.33,-4.88,-5.12,-4.15,-3.31,-3.06
-3.06,-4.25,-3.5,-2.47,-1.64,-0.88,0.54,2.11,3.19,3.85,4.36,4.75,4.76,4.82,5.02,5.07,5.09,5.01,4.77,4.48,4.11,3.43,2.81,2.51,2.21,1.65,1.67,1.32,-0.09,-1.79,-3.44,-4.8,-5.8,-5.72,-6.07,-6.75,-6.8,-6.56,-7.27,-8.21,-9.32,-10.85,-13.0,-15.94,-18.53,-20.66,-21.78,-20.88,-19.54,-17.72,-16.61,-13.26,-11.03,-18.21,-9.39,-2.6,-5.55,-3.5,-3.47,-2.64,-2.1,-1.78,-1.44,-1.32,-1.61,-2.17,-2.62,-2.78,-3.18,-4.11,-4.66,-5.19,-5.74,-5.63,-4.7,-4.33,-4.03,-3.59,-2.7,-1.53
-3.8,-3.11,-2.76,-2.39,-1.54,-0.51,0.23,0.99,1.83,2.5,3.18,3.99,4.67,4.92,4.68,4.51,4.41,4.24,3.93,3.42,2.46,1.22,0.78,0.82,0.38,0.28,0.52,0.15,-1.41,-3.58,-4.52,-5.78,-6.46,-6.19,-6.26,-6.56,-6.47,-6.48,-7.25,-8.6,-9.79,-10.89,-11.72,-11.99,-12.11,-11.68,-10.35,-8.94,-10.56,-9.77,-3.13,-3.32,-8.99,-11.77,-9.55,-2.75,-0.86,-0.9,-3.15,-3.22,-3.06,-3.29,-3.45,-3.61,-3.88,-4.1,-4.34,-4.51,-4.88,-5.45,-5.72,-5.64,-5.2,-4.49,-3.97,-3.55,-2.99,-2.2,-1.32,-0.45
-3.36,-3.32,-2.91,-2.21,-1.72,-1.11,-0.13,0.9,1.85,2.75,3.39,3.54,3.31,3.03,3.08,3.35,3.46,3.34,3.0,1.92,0.33,-0.5,-0.4,-0.48,-1.01,-1.22,-1.43,-2.24,-4.18,-6.34,-6.85,-6.93,-6.69,-5.96,-6.15,-6.62,-6.52,-7.06,-7.58,-8.48,-9.29,-9.05,-7.75,-6.65,-5.86,-4.74,-2.48,-3.83,-5.12,-4.61,-5.15,-0.68,-4.01,-8.95,-5.8,-4.07,-1.66,-0.1,0.07,-0.25,-1.75,-2.26,-2.96,-3.61,-4.09,-4.52,-4.98,-5.37,-5.35,-5.02,-4.58,-4.3,-4.07,-3.77,-3.3,-2.43,-1.38,-0.78,-0.79,-0.67
-3.08,-2.61,-2.11,-1.77,-1.2,-0.26,0.88,1.7,2.02,1.88,1.54,1.5,1.6,1.85,2.03,2.04,1.96,1.79,1.17,-0.12,-1.34,-1.98,-2.14,-2.57,-3.46,-3.73,-3.82,-4.16,-5.7,-7.73,-7.77,-7.1,-7.25,-6.32,-5.64,-5.84,-6.5,-7.56,-7.99,-7.86,-7.34,-6.93,-6.97,-7.53,-6.58,-5.09,-3.97,-4.62,-5.08,-5.63,-6.6,-4.31,-0.34,-3.01,-5.99,-5.84,-2.06,0.88,0.77,1.05,-0.29,-2.02,-2.93,-3.88,-4.38,-4.43,-4.24,-4.06,-4.04,-4.08,-4.13,-4.08,-3.75,-3.29,-2.76,-2.12,-1.45,-0.78,-0.18,0.18
-2.86,-3.04,-2.63,-1.64,-0.68,-0.09,0.27,0.54,0.73,0.82,0.87,0.95,1.1,1.12,0.97,0.91,0.77,-0.02,-0.97,-0.97,-0.63,-1.64,-2.88,-4.12,-4.33,-5.39,-6.49,-7.38,-9.06,-11.09,-11.16,-10.16,-8.63,-7.02,-6.51,-6.43,-6.34,-6.25,-6.54,-7.41,-7.8,-7.78,-7.08,-6.1,-5.7,-4.96,-3.97,-3.03,-3.49,-3.5,-3.17,-2.24,-1.63,-1.81,-2.77,-6.03,-4.98,-0.43,0.09,0.11,-0.77,-2.19,-2.89,-3.48,-3.57,-3.3,-3.23,-3.34,-3.52,-3.69,-3.61,-3.37,-2.93,-2.49,-2.0,-1.5,-1.01,-0.53,-0.07,0.38
-2.52,-1.62,-0.77,0.11,0.78,0.97,0.96,1.03,1.08,0.68,0.43,0.8,1.12,1.0,0.66,0.4,-0.55,-0.61,-0.47,-1.79,-2.15,-1.21,-0.39,-0.72,-1.58,-3.45,-5.62,-6.26,-6.88,-8.61,-10.68,-10.81,-9.76,-10.71,-10.9,-9.12,-7.31,-6.18,-7.34,-11.01,-10.99,-6.31,-1.94,-0.54,-1.95,-2.55,-1.74,-2.23,-2.75,-3.08,-3.36,-3.89,-4.13,-2.93,-2.12,-2.72,-3.28,-2.41,-1.59,-1.68,-1.3,-2.21,-3.1,-2.97,-2.86,-2.73,-2.7,-2.78,-2.79,-2.7,-2.54,-2.21,-1.81,-1.36,-0.94,-0.55,-0.18,0.13,0.3,0.33
0.17,1.03,1.08,1.09,1.6,1.03,0.61,0.95,1.23,0.3,-0.53,0.49,0.85,0.48,0.49,-0.18,-1.58,-1.97,-0.97,-2.24,-4.76,-7.0,-7.05,-7.01,-7.2,-6.0,-3.69,-2.83,-5.28,-8.14,-8.49,-8.84,-10.59,-10.6,-8.39,-6.73,-7.13,-8.42,-10.69,-11.57,-7.77,-2.84,-1.54,-3.53,-5.06,-2.58,-0.51,-0.69,-1.42,-1.64,-1.61,-2.27,-2.15,-1.35,-1.48,-2.13,-1.98,-1.57,-1.67,-2.47,-3.06,-3.09,-2.96,-2.57,-2.4,-2.29,-2.18,-2.04,-1.9,-1.77,-1.51,-1.13,-0.7,-0.23,0.23,0.68,1.11,1.49,1.76,1.93
2.04,1.61,1.16,0.47,-0.08,0.38,0.55,0.04,-1.06,-1.21,-0.37,-0.77,-1.36,-1.85,-2.45,-4.26,-6.53,-8.3,-7.54,-4.83,-5.07,-9.64,-11.18,-8.33,-5.9,-5.56,-5.88,-5.79,-5.42,-6.18,-8.14,-10.01,-10.61,-9.24,-6.96,-5.7,-5.03,-3.77,-2.85,-3.33,-2.74,-0.44,0.86,1.8,3.26,3.25,2.28,2.18,2.12,0.82,-0.33,-0.78,-1.73,-2.55,-2.13,-1.53,-1.03,-0.66,0.8,0.51,-2.14,-2.85,-1.9,-1.36,-1.36,-1.42,-1.35,-1.19,-1.0,-0.66,-0.14,0.46,1.01,1.53,2.06,2.51,2.79,2.82,2.42,2.22
2.6,0.87,-0.96,-2.19,-0.72,1.73,1.83,0.33,-1.32,-1.84,-1.65,-2.28,-3.87,-5.22,-5.55,-5.08,-5.61,-7.16,-7.72,-7.21,-7.29,-7.59,-6.57,-5.69,-5.62,-5.5,-6.15,-6.93,-6.75,-7.01,-7.51,-6.93,-5.73,-4.31,-2.86,-1.77,-1.24,-1.22,-1.29,-1.08,-0.8,-0.63,-1.01,-2.07,-3.92,-5.72,-6.84,-7.17,-6.84,-5.88,-2.21,0.24,0.74,2.81,3.58,3.61,3.25,1.56,0.78,0.47,-0.82,-1.97,-1.85,-1.15,-0.67,-0.47,-0.25,0.1,0.62,1.15,1.54,1.73,1.89,1.97,1.99,1.99,2.61,3.43,3.52,3.04
1.43,0.55,-0.51,-1.13,-1.61,-1.0,-0.66,-0.99,-1.16,-1.27,-1.69,-2.16,-2.71,-3.26,-3.6,-3.85,-4.1,-4.49,-4.9,-4.98,-4.92,-4.81,-4.55,-4.39,-4.38,-4.16,-3.67,-3.16,-2.7,-2.25,-1.77,-1.39,-1.34,-1.38,-1.16,-0.98,-1.04,-1.2,-2.08,-3.31,-2.1,0.83,2.55,1.4,-0.52,-1.17,-1.06,-0.65,-0.03,0.6,0.89,0.89,0.91,0.87,0.72,0.44,-0.01,-0.57,-1.12,-1.47,-1.52,-1.18,-0.47,0.31,0.96,1.38,1.56,1.61,1.75,1.94,1.86,1.46,1.06,0.77,0.49,0.48,1.01,1.97,2.82,3.42
-0.56,-2.18,-2.3,-1.79,-1.34,-1.26,-1.42,-1.61,-1.6,-1.61,-1.84,-2.21,-2.7,-3.19,-3.51,-3.55,-3.57,-3.84,-4.08,-4.03,-3.85,-3.64,-3.25,-2.57,-1.9,-1.49,-1.2,-1.0,-0.93,-0.74,-0.45,-0.55,-1.52,-2.28,-0.91,0.14,-0.07,0.43,1.15,1.06,0.84,1.16,1.59,1.61,1.71,2.65,3.44,2.92,2.14,1.9,1.76,1.4,0.98,0.72,0.62,0.67,0.8,0.97,1.11,1.17,1.1,0.88,0.57,0.25,0.0,-0.16,-0.36,-0.78,-1.16,-1.13,-1.17,-1.19,0.03,2.48,3.76,2.57,1.1,0.71,1.01,0.89
-0.39,-1.22,-1.29,-0.86,-0.35,-0.02,-0.03,-0.3,-0.57,-0.82,-1.14,-1.47,-1.75,-2.0,-2.15,-2.24,-2.31,-2.37,-2.37,-2.26,-2.01,-1.63,-1.21,-0.86,-0.68,-0.66,-0.78,-1.15,-1.68,-2.07,-2.1,-1.66,0.0,2.65,3.8,2.53,0.72,-0.12,0.46,1.26,1.18,0.59,0.06,0.07,0.73,1.47,1.99,2.16,1.56,0.7,0.92,1.78,1.99,1.68,1.66,1.76,1.74,1.69,1.7,1.72,1.69,1.56,1.38,1.18,0.89,0.42,-0.24,-0.58,-0.44,-0.61,-1.21,-0.72,0.67,1.66,1.69,1.18,0.55,-0.13,-0.14,0.35
0.91,0.23,-0.05,0.08,0.35,0.41,0.19,-0.1,-0.29,-0.42,-0.49,-0.46,-0.4,-0.34,-0.18,0.04,0.25,0.42,0.52,0.58,0.62,0.68,0.77,0.8,0.76,0.77,0.96,1.29,1.85,2.63,3.35,3.63,3.54,3.42,3.65,4.07,4.41,3.87,4.34,3.07,1.14,-0.07,-0.06,0.49,0.86,1.15,1.5,1.65,1.55,1.45,1.32,1.09,0.88,0.71,0.45,0.04,-0.31,-0.65,-1.01,-1.2,-1.22,-1.33,-1.56,-1.84,-2.02,-2.04,-2.07,-2.31,-2.61,-2.44,-1.75,-0.98,-0.12,1.0,1.72,1.36,0.09,-0.82,-0.55,0.48
0.06,-0.39,-0.77,-1.15,-1.53,-1.77,-1.75,-1.48,-1.11,-0.79,-0.6,-0.47,-0.3,-0.03,0.36,0.82,1.28,1.63,1.92,2.32,3.0,3.8,4.42,4.68,4.57,4.33,4.2,4.23,4.3,4.35,4.37,4.42,4.61,4.69,4.27,3.34,2.62,2.79,3.57,4.17,4.21,3.98,3.74,3.47,2.99,2.43,1.97,1.44,0.65,-0.18,-0.75,-1.08,-1.26,-1.39,-1.48,-1.57,-1.73,-1.94,-1.99,-1.87,-1.85,-1.89,-1.76,-1.34,-0.77,-0.26,0.05,0.15,0.05,-0.25,-0.56,-0.58,-0.24,0.19,0.49,0.68,0.89,1.17,1.34,1.11
-1.71,-1.95,-1.86,-1.57,-1.35,-1.29,-1.34,-1.39,-1.31,-1.1,-0.86,-0.73,-0.71,-0.59,-0.15,0.68,1.9,3.11,4.09,4.66,4.98,5.1,5.04,4.87,4.71,4.67,4.71,4.7,4.54,4.31,4.16,4.06,3.91,3.64,3.39,3.37,3.53,3.54,3.34,3.15,3.09,2.97,2.68,2.26,1.73,1.05,0.22,-0.6,-1.14,-1.18,-0.94,-0.73,-0.79,-1.06,-1.45,-1.82,-2.05,-2.13,-2.07,-1.95,-1.8,-1.61,-1.35,-0.99,-0.5,0.08,0.65,1.11,1.39,1.46,1.24,0.92,0.62,0.49,0.55,0.74,0.7,0.23,-0.49,-1.2
-5.4,-5.12,-4.73,-4.25,-3.81,-3.51,-3.38,-3.32,-3.18,-2.87,-2.47,-2.13,-1.75,-1.07,0.1,1.61,3.07,4.01,4.16,3.58,2.7,2.0,1.66,1.68,1.98,2.43,2.84,3.1,3.16,3.11,3.09,3.16,3.17,3.0,2.75,2.59,2.63,2.83,3.03,3.15,3.18,3.09,2.87,2.52,2.13,1.74,1.28,0.72,0.07,-0.54,-1.04,-1.47,-1.78,-1.94,-1.88,-1.61,-1.25,-0.88,-0.54,-0.24,-0.03,-0.03,-0.2,-0.51,-1.05,-1.92,-3.2,-3.99,-4.11,-2.76,-0.68,1.12,1.66,0.93,-0.28,-1.33,-2.15,-2.9,-3.59,-3.96
-6.78,-6.87,-7.02,-7.15,-7.22,-7.13,-6.83,-6.33,-5.77,-5.26,-4.91,-4.62,-4.35,-4.02,-3.62,-3.2,-2.82,-2.53,-2.31,-2.13,-1.94,-1.63,-1.09,-0.29,0.67,1.57,2.24,2.64,2.88,2.98,2.86,2.43,1.84,1.3,1.01,1.02,1.24,1.54,1.81,2.08,2.36,2.66,2.98,3.27,3.48,3.62,3.67,3.62,3.45,3.22,3.03,3.02,3.22,3.5,3.54,3.07,2.11,0.91,-0.2,-1.0,-1.55,-1.98,-2.4,-2.61,-2.57,-2.92,-2.9,-2.67,-2.54,-2.46,-2.5,-2.63,-2.86,-3.18,-3.61,-4.09,-4.52,-4.8,-4.9,-4.86
