Automation/Quotaero Data/u-grd2.json
{"header": {"discipline":0,"disciplineName":"Meteorological products","gribEdition":2,"gribLength":77505,"center":7,"centerName":"US National Weather Service - NCEP(WMC)","subcenter":0,"refTime":"2015-02-06T00:00:00.000Z","significanceOfRT":1,"significanceOfRTName":"Start of forecast","productStatus":0,"productStatusName":"Operational products","productType":1,"productTypeName":"Forecast products","productDefinitionTemplate":0,"productDefinitionTemplateName":"Analysis/forecast at horizontal level/layer at a point in time","parameterCategory":2,"parameterCategoryName":"Momentum","parameterNumber":2,"parameterNumberName":"U-component_of_wind","parameterUnit":"m.s-1","genProcessType":2,"genProcessTypeName":"Forecast","forecastTime":0,"surface1Type":103,"surface1TypeName":"Specified height level above ground","surface1Value":10.0,"surface2Type":255,"surface2TypeName":"Missing","surface2Value":0.0,"gridDefinitionTemplate":0,"gridDefinitionTemplateName":"Latitude_Longitude","numberPoints":65160,"shape":6,"shapeName":"Earth spherical with radius of 6,371,229.0 m","gridUnits":"degrees","resolution":48,"winds":"true","scanMode":0,"nx":360,"ny":181,"basicAngle":0,"subDivisions":0,"lo1":0.0,"la1":90.0,"lo2":359.0,"la2":-90.0,"dx":1.0,"dy":1.0}, "data":
[rows 70 to 104 of 181, columns 160 to 239 of 360]
-7.85,-7.53,-7.06,-6.69,-6.79,-6.52,-6.1,-5.73,-5.48,-5.42,-5.35,-4.84,-4.52,-3.9,-3.47,-3.63,-3.38,-3.25,-2.82,-2.48,-2.21,-1.83,-1.58,-1.11,-0.36,0.59,1.16,1.95,2.41,2.25,2.69,3.2,4.16,4.69,5.47,5.96,5.99,6.12,6.3,6.15,5.56,5.01,4.79,4.95,2.77,-1.13,5.11,2.76,5.33,7.36,8.99,7.92,7.47,7.3,7.42,7.03,6.53,6.12,5.39,5.24,4.52,3.59,2.22,2.06,1.13,0.91,1.15,-0.11,-2.18,-3.32,-2.95,-2.96,-3.85,-4.7,-5.08,-5.74,-5.85,-4.64,-3.48,-3.06
-8.18,-7.92,-7.73,-7.28,-7.01,-6.95,-6.49,-6.17,-6.28,-6.27,-6.2,-5.93,-4.74,-4.46,-4.78,-4.76,-4.67,-4.71,-4.6,-4.45,-4.48,-4.53,-4.1,-3.34,-2.71,-2.24,-2.12,-2.1,-2.3,-1.95,-0.67,0.19,1.54,2.3,3.3,3.83,4.22,4.37,4.6,4.81,4.77,4.44,4.4,4.0,6.1,-7.32,-5.25,1.56,6.38,7.56,7.17,6.57,6.52,6.16,5.89,5.73,5.08,4.61,4.37,3.73,3.1,2.05,1.78,0.41,0.11,-0.06,-0.34,-2.06,-3.28,-3.53,-3.76,-4.04,-5.11,-5.89,-5.66,-6.49,-6.17,-5.64,-5.1,-4.64
-8.71,-8.66,-8.44,-8.37,-8.62,-8.36,-7.91,-7.74,-7.18,-6.92,-7.03,-6.63,-5.95,-5.25,-5.37,-5.1,-4.88,-4.77,-4.81,-4.75,-4.79,-4.61,-4.47,-4.5,-4.18,-3.92,-3.19,-2.54,-2.34,-2.0,-1.55,-1.08,-0.12,0.67,1.44,2.24,2.88,3.47,4.13,4.61,4.78,4.47,4.2,4.45,6.35,9.32,7.71,6.28,6.4,6.01,5.61,5.99,4.98,4.66,4.55,3.98,3.33,3.12,2.39,2.24,1.52,1.27,-0.07,-0.56,-0.95,-1.38,-1.97,-3.08,-4.55,-4.03,-4.55,-5.19,-5.64,-6.21,-6.12,-6.96,-6.96,-6.49,-6.15,-5.94
-9.59,-9.63,-9.98,-9.91,-9.46,-9.13,-8.77,-8.86,-8.6,-8.4,-8.06,-7.75,-7.22,-6.62,-6.19,-5.75,-5.29,-4.82,-4.35,-4.06,-3.44,-3.35,-3.91,-4.04,-2.87,-1.95,-0.82,-0.63,-1.15,-1.71,-1.18,-0.31,0.27,0.72,1.42,1.99,2.34,2.81,3.15,3.31,3.43,3.43,3.52,5.01,6.58,7.15,7.44,6.47,5.55,5.01,5.4,4.61,3.9,3.24,2.59,1.62,1.49,1.14,1.01,0.67,-0.08,-0.2,-1.49,-1.6,-2.15,-2.15,-2.39,-3.31,-5.25,-5.17,-5.46,-5.43,-5.37,-5.91,-5.9,-6.33,-7.08,-7.0,-6.6,-6.32
-10.67,-10.66,-10.34,-10.45,-10.74,-10.59,-10.23,-10.21,-9.57,-9.18,-8.78,-8.42,-7.9,-7.66,-7.16,-6.68,-6.38,-5.67,-4.89,-4.08,-4.09,-3.62,-3.41,-2.85,-2.28,-1.49,-1.35,-1.21,-1.57,-1.97,-1.35,-0.57,-0.18,-0.06,0.22,0.81,1.18,1.46,1.78,2.21,2.82,3.75,4.61,5.18,5.59,5.68,5.29,4.82,4.19,4.39,4.32,3.01,1.84,0.81,-0.21,-0.9,-1.02,-0.65,-0.68,-0.85,-1.15,-1.63,-2.03,-2.35,-2.87,-2.73,-3.1,-4.5,-5.89,-6.22,-6.07,-5.5,-4.89,-5.66,-5.93,-5.54,-5.84,-6.02,-5.89,-5.77
-11.42,-11.53,-11.88,-11.78,-11.54,-11.47,-10.42,-9.89,-9.2,-8.66,-8.49,-8.48,-8.14,-7.76,-7.57,-7.19,-6.73,-6.05,-5.72,-5.23,-4.57,-3.82,-3.23,-2.62,-2.44,-2.46,-2.62,-2.81,-3.19,-2.68,-2.03,-1.25,-0.75,-0.75,-0.52,-0.16,0.35,0.91,1.53,2.23,2.62,2.9,3.15,3.5,3.74,3.91,3.8,3.24,3.04,3.12,1.8,1.07,-0.23,-2.12,-2.48,-2.66,-2.59,-2.25,-2.29,-2.35,-2.39,-2.59,-2.57,-2.99,-3.18,-2.79,-3.85,-5.02,-6.05,-7.13,-6.69,-6.04,-5.67,-5.81,-6.12,-5.72,-5.57,-5.63,-5.47,-5.3
-12.37,-11.97,-11.77,-11.72,-11.77,-11.45,-10.84,-10.12,-9.61,-9.43,-8.97,-8.87,-8.82,-8.53,-8.3,-7.88,-7.43,-6.94,-6.23,-5.66,-5.03,-4.29,-3.98,-3.95,-3.86,-3.85,-4.08,-4.47,-4.5,-4.07,-3.37,-2.65,-2.25,-2.06,-1.79,-1.32,-0.89,-0.43,0.13,0.67,0.95,1.22,1.55,2.07,2.44,2.59,2.15,1.68,2.06,0.13,-0.4,-1.96,-3.1,-3.91,-4.09,-4.49,-3.88,-3.54,-3.88,-3.62,-3.53,-3.32,-3.5,-3.78,-3.45,-3.33,-5.01,-5.23,-6.17,-7.21,-7.35,-6.42,-6.32,-6.48,-6.33,-6.03,-5.99,-5.67,-5.63,-5.16
-12.35,-12.58,-12.39,-12.19,-12.11,-11.75,-11.2,-10.66,-10.3,-9.97,-9.71,-9.15,-8.98,-9.01,-8.81,-8.44,-8.09,-7.78,-6.95,-6.31,-5.67,-5.23,-4.86,-5.11,-5.25,-5.16,-5.61,-5.97,-5.76,-5.32,-4.69,-3.97,-3.49,-3.24,-2.87,-2.54,-2.11,-1.6,-1.2,-0.88,-0.63,-0.33,0.24,0.97,1.22,1.02,0.57,0.97,-1.04,-2.09,-3.1,-4.04,-4.46,-4.88,-5.29,-5.63,-5.1,-4.7,-4.69,-4.28,-4.14,-4.32,-3.83,-4.36,-4.14,-4.51,-4.98,-5.6,-6.37,-6.67,-7.63,-6.74,-6.52,-6.35,-5.93,-6.15,-6.07,-5.38,-4.9,-4.09
-12.52,-12.36,-12.34,-12.07,-12.26,-11.67,-11.1,-10.42,-9.91,-9.5,-9.51,-9.14,-8.57,-8.88,-8.94,-8.64,-8.33,-8.17,-7.52,-6.81,-6.19,-6.05,-5.81,-5.93,-6.27,-6.18,-6.5,-6.66,-6.32,-5.92,-5.53,-5.01,-4.5,-4.06,-3.74,-3.47,-3.27,-3.15,-2.88,-2.51,-2.03,-1.41,-0.8,-0.42,-0.28,-0.71,-0.23,-1.36,-2.91,-3.67,-5.03,-5.27,-5.61,-5.91,-5.98,-6.47,-5.79,-5.16,-4.61,-4.38,-4.54,-4.61,-4.52,-4.8,-4.4,-4.86,-5.27,-6.14,-6.48,-7.38,-7.44,-6.99,-6.82,-6.4,-5.75,-5.49,-5.54,-5.33,-4.38,-4.46
-12.13,-12.71,-12.63,-12.36,-12.25,-12.05,-11.42,-10.76,-10.08,-9.46,-9.32,-9.67,-8.72,-9.02,-9.16,-9.05,-8.59,-8.37,-7.82,-7.08,-6.9,-6.93,-6.65,-6.63,-6.72,-6.74,-7.0,-6.98,-6.53,-6.17,-5.78,-5.44,-5.07,-4.71,-4.53,-4.46,-4.39,-4.25,-3.92,-3.55,-2.87,-2.17,-1.73,-1.64,-1.82,-1.55,-1.55,-3.51,-3.7,-5.42,-6.8,-6.8,-6.6,-6.89,-6.8,-7.16,-6.37,-5.66,-5.06,-4.81,-4.86,-4.95,-5.06,-5.47,-5.27,-5.52,-6.23,-6.74,-7.16,-7.4,-7.39,-7.37,-7.03,-6.23,-5.68,-5.68,-5.58,-5.31,-5.25,-4.84
-12.55,-13.02,-13.56,-13.65,-12.85,-12.55,-11.55,-10.96,-10.73,-10.04,-9.49,-9.88,-8.19,-9.9,-9.67,-9.5,-9.38,-8.73,-7.87,-7.41,-7.14,-7.12,-7.06,-7.12,-7.04,-7.09,-7.17,-7.15,-6.94,-6.48,-6.09,-5.8,-5.6,-5.33,-5.24,-5.23,-5.09,-4.72,-4.08,-3.48,-3.04,-3.02,-3.14,-2.92,-2.74,-2.41,-3.39,-3.97,-4.21,-4.91,-6.98,-7.64,-7.7,-7.94,-7.78,-7.73,-7.06,-6.43,-5.72,-5.25,-5.26,-5.34,-5.72,-6.01,-5.64,-6.05,-6.05,-6.92,-6.84,-7.06,-7.79,-7.56,-6.92,-6.32,-6.05,-5.98,-5.92,-5.93,-5.23,-4.58
-13.6,-14.18,-13.2,-11.89,-12.2,-12.15,-11.24,-10.68,-9.99,-9.9,-9.91,-9.1,-8.92,-9.3,-9.42,-8.87,-9.01,-8.58,-8.03,-7.66,-7.38,-7.21,-6.84,-7.17,-7.13,-7.03,-7.11,-7.26,-6.94,-6.62,-6.48,-6.25,-6.03,-5.88,-5.6,-5.28,-5.09,-4.72,-4.3,-4.07,-4.36,-4.17,-3.96,-3.81,-3.21,-3.43,-3.64,-3.11,-3.53,-5.24,-6.08,-7.71,-8.53,-8.53,-8.28,-8.26,-7.7,-7.1,-6.68,-6.02,-5.7,-5.9,-6.15,-5.86,-5.86,-5.95,-6.42,-6.82,-6.71,-7.1,-7.54,-7.05,-7.13,-6.36,-5.83,-5.65,-5.99,-5.74,-5.29,-5.02
-11.33,-9.91,-9.44,-10.33,-10.95,-12.08,-11.64,-10.13,-9.73,-8.39,-9.39,-9.44,-7.15,-7.7,-7.63,-7.78,-8.48,-7.95,-7.54,-7.12,-7.6,-7.26,-6.97,-6.68,-6.72,-6.57,-6.87,-6.86,-6.84,-6.73,-6.52,-6.4,-5.99,-5.9,-5.51,-5.15,-5.09,-4.85,-5.03,-5.19,-5.32,-5.1,-4.51,-4.24,-3.5,-3.34,-2.77,-1.84,-2.43,-2.97,-5.07,-5.76,-9.06,-8.31,-8.59,-8.49,-8.17,-7.46,-7.14,-6.49,-6.54,-6.29,-5.82,-5.75,-5.76,-5.32,-6.22,-6.81,-7.01,-7.26,-7.48,-7.42,-7.28,-6.29,-5.79,-5.68,-6.08,-5.88,-5.8,-5.68
-6.33,-7.69,-7.13,-8.09,-10.4,-10.1,-9.17,-9.78,-8.61,-8.18,-8.11,-7.12,-6.09,-6.26,-6.43,-6.14,-7.05,-7.63,-7.43,-6.64,-6.87,-7.04,-6.94,-6.22,-5.83,-6.12,-6.3,-6.35,-6.83,-6.82,-6.54,-6.78,-6.2,-6.22,-5.83,-5.37,-5.91,-5.65,-5.7,-5.43,-5.34,-5.02,-4.43,-3.68,-3.02,-2.49,-2.14,-2.04,-2.11,-0.91,-2.34,-4.45,-6.8,-8.08,-7.89,-8.1,-7.99,-7.31,-7.23,-6.74,-6.7,-6.05,-5.92,-6.07,-5.51,-5.44,-6.25,-6.43,-6.84,-6.93,-7.7,-7.61,-7.16,-6.45,-6.28,-6.34,-6.33,-6.27,-6.17,-6.32
-0.59,-3.35,-5.55,-6.03,-5.82,-5.86,-7.47,-10.75,-7.77,-7.1,-6.65,-6.04,-5.55,-5.21,-4.92,-4.9,-4.39,-5.04,-4.25,-6.02,-6.26,-5.66,-6.19,-5.92,-5.75,-5.81,-6.59,-6.94,-7.29,-6.43,-6.16,-5.98,-6.44,-5.9,-5.65,-5.44,-5.93,-5.43,-5.08,-4.92,-4.52,-3.68,-3.22,-2.94,-2.26,-3.32,-3.13,-0.84,-0.99,0.74,-1.58,-3.07,-4.73,-6.82,-8.06,-7.63,-7.8,-7.49,-7.4,-6.84,-6.25,-5.75,-5.49,-5.63,-4.86,-5.09,-5.64,-6.12,-6.64,-6.77,-6.69,-7.24,-6.99,-6.59,-6.07,-6.17,-6.51,-6.43,-6.35,-6.08
-0.55,-2.57,-3.67,-3.32,-2.96,-3.74,-4.71,-7.73,-6.86,-5.15,-5.72,-4.95,-5.93,-5.16,-4.49,-3.42,-3.63,-2.57,-2.27,-1.79,-3.32,-4.37,-4.08,-4.67,-5.28,-4.02,-2.95,-2.03,-2.32,-3.01,-4.45,-5.62,-6.76,-5.32,-5.37,-4.75,-4.94,-3.86,-4.42,-3.59,-4.44,-2.55,-2.8,-2.53,-0.4,-0.12,-2.69,-0.77,-2.76,-2.85,-3.13,-3.65,-4.53,-5.88,-7.79,-7.4,-7.44,-7.3,-7.47,-6.62,-6.17,-5.79,-4.83,-4.39,-4.12,-4.32,-3.66,-4.79,-5.25,-5.01,-5.31,-5.86,-5.34,-4.82,-4.61,-4.34,-4.68,-5.46,-5.42,-5.23
-1.69,-0.07,-1.05,-1.47,-0.42,-1.26,-3.84,-3.94,-2.97,-0.67,-4.27,-4.55,-4.63,-4.51,-4.52,-4.32,-3.72,-2.03,-1.8,-1.16,-0.93,-1.45,-1.61,-1.83,-2.52,-2.34,-2.53,-3.3,-3.05,-2.11,-0.43,-6.62,-5.99,-6.18,-5.22,-4.87,-4.04,-4.84,-4.17,-3.57,-3.75,-3.79,-3.48,-2.17,-3.12,-4.0,-4.18,-4.3,-4.66,-3.89,-3.48,-3.93,-5.01,-5.92,-6.91,-7.26,-7.61,-7.13,-7.1,-6.72,-6.35,-6.19,-5.22,-5.28,-4.44,-4.67,-4.37,-4.14,-5.3,-4.82,-5.11,-5.19,-5.1,-4.38,-4.54,-4.56,-4.16,-3.46,-3.22,-2.24
1.1,0.59,0.78,0.88,1.45,0.66,-3.88,-1.89,-1.5,-1.82,-3.61,-2.59,-2.82,-2.31,-3.13,-3.96,-4.55,-2.58,-2.23,-1.75,-0.57,-0.41,-0.95,-1.1,-1.85,-2.1,-2.83,-3.05,-2.74,-1.89,-1.54,-4.17,-4.71,-5.94,-5.93,-4.57,-5.01,-4.71,-4.56,-4.26,-4.28,-4.47,-4.17,-4.21,-4.43,-5.52,-5.3,-5.29,-5.05,-4.77,-4.51,-4.66,-5.03,-5.97,-6.75,-7.11,-7.52,-7.62,-7.54,-7.11,-6.39,-6.53,-6.09,-5.99,-5.75,-5.58,-5.47,-5.27,-5.46,-5.54,-5.76,-5.33,-5.34,-5.06,-4.82,-4.61,-3.78,-3.54,-2.95,-2.1
2.53,1.69,1.67,1.39,1.67,1.03,-1.9,1.49,-1.03,-3.95,-3.1,-1.33,-1.74,-1.53,-2.02,-2.92,-4.0,-3.58,-2.94,-2.68,-0.79,-1.37,-1.46,-1.45,-1.67,-2.45,-3.3,-2.49,-2.34,-2.06,-3.06,-3.81,-5.41,-5.63,-5.37,-4.84,-5.03,-4.83,-4.61,-4.45,-4.68,-5.12,-5.26,-5.49,-5.63,-5.86,-5.88,-6.07,-6.13,-5.59,-5.48,-5.28,-5.45,-6.07,-6.33,-7.0,-7.79,-8.16,-7.92,-7.45,-7.03,-7.13,-6.78,-6.73,-6.62,-6.56,-6.08,-5.8,-5.58,-5.9,-5.9,-5.66,-5.7,-5.11,-4.96,-4.7,-4.33,-3.88,-3.36,-3.01
2.86,2.44,1.68,1.29,3.53,0.44,-0.4,-0.33,-2.82,-3.22,-4.09,-3.21,-1.77,-1.4,-2.52,-2.6,-3.42,-4.04,-3.41,-3.27,-1.56,-1.41,-1.74,-1.73,-1.97,-2.84,-2.54,-2.36,-2.42,-2.57,-2.56,-3.93,-5.76,-5.43,-5.15,-4.79,-4.72,-4.39,-3.89,-3.91,-4.32,-4.98,-5.61,-6.13,-6.36,-6.47,-6.49,-6.57,-6.5,-6.09,-5.98,-5.82,-5.5,-5.8,-6.11,-6.81,-7.35,-7.89,-7.88,-7.44,-7.37,-7.28,-7.26,-7.09,-6.78,-6.52,-6.27,-6.07,-6.21,-6.07,-5.86,-5.91,-5.65,-5.3,-5.03,-4.57,-4.56,-4.29,-3.95,-3.6
2.94,3.1,3.14,1.8,3.6,-1.38,0.47,-2.06,-3.69,-3.36,-4.19,-3.05,-2.78,-2.52,-2.61,-2.5,-2.73,-3.97,-3.26,-3.31,-2.19,-1.35,-1.69,-1.7,-2.13,-2.56,-2.66,-2.57,-2.15,-2.54,-2.14,-4.49,-5.52,-5.33,-5.16,-4.87,-4.58,-4.21,-3.74,-3.62,-3.81,-4.48,-5.63,-6.28,-6.76,-6.73,-6.71,-6.74,-6.68,-6.5,-6.59,-6.2,-5.66,-5.78,-6.06,-6.67,-7.06,-7.79,-7.95,-7.7,-7.47,-7.26,-7.25,-7.37,-7.19,-6.81,-6.58,-6.53,-6.43,-6.24,-6.05,-5.73,-5.39,-4.98,-4.81,-4.7,-4.57,-4.51,-4.33,-4.05
3.67,2.67,1.66,0.07,-1.39,-0.1,-2.34,-2.66,-3.45,-3.51,-2.56,-2.13,-3.23,-3.46,-3.38,-2.84,-3.13,-3.36,-2.75,-2.12,-2.23,-1.67,-1.18,-1.57,-1.75,-1.94,-2.26,-2.44,-2.06,-2.28,-2.3,-4.09,-5.31,-5.32,-4.62,-4.62,-4.59,-4.48,-4.2,-3.85,-4.07,-4.24,-5.21,-6.03,-6.7,-7.04,-6.93,-6.95,-7.05,-6.99,-7.17,-7.21,-6.48,-6.26,-6.41,-6.98,-7.55,-7.78,-8.04,-7.62,-7.4,-7.41,-7.12,-7.03,-7.14,-7.02,-6.63,-6.58,-6.31,-6.26,-6.0,-5.56,-5.01,-4.55,-4.64,-4.59,-4.52,-4.71,-4.78,-4.58
3.31,1.68,0.12,-0.32,0.03,-1.63,-1.39,-3.3,-2.83,-3.05,-2.77,-3.06,-3.47,-2.82,-2.52,-3.23,-3.72,-3.15,-2.51,-2.16,-1.67,-0.87,-1.27,-1.12,-1.0,-0.88,-1.34,-1.39,-1.58,-1.68,-2.51,-3.81,-4.87,-5.42,-4.65,-4.79,-4.67,-4.34,-4.27,-3.89,-4.14,-4.71,-5.13,-6.26,-6.73,-7.27,-7.17,-7.1,-7.26,-7.38,-7.51,-7.58,-6.89,-6.41,-6.36,-7.09,-7.39,-7.89,-8.06,-8.06,-7.78,-7.71,-7.46,-7.52,-7.43,-7.05,-6.94,-6.62,-6.07,-6.2,-6.19,-5.98,-5.54,-4.99,-4.8,-4.61,-4.92,-4.88,-4.89,-4.98
1.9,0.04,-0.3,-0.21,-0.13,-1.44,-2.15,-2.88,-3.43,-3.15,-3.5,-3.62,-3.22,-2.3,-1.98,-2.47,-3.14,-2.9,-2.9,-1.96,-1.53,-0.25,-0.05,-1.26,-0.79,-0.04,-0.12,-0.43,-0.33,-0.45,-2.85,-4.44,-5.04,-4.91,-4.79,-4.92,-4.56,-4.31,-3.97,-3.88,-4.03,-4.72,-5.54,-6.42,-6.93,-7.09,-7.02,-7.12,-7.45,-7.59,-7.52,-7.58,-7.13,-6.46,-6.26,-7.08,-7.71,-8.31,-8.63,-8.36,-7.87,-7.75,-7.69,-7.62,-7.57,-7.54,-7.44,-6.9,-6.6,-6.78,-6.89,-6.87,-6.27,-5.37,-5.05,-4.88,-4.94,-5.2,-5.2,-5.42
-0.4,-0.53,-0.35,-0.54,-1.26,-1.91,-3.2,-3.05,-3.43,-3.75,-4.35,-3.57,-3.08,-2.67,-2.37,-2.31,-2.14,-2.57,-2.28,-0.69,0.15,0.38,0.3,0.68,0.38,-0.06,0.69,1.02,0.37,0.13,-2.96,-4.05,-5.23,-5.07,-4.79,-4.52,-4.27,-4.2,-3.89,-4.04,-4.12,-4.76,-5.73,-6.23,-6.71,-6.68,-6.75,-7.13,-7.45,-7.65,-7.68,-7.56,-7.29,-6.54,-6.4,-7.33,-7.69,-8.3,-8.75,-8.56,-8.33,-8.05,-7.79,-7.96,-7.93,-7.76,-7.74,-7.26,-7.23,-7.09,-6.83,-6.98,-6.73,-5.98,-5.25,-5.02,-4.92,-5.1,-5.55,-5.79
-1.93,-1.73,-2.92,-3.43,-2.77,-2.88,-3.24,-3.4,-3.48,-4.13,-4.11,-3.6,-4.0,-4.08,-3.94,-2.58,-2.57,-2.11,-1.65,-0.04,1.24,1.79,2.29,2.23,1.46,0.19,1.09,0.55,-0.28,-0.91,-3.61,-4.06,-4.52,-4.77,-4.53,-3.83,-3.6,-3.68,-3.78,-3.87,-4.3,-4.94,-5.38,-5.84,-6.15,-6.44,-6.44,-6.91,-7.43,-7.69,-7.56,-7.55,-7.33,-6.86,-6.8,-7.38,-7.84,-8.27,-8.69,-8.59,-8.49,-8.25,-8.36,-7.96,-7.76,-7.88,-7.62,-7.44,-7.42,-7.51,-7.36,-7.13,-6.67,-5.91,-5.56,-5.22,-5.09,-5.18,-5.77,-6.13
-3.3,-3.96,-4.67,-4.58,-4.09,-4.4,-4.46,-4.08,-4.24,-4.55,-4.61,-4.15,-5.1,-5.67,-4.9,-3.7,-2.53,-1.96,-1.62,1.27,0.78,3.25,4.18,4.16,2.37,0.51,-0.69,-0.72,-1.26,-1.15,-2.85,-3.3,-4.03,-4.24,-3.38,-3.4,-3.07,-2.98,-3.11,-3.01,-3.31,-3.95,-4.84,-5.71,-5.6,-5.96,-6.23,-6.63,-7.28,-7.72,-7.5,-7.39,-7.27,-6.75,-6.64,-7.05,-7.56,-8.22,-8.74,-8.9,-8.77,-8.51,-8.62,-8.27,-7.83,-7.65,-7.83,-7.82,-7.66,-7.59,-7.38,-7.23,-6.8,-6.37,-5.97,-5.73,-5.52,-5.33,-5.98,-6.53
-3.76,-4.53,-3.03,-4.17,-4.04,-4.09,-4.1,-4.7,-4.77,-4.34,-4.56,-4.82,-5.43,-5.44,-4.86,-4.08,-2.34,-0.72,-1.95,-0.36,-0.18,5.5,6.71,4.92,2.41,0.7,-1.0,-1.36,-1.34,-1.2,-2.67,-2.53,-2.36,-2.37,-2.56,-2.63,-2.48,-2.52,-2.4,-2.19,-2.76,-3.26,-4.55,-4.71,-5.49,-5.47,-5.65,-6.26,-7.06,-7.51,-7.27,-7.04,-6.96,-6.83,-6.66,-6.89,-7.49,-7.97,-8.4,-8.68,-8.61,-8.71,-8.66,-8.63,-8.03,-7.77,-7.82,-7.95,-7.84,-7.65,-7.46,-7.32,-7.12,-6.84,-6.55,-6.24,-5.96,-5.78,-5.99,-6.4
-4.28,-3.19,-3.73,-4.61,-3.55,-4.06,-4.77,-5.37,-4.99,-4.53,-4.65,-5.34,-5.06,-4.29,-3.82,-3.26,-2.35,-0.28,-1.64,0.84,2.94,4.61,4.43,3.82,0.6,0.01,-0.74,-0.63,-0.97,-1.5,-1.61,-1.83,-1.26,-0.95,-0.87,-1.29,-2.06,-2.06,-1.47,-1.43,-2.43,-3.4,-3.8,-4.25,-4.44,-5.33,-5.15,-5.85,-6.72,-6.88,-6.76,-6.67,-6.64,-6.69,-6.68,-6.79,-7.03,-7.55,-8.01,-8.3,-8.44,-8.52,-8.5,-8.13,-7.85,-7.82,-8.08,-7.94,-7.62,-7.51,-7.5,-7.55,-7.38,-7.21,-6.89,-6.63,-6.46,-6.29,-6.29,-6.59
-3.78,-1.72,-3.89,-4.28,-3.89,-5.43,-5.95,-5.8,-5.32,-5.3,-5.18,-5.08,-4.78,-4.12,-3.28,-3.16,-2.95,-2.57,-1.52,-1.45,0.04,-0.4,0.45,-1.07,-0.26,-0.75,-1.25,-0.05,-1.17,-1.36,-1.04,-0.06,-0.22,0.15,0.53,0.55,-0.9,-1.52,-1.02,-2.18,-2.3,-2.33,-3.7,-4.45,-4.89,-5.23,-5.39,-5.48,-6.29,-5.92,-5.83,-5.97,-6.13,-6.04,-6.35,-6.66,-7.01,-7.41,-7.67,-7.89,-8.04,-7.84,-7.94,-7.93,-7.62,-7.61,-7.97,-7.84,-7.61,-7.41,-7.38,-7.42,-7.37,-7.07,-6.9,-6.71,-6.52,-6.11,-6.12,-6.66
-2.27,-2.11,-2.33,-3.45,-3.92,-4.42,-6.06,-5.85,-5.38,-5.51,-5.74,-5.12,-4.96,-4.51,-3.8,-4.25,-3.89,-2.57,-0.46,-1.6,-2.96,-4.19,-3.26,-2.2,-2.12,-2.42,-1.95,-1.23,-1.1,-1.5,-0.96,0.02,1.51,2.55,2.07,0.03,0.09,-0.35,-0.82,-1.73,-2.97,-3.48,-4.03,-4.86,-4.5,-4.62,-4.44,-4.62,-5.61,-5.15,-5.28,-5.39,-5.38,-5.64,-6.28,-6.77,-6.92,-7.0,-7.24,-7.44,-7.45,-7.54,-7.38,-7.49,-7.66,-7.58,-7.7,-7.86,-7.67,-7.4,-7.27,-7.15,-7.02,-6.8,-6.59,-6.38,-6.33,-5.86,-5.82,-6.24
-1.55,-2.13,-2.25,-3.33,-3.82,-3.73,-4.88,-4.95,-5.35,-5.73,-5.88,-5.35,-5.89,-5.29,-4.49,-4.65,-3.75,-2.19,-1.93,-1.71,-4.33,-5.58,-5.31,-4.09,-3.75,-2.86,-1.96,-1.44,-1.62,-0.83,-0.8,-0.67,0.74,1.24,3.42,1.22,0.95,0.68,-0.95,-1.87,-3.5,-4.04,-4.62,-4.68,-4.08,-4.41,-4.4,-5.19,-5.1,-4.52,-4.74,-4.99,-5.03,-5.33,-5.94,-6.67,-6.78,-6.69,-6.84,-6.84,-6.91,-6.87,-6.82,-7.0,-7.36,-7.41,-7.41,-7.51,-7.4,-7.26,-6.99,-6.8,-6.55,-6.45,-6.15,-6.19,-6.02,-5.63,-5.55,-6.0
-2.07,-2.39,-2.77,-2.45,-3.51,-3.56,-4.32,-5.34,-5.47,-5.99,-5.59,-5.63,-6.02,-5.33,-5.0,-4.35,-3.08,-3.14,-3.8,-3.93,-5.21,-5.6,-5.63,-5.41,-4.33,-3.11,-2.12,-1.4,-0.96,-1.65,-1.48,-0.63,-1.47,-1.83,-2.08,-1.19,0.77,0.36,-0.58,-2.38,-4.07,-3.93,-4.6,-4.02,-3.86,-4.05,-4.28,-5.58,-4.87,-4.21,-4.06,-5.23,-4.8,-5.11,-5.31,-5.61,-5.88,-6.08,-6.12,-6.14,-6.35,-6.24,-6.42,-6.67,-6.86,-6.88,-6.9,-6.87,-6.7,-6.59,-6.51,-6.44,-6.06,-5.93,-5.88,-5.96,-5.58,-5.4,-5.63,-5.74
-3.23,-2.91,-2.71,-2.61,-3.35,-3.62,-4.52,-5.76,-5.74,-5.89,-5.49,-5.98,-5.73,-5.88,-5.25,-4.75,-4.08,-4.66,-5.19,-5.57,-5.66,-5.83,-3.97,-3.97,-3.08,-2.16,-1.86,-1.39,-1.02,-1.43,-1.08,-1.02,-1.8,-3.01,-3.29,-3.35,-1.93,-0.67,-1.9,-2.57,-3.46,-4.12,-3.86,-3.82,-3.39,-4.1,-4.94,-5.35,-4.99,-4.75,-4.42,-5.07,-5.56,-5.16,-4.94,-4.29,-5.36,-5.87,-5.77,-5.72,-6.19,-6.19,-6.08,-6.19,-6.13,-5.95,-6.17,-6.04,-6.04,-5.95,-5.86,-5.87,-5.7,-5.7,-5.55,-5.49,-5.17,-4.97,-5.18,-5.35
-3.19,-1.55,-2.6,-2.71,-3.81,-4.48,-5.02,-4.04,-4.95,-5.56,-5.86,-5.87,-5.84,-5.92,-5.72,-4.91,-5.63,-4.32,-5.93,-5.51,-6.28,-5.0,-3.16,-2.17,-2.69,-2.26,-1.09,-0.36,-0.57,-0.65,-1.87,-2.31,-2.56,-2.63,-3.39,-3.34,-3.05,-3.25,-2.76,-3.47,-2.86,-3.13,-3.21,-3.47,-3.37,-3.57,-4.27,-5.39,-5.31,-4.51,-5.0,-5.22,-4.96,-4.98,-5.38,-5.74,-6.72,-6.66,-6.5,-6.64,-6.48,-6.32,-5.98,-5.73,-5.6,-5.78,-5.66,-5.67,-5.6,-5.3,-5.29,-5.45,-5.37,-5.37,-5.51,-5.34,-4.9,-4.82,-4.79,-4.8
