Automation/Quotaero Data/u-grd2.json
{"header": {"discipline":0,"disciplineName":"Meteorological products","gribEdition":2,"gribLength":77505,"center":7,"centerName":"US National Weather Service - NCEP(WMC)","subcenter":0,"refTime":"2015-02-06T00:00:00.000Z","significanceOfRT":1,"significanceOfRTName":"Start of forecast","productStatus":0,"productStatusName":"Operational products","productType":1,"productTypeName":"Forecast products","productDefinitionTemplate":0,"productDefinitionTemplateName":"Analysis/forecast at horizontal level/layer at a point in time","parameterCategory":2,"parameterCategoryName":"Momentum","parameterNumber":2,"parameterNumberName":"U-component_of_wind","parameterUnit":"m.s-1","genProcessType":2,"genProcessTypeName":"Forecast","forecastTime":0,"surface1Type":103,"surface1TypeName":"Specified height level above ground","surface1Value":10.0,"surface2Type":255,"surface2TypeName":"Missing","surface2Value":0.0,"gridDefinitionTemplate":0,"gridDefinitionTemplateName":"Latitude_Longitude","numberPoints":65160,"shape":6,"shapeName":"Earth spherical with radius of 6,371,229.0 m","gridUnits":"degrees","resolution":48,"winds":"true","scanMode":0,"nx":360,"ny":181,"basicAngle":0,"subDivisions":0,"lo1":0.0,"la1":90.0,"lo2":359.0,"la2":-90.0,"dx":1.0,"dy":1.0}, "data":
[rows 0 to 34 of 181, columns 0 to 79 of 360]
4.37,4.33,4.28,4.23,4.18,4.13,4.07,4.02,3.96,3.91,3.85,3.79,3.73,3.67,3.6,3.54,3.47,3.41,3.34,3.27,3.2,3.13,3.06,2.99,2.92,2.84,2.77,2.69,2.62,2.54,2.46,2.39,2.31,2.23,2.14,2.06,1.98,1.9,1.82,1.73,1.65,1.56,1.48,1.39,1.31,1.22,1.13,1.05,0.96,0.87,0.78,0.69,0.61,0.52,0.43,0.34,0.25,0.16,0.07,-0.02,-0.11,-0.2,-0.29,-0.37,-0.46,-0.55,-0.64,-0.73,-0.82,-0.91,-0.99,-1.08,-1.17,-1.25,-1.34,-1.43,-1.51,-1.6,-1.68,-1.77
5.46,5.39,5.33,5.25,5.19,5.1,5.02,4.94,4.85,4.76,4.66,4.57,4.46,4.36,4.25,4.13,4.01,3.89,3.76,3.63,3.49,3.35,3.21,3.06,2.91,2.75,2.59,2.43,2.27,2.09,1.92,1.76,1.58,1.4,1.22,1.05,0.87,0.68,0.5,0.32,0.14,-0.04,-0.21,-0.39,-0.57,-0.75,-0.91,-1.08,-1.25,-1.41,-1.57,-1.73,-1.88,-2.03,-2.18,-2.32,-2.45,-2.58,-2.72,-2.84,-2.96,-3.07,-3.18,-3.29,-3.39,-3.49,-3.58,-3.67,-3.76,-3.84,-3.92,-4.0,-4.07,-4.13,-4.2,-4.26,-4.32,-4.37,-4.42,-4.48
6.52,6.41,6.32,6.22,6.11,6.0,5.88,5.75,5.63,5.49,5.34,5.17,5.0,4.82,4.62,4.42,4.19,3.95,3.71,3.45,3.18,2.9,2.62,2.32,2.03,1.73,1.43,1.14,0.84,0.55,0.27,0.0,-0.26,-0.51,-0.75,-0.97,-1.19,-1.38,-1.56,-1.73,-1.88,-2.01,-2.12,-2.23,-2.3,-2.36,-2.41,-2.42,-2.42,-2.4,-2.36,-2.29,-2.2,-2.08,-1.94,-1.77,-1.56,-1.33,-1.05,-0.76,-0.42,-0.05,0.34,0.77,1.2,1.67,2.19,2.7,3.23,3.73,4.28,4.83,5.39,5.92,6.43,6.93,7.38,7.82,8.23,8.64
7.66,7.5,7.33,7.17,7.0,6.81,6.61,6.42,6.21,6.01,5.79,5.57,5.32,5.06,4.78,4.48,4.16,3.82,3.46,3.09,2.72,2.35,1.98,1.62,1.26,0.91,0.57,0.25,-0.06,-0.35,-0.6,-0.83,-0.99,-1.1,-1.12,-1.07,-0.94,-0.72,-0.44,-0.07,0.34,0.8,1.26,1.74,2.21,2.65,3.06,3.44,3.81,4.18,4.49,4.78,5.0,5.22,5.41,5.61,5.81,6.0,6.2,6.42,6.64,6.89,7.13,7.4,7.67,7.96,8.24,8.53,8.83,9.12,9.41,9.69,9.97,10.24,10.5,10.75,10.99,11.22,11.44,11.65
8.41,8.21,8.01,7.81,7.6,7.4,7.19,6.97,6.74,6.49,6.23,5.93,5.61,5.25,4.86,4.44,4.01,3.56,3.13,2.72,2.33,1.97,1.62,1.29,0.97,0.64,0.33,0.06,-0.14,-0.21,-0.15,0.1,0.52,1.05,1.65,2.24,2.71,3.04,3.19,3.21,3.16,3.1,3.04,3.03,3.07,3.18,3.35,3.58,3.83,4.09,4.36,4.62,4.88,5.13,5.38,5.63,5.88,6.14,6.41,6.71,7.02,7.35,7.7,8.05,8.39,8.71,9.01,9.27,9.5,9.73,9.94,10.14,10.34,10.55,10.76,10.95,11.14,11.31,11.47,11.62
8.69,8.53,8.33,8.12,7.92,7.7,7.47,7.25,7.01,6.77,6.52,6.24,5.94,5.59,5.19,4.74,4.24,3.76,3.29,2.87,2.49,2.12,1.74,1.33,0.92,0.56,0.33,0.35,0.7,1.37,2.17,2.87,3.29,3.24,2.73,2.09,1.54,1.18,1.06,1.15,1.42,1.78,2.16,2.5,2.79,3.06,3.32,3.59,3.85,4.09,4.33,4.55,4.77,5.0,5.26,5.55,5.91,6.3,6.69,7.07,7.42,7.73,7.95,8.16,8.34,8.49,8.62,8.76,8.91,9.07,9.24,9.41,9.59,9.77,9.95,10.14,10.33,10.5,10.69,10.88
8.33,8.3,8.27,8.23,8.15,8.04,7.87,7.66,7.44,7.18,6.91,6.67,6.42,6.19,5.95,5.69,5.4,5.1,4.78,4.47,4.15,3.78,3.34,2.84,2.36,2.06,2.1,2.56,3.33,4.09,4.46,4.01,2.93,1.8,0.87,0.34,0.21,0.33,0.55,0.76,0.94,1.11,1.32,1.62,1.99,2.39,2.81,3.18,3.5,3.78,4.03,4.28,4.56,4.86,5.17,5.48,5.76,5.99,6.16,6.28,6.39,6.49,6.63,6.82,7.04,7.32,7.61,7.91,8.23,8.54,8.84,9.08,9.29,9.5,9.65,9.73,9.83,9.92,10.0,10.08
7.74,7.72,7.7,7.66,7.62,7.54,7.55,7.39,7.37,7.31,7.23,7.12,7.01,6.89,6.79,6.66,6.52,6.38,6.2,6.04,5.79,5.46,5.04,4.6,4.27,4.24,4.55,4.96,5.0,4.19,2.66,1.26,0.5,0.52,0.95,1.17,0.92,0.4,0.06,0.08,0.41,0.83,1.2,1.46,1.67,1.93,2.27,2.64,3.0,3.28,3.5,3.67,3.82,3.95,4.07,4.14,4.19,4.25,4.38,4.57,4.83,5.12,5.43,5.77,6.05,6.27,6.44,6.51,6.52,6.52,6.58,6.72,6.86,7.08,7.22,7.34,7.48,7.63,7.81,7.98
7.21,7.11,7.03,6.98,6.98,7.01,7.01,7.03,7.02,6.97,6.94,6.98,7.1,7.27,7.4,7.47,7.87,8.13,8.32,8.36,8.12,8.36,8.41,8.51,8.69,9.02,9.5,9.85,8.73,7.39,4.99,3.07,2.29,2.48,2.83,2.52,1.44,0.27,-0.41,-0.55,-0.33,-0.01,0.34,0.68,1.0,1.24,1.43,1.57,1.76,2.0,2.3,2.62,2.93,3.24,3.57,3.86,4.05,4.15,4.2,4.43,4.76,5.0,5.2,5.37,5.39,5.38,5.27,5.04,4.83,4.69,4.69,4.81,5.01,5.24,5.49,5.72,5.98,6.11,6.26,6.49
6.68,6.69,6.66,6.63,6.69,6.83,7.06,7.43,7.82,7.7,7.7,7.32,7.87,7.75,7.62,7.77,8.3,8.93,9.25,9.37,9.48,9.72,9.95,9.95,9.67,9.38,9.44,9.89,10.25,9.59,7.85,5.56,4.27,4.29,4.05,2.4,0.2,-1.25,-1.65,-1.51,-1.38,-1.38,-1.4,-1.31,-1.05,-0.7,-0.35,0.0,0.4,0.81,1.04,1.42,1.77,1.85,1.71,1.41,1.37,1.56,1.85,2.19,2.54,2.62,2.96,2.9,3.02,3.62,4.01,3.62,3.21,3.0,3.08,3.32,3.7,4.03,4.28,4.46,4.72,4.98,5.26,5.74
6.33,6.69,7.41,8.32,8.18,7.73,7.32,7.06,6.78,6.29,5.83,5.9,6.32,6.51,6.54,7.02,7.6,7.95,6.77,6.28,7.11,6.59,3.88,2.56,4.43,7.34,8.38,7.36,5.6,3.98,2.45,1.94,2.09,2.53,2.12,0.3,-1.85,-2.97,-3.1,-2.91,-2.79,-2.67,-2.49,-2.33,-2.29,-2.33,-2.35,-2.24,-1.98,-1.67,-1.38,-1.11,-0.75,-0.35,-0.23,-0.5,-0.67,-0.51,-0.26,-0.05,0.33,0.52,0.29,0.28,0.52,0.82,1.01,1.21,1.48,1.78,2.02,2.21,2.36,2.51,2.69,3.08,3.84,4.73,5.32,5.42
7.42,8.03,7.96,7.94,7.94,7.78,7.67,7.96,8.37,8.19,7.15,5.47,2.99,2.38,2.15,1.32,0.44,1.27,2.9,3.24,3.7,5.52,6.97,7.01,6.01,4.19,1.71,-0.68,-1.43,-1.23,-0.66,0.06,1.23,2.41,2.37,0.41,-2.34,-3.75,-3.83,-3.54,-3.36,-3.14,-2.79,-2.53,-2.56,-2.87,-3.22,-3.36,-3.32,-3.18,-2.93,-2.37,-1.56,-0.97,-1.08,-1.83,-2.54,-2.67,-2.31,-1.77,-1.23,-0.82,-0.69,-0.83,-0.98,-0.77,-0.2,0.38,0.61,0.45,0.31,0.57,1.3,2.23,2.97,3.46,3.83,4.16,4.47,4.86
8.74,8.84,8.93,9.0,9.01,8.95,8.75,8.55,8.75,9.51,10.02,9.73,9.48,9.35,7.03,3.75,2.71,3.08,3.2,2.0,-0.78,-2.15,-0.61,2.33,5.12,5.86,5.18,3.91,3.19,3.15,3.33,3.25,2.79,3.01,3.86,3.05,-0.17,-3.06,-3.71,-3.45,-3.47,-3.39,-2.98,-2.73,-2.88,-2.99,-2.71,-2.25,-1.78,-1.2,-0.63,-0.13,0.36,0.67,0.27,-0.73,-1.8,-2.38,-2.24,-1.51,-0.68,-0.26,-0.42,-0.96,-1.34,-1.2,-0.87,-1.21,-2.18,-2.55,-1.7,-0.34,0.77,1.44,1.73,1.82,2.07,2.33,2.55,2.81
9.94,10.16,10.43,10.65,10.79,10.8,10.69,10.59,10.56,10.58,10.6,10.86,11.57,12.19,12.33,13.3,13.04,12.15,9.6,8.98,10.32,10.97,9.51,8.62,7.79,7.32,7.48,8.85,9.09,8.92,8.75,8.67,7.84,6.77,7.51,8.36,4.65,-1.21,-3.46,-3.43,-3.72,-4.08,-3.68,-3.04,-2.85,-3.05,-2.73,-1.72,-0.68,-0.17,0.24,0.96,1.33,0.91,0.46,0.62,0.98,0.75,0.15,-0.16,-0.38,-1.48,-3.08,-4.14,-3.09,0.2,2.28,1.63,0.13,-1.29,-1.06,0.13,0.39,0.36,0.56,0.6,0.53,0.56,0.69,0.86
10.35,10.61,10.75,10.77,10.81,11.02,11.41,11.84,12.17,12.38,12.52,12.72,12.91,12.99,13.01,13.14,13.76,14.65,15.21,15.25,14.59,13.73,13.38,12.98,12.62,13.1,13.86,13.25,12.75,12.54,12.26,11.59,10.34,8.47,7.93,9.4,7.89,1.36,-2.37,-2.72,-3.32,-4.23,-4.26,-3.62,-3.08,-2.95,-2.78,-2.15,-1.3,-0.56,0.11,0.54,0.39,-0.19,0.02,0.4,-0.07,-0.34,0.39,-0.2,-3.55,-4.52,-3.57,-2.16,-1.61,0.05,0.01,-1.07,-0.75,-0.91,-1.22,-1.36,-1.45,-1.44,-1.42,-1.4,-1.37,-1.29,-1.18,-1.02
9.77,9.85,9.83,9.79,9.91,10.18,10.49,10.89,11.43,12.02,12.58,13.03,13.17,13.15,13.36,13.77,13.96,13.91,13.78,12.82,12.38,11.09,9.84,9.93,10.45,10.9,11.18,11.26,11.23,11.23,10.94,10.26,9.71,9.15,8.2,8.78,9.6,4.56,-1.66,-2.72,-3.07,-4.29,-4.41,-3.84,-3.69,-3.63,-3.09,-2.4,-1.9,-1.26,-0.52,-0.42,-0.97,-1.6,-1.75,-1.84,-3.55,-3.45,-4.27,-1.6,-1.54,-3.36,-3.94,-3.53,-3.23,-3.08,-2.98,-2.93,-2.98,-3.04,-3.06,-3.1,-3.15,-3.23,-3.25,-3.15,-2.96,-2.79,-2.69,-2.59
9.25,9.63,9.94,10.25,10.54,10.88,11.37,11.78,11.96,12.1,12.32,12.44,12.52,12.77,13.11,13.26,13.25,13.41,13.4,13.14,13.13,13.36,13.31,13.03,12.63,12.16,11.78,11.49,11.23,11.13,11.12,10.77,10.14,9.58,8.73,8.49,10.14,8.36,1.01,-1.97,-2.03,-3.29,-4.26,-4.27,-4.14,-3.59,-2.84,-2.97,-3.35,-2.68,-1.62,-1.6,-2.39,-3.39,-4.32,-3.92,-4.49,-2.62,-1.29,-2.61,-2.86,-3.0,-2.91,-2.94,-3.1,-3.22,-3.39,-3.69,-3.99,-4.21,-4.27,-4.3,-4.34,-4.34,-4.27,-4.13,-3.95,-3.65,-3.2,-2.56
8.75,9.39,9.9,10.16,10.26,10.38,10.51,10.55,10.62,10.94,11.29,11.67,12.04,12.39,12.67,12.8,12.99,13.13,13.1,13.05,13.0,12.9,12.81,12.66,12.52,12.51,12.46,12.36,12.31,12.26,12.06,11.78,11.38,10.81,10.1,9.37,9.56,9.14,3.74,-0.39,-0.49,-1.06,-2.71,-4.14,-4.67,-3.49,-2.03,-2.66,-4.35,-4.44,-3.71,-3.65,-4.63,-5.33,-3.69,-2.95,-1.4,-2.9,-2.59,-2.48,-3.15,-3.29,-3.21,-3.19,-3.28,-3.42,-3.51,-3.66,-3.79,-4.01,-4.32,-4.43,-4.61,-4.8,-4.79,-5.0,-5.01,-4.84,-4.87,-4.44
8.91,9.14,9.37,9.68,9.94,10.07,10.18,10.43,10.69,10.73,10.58,10.43,10.39,10.46,10.56,10.78,11.33,11.75,11.85,11.89,11.97,12.05,12.11,12.03,11.8,11.55,11.25,11.04,10.95,10.76,10.49,10.43,10.34,9.94,9.4,9.21,9.4,8.56,5.44,2.01,1.6,1.94,-0.18,-2.79,-2.93,-2.16,-2.57,-2.75,-4.63,-7.29,-6.75,-6.05,-7.96,-7.43,-5.03,-4.81,-3.61,-3.15,-3.63,-3.87,-3.93,-3.99,-3.95,-3.89,-3.65,-3.47,-3.55,-3.84,-4.0,-3.83,-4.07,-4.18,-3.93,-4.33,-4.43,-4.07,-4.48,-4.6,-4.66,-3.94
10.05,10.42,10.49,10.45,10.31,9.88,9.4,9.0,8.74,8.64,8.67,8.94,9.16,9.19,9.2,9.3,9.37,9.46,9.71,10.02,10.12,10.12,10.01,9.95,9.68,9.21,8.18,8.59,6.92,9.25,9.94,10.16,10.2,9.88,9.65,10.09,11.07,11.55,9.35,5.91,4.73,4.67,3.23,0.86,-0.59,-0.43,-0.82,-2.14,-1.91,-2.2,-5.25,-8.49,-8.94,-7.87,-8.34,-7.45,-4.4,-3.31,-3.48,-3.48,-3.33,-3.31,-3.44,-3.71,-4.05,-4.19,-4.16,-3.77,-3.52,-3.62,-3.85,-3.8,-3.74,-4.3,-3.93,-3.56,-3.63,-3.72,-4.41,-4.25
12.61,12.38,12.33,12.43,12.17,11.83,11.49,10.98,10.43,10.05,9.53,8.98,8.66,8.38,8.28,8.38,8.44,8.5,8.47,6.74,8.11,5.39,5.21,2.28,4.07,3.06,4.14,2.61,2.76,3.08,5.67,7.83,8.78,9.84,10.21,10.73,11.24,11.24,10.15,8.15,7.67,7.43,6.45,4.52,2.64,1.73,1.34,-0.01,-1.19,-1.49,-0.98,0.2,0.72,0.97,0.71,0.65,1.74,1.31,-1.71,-3.0,-1.63,-1.43,-2.55,-3.56,-3.61,-3.67,-3.83,-3.79,-3.25,-3.3,-3.27,-3.47,-3.08,-3.4,-3.17,-3.18,-3.26,-3.14,-3.19,-3.41
13.24,13.52,13.61,13.5,13.45,13.52,13.65,13.75,13.6,12.9,11.63,9.91,8.37,7.44,7.32,6.39,4.92,4.92,2.78,3.76,3.97,3.92,2.3,1.11,0.68,1.71,2.52,2.87,2.93,2.61,1.96,2.77,3.51,3.49,5.19,7.0,7.78,11.55,11.18,10.69,10.73,9.75,7.69,4.83,3.79,2.3,0.9,1.58,0.84,0.33,0.77,1.07,1.69,1.54,1.37,1.47,1.31,0.55,-0.63,-1.66,-2.06,-2.82,-1.78,0.06,-0.37,-1.61,-2.12,-3.93,-3.53,-2.44,-2.54,-2.44,-2.47,-3.02,-3.08,-2.73,-2.89,-2.96,-3.01,-3.25
12.09,12.2,12.5,12.85,13.0,13.09,13.2,13.39,13.49,13.54,13.78,13.9,13.76,12.67,10.4,8.15,5.77,4.73,6.11,4.22,4.07,6.34,7.38,6.62,5.01,2.37,3.76,3.41,3.21,4.39,2.7,0.6,1.4,1.31,1.77,2.54,3.91,5.64,7.41,8.62,11.16,8.04,4.58,4.47,2.68,0.42,2.15,2.5,3.54,3.41,1.69,1.74,2.22,2.07,2.09,2.38,2.39,1.4,0.13,-0.54,-1.47,-1.02,-0.67,-1.57,-1.25,-0.04,-0.85,-0.25,-0.88,-0.78,-1.53,-1.86,-2.22,-2.01,-2.53,-2.7,-2.41,-2.14,-2.41,-2.66
9.22,10.34,11.4,12.28,12.93,13.3,13.43,13.59,13.89,13.93,13.85,13.94,13.71,12.01,12.13,9.85,12.59,12.55,8.04,6.24,5.47,6.54,5.77,4.68,3.49,3.8,4.01,4.29,3.55,4.08,4.86,3.25,1.75,2.22,2.41,2.86,2.65,3.34,3.76,4.24,4.81,4.87,5.27,4.27,3.41,1.84,1.3,0.83,-0.5,2.34,1.8,1.58,1.63,1.84,1.86,2.55,2.1,1.54,0.77,-0.77,-1.6,-2.01,-2.38,-0.98,-3.36,-3.5,0.52,1.83,1.64,0.32,-0.6,-0.97,-1.33,-1.85,-1.85,-1.7,-1.78,-2.01,-1.86,-2.02
6.64,7.14,8.04,9.31,10.63,11.74,12.49,13.14,13.44,13.69,13.67,13.07,11.66,11.56,12.1,14.61,12.77,9.13,7.93,6.76,5.48,4.49,4.06,5.54,5.19,4.0,4.23,4.18,5.98,6.55,6.36,5.02,5.2,5.25,5.12,4.99,5.86,5.81,4.31,3.9,5.03,2.51,1.5,1.87,0.48,1.16,1.17,0.86,1.02,1.41,1.5,1.81,1.89,1.74,1.83,1.83,1.37,1.05,0.81,0.78,-0.25,-0.27,-2.59,-2.01,-1.63,0.0,-0.36,0.03,-0.19,-0.69,-1.1,-1.68,-1.64,-1.63,-1.48,-1.6,-1.67,-1.95,-2.09,-1.95
6.86,6.57,6.61,7.14,7.98,8.89,9.8,10.37,10.99,11.39,11.52,11.49,7.28,8.46,13.12,12.62,8.64,5.84,4.76,4.86,4.72,5.63,9.54,11.53,10.65,9.22,5.71,5.44,5.41,6.02,6.21,6.24,6.33,6.31,6.03,5.94,6.96,4.53,4.42,3.3,-1.34,-0.03,2.0,1.71,1.35,1.7,1.22,1.54,1.6,1.78,1.87,1.55,1.79,1.8,1.82,1.15,-0.03,-0.32,0.82,-0.52,-1.1,0.2,0.04,-0.83,-1.5,-1.09,-0.84,-1.12,-1.28,-1.57,-1.83,-1.61,-1.28,-1.43,-1.53,-1.15,-0.7,-0.41,-0.13,0.12
8.71,7.81,6.93,6.89,7.72,8.98,10.47,11.52,12.09,12.76,11.91,7.85,5.54,12.09,13.91,8.62,4.84,5.95,6.18,5.27,4.63,6.46,11.06,10.53,5.66,5.83,5.6,4.93,4.86,5.2,5.68,7.29,6.76,6.01,5.61,5.49,4.27,6.54,3.04,2.13,1.55,0.27,0.33,1.53,1.49,1.37,2.05,2.14,2.02,1.7,2.06,1.54,0.54,0.74,0.77,-0.28,-1.09,-1.68,-1.56,-2.68,-0.67,-0.01,-0.12,-1.12,-1.9,-1.09,-0.97,-1.84,-1.68,-1.47,-1.16,-0.62,-0.01,-0.4,-0.72,-0.63,-0.63,-0.67,-0.29,-0.37
8.78,8.68,8.21,7.27,7.59,8.03,11.02,10.41,6.41,4.69,4.05,7.27,11.68,11.13,7.01,4.62,5.38,6.01,5.16,8.4,10.91,8.73,5.89,5.97,5.3,6.12,6.38,6.3,6.61,5.56,5.61,5.9,6.15,5.66,5.07,4.11,3.88,4.62,4.88,3.84,1.72,1.96,0.5,0.43,1.92,1.96,2.12,2.14,1.99,2.23,2.31,2.14,1.89,0.54,0.28,-0.75,-1.58,-2.27,-1.64,-1.88,-0.95,0.28,-0.35,-0.93,-1.01,-1.46,-0.88,-1.05,-1.12,-1.16,-1.34,-1.37,-1.21,-1.03,-0.91,-0.72,-0.35,-0.32,-0.72,-0.76
6.81,6.4,5.46,4.72,2.84,0.46,1.01,1.27,3.82,3.67,2.77,1.32,2.71,3.62,7.54,6.19,4.79,4.77,8.37,9.88,10.45,9.66,5.93,6.24,5.28,5.06,5.06,5.32,5.03,5.62,5.86,6.25,6.12,7.51,5.9,5.57,3.39,3.5,3.98,2.34,1.65,1.28,2.84,1.08,1.86,2.19,1.79,2.1,2.24,2.27,2.74,2.84,2.52,1.23,0.34,-0.74,-1.51,-1.66,-1.23,-1.68,-0.22,0.9,1.15,0.48,-0.79,-1.09,-1.01,-1.28,-1.08,-1.29,-0.76,-0.99,-0.94,-1.12,-1.12,-0.9,-1.22,-1.29,-1.28,-1.26
4.5,3.95,3.92,3.92,1.0,-2.3,2.46,2.52,3.77,3.1,2.91,1.59,0.82,2.1,2.82,2.61,4.52,4.63,8.91,10.6,10.88,10.79,5.23,6.15,5.76,4.61,5.05,5.27,4.6,4.37,5.88,11.58,12.73,6.61,4.81,4.12,4.34,2.54,3.09,1.35,1.76,2.15,2.2,2.0,1.95,1.9,2.07,1.76,2.32,2.66,2.82,2.65,2.91,3.04,1.36,0.48,1.17,-0.46,-1.02,-1.1,-0.07,1.0,1.81,0.02,-1.03,-0.95,-0.56,-0.73,-1.06,-0.68,-0.61,-0.68,-0.49,-0.79,-0.58,-0.87,-1.57,-1.8,-1.54,-1.32
4.91,4.64,4.82,4.57,4.58,-2.31,-0.42,4.24,5.73,3.08,1.12,1.39,1.55,1.81,3.83,6.07,5.49,5.09,6.69,10.84,11.74,12.08,11.81,10.03,7.61,10.66,11.36,11.08,10.53,7.11,4.89,3.71,3.31,3.18,3.43,3.53,2.88,2.64,2.04,1.75,1.95,2.1,2.07,2.02,1.84,2.2,2.07,2.26,2.47,2.74,2.86,2.7,2.71,2.73,1.31,0.39,-0.11,-0.89,-1.03,-0.51,-0.76,1.27,1.25,0.16,-0.36,-0.79,-1.22,-1.18,-0.83,-0.99,-0.93,-0.38,-0.74,-0.59,-0.69,-1.05,-0.92,-0.82,-0.98,-1.47
5.25,5.21,5.02,4.99,5.93,3.86,-2.03,4.18,2.08,1.97,2.93,4.95,3.64,5.87,7.74,5.13,4.86,5.3,8.87,11.05,11.1,10.93,10.54,6.47,2.77,2.93,3.4,3.94,4.15,4.31,3.69,2.9,2.76,2.93,3.85,2.88,3.11,3.38,2.69,2.36,2.13,1.85,1.66,1.92,1.82,2.55,2.12,1.95,2.56,3.2,3.17,2.66,3.62,3.02,0.44,-0.44,-0.58,-0.82,-1.4,-1.01,-1.28,-0.66,-0.82,-0.31,-0.62,-0.77,-0.8,-0.98,-0.94,-1.22,-1.21,-1.13,-1.05,-0.97,-0.96,-0.99,-0.74,-0.5,-0.42,-0.58
3.91,3.75,4.17,5.63,7.11,7.59,7.89,9.26,11.05,11.88,11.61,9.98,3.48,2.6,4.23,3.27,3.26,7.43,8.88,9.22,9.65,9.76,7.95,7.98,6.64,2.0,2.7,3.24,2.8,3.65,2.91,2.76,2.35,2.64,2.05,2.48,2.64,2.79,2.6,2.78,2.79,2.17,2.23,1.75,1.84,2.32,2.2,2.42,2.72,3.04,3.37,3.61,4.26,3.44,0.75,-0.3,-0.54,-0.39,-0.07,-0.08,-0.62,-0.29,-0.67,-0.35,-0.26,-0.51,-1.03,-1.3,-1.63,-1.64,-1.62,-1.34,-1.19,-1.24,-0.99,-0.61,-0.62,-0.52,-0.4,-0.46
1.54,3.47,4.62,4.78,5.17,5.57,6.01,6.47,7.03,5.04,1.98,6.41,4.67,1.74,2.51,3.34,2.92,5.9,7.07,7.22,7.9,6.93,2.25,3.09,3.74,1.64,2.97,2.54,2.81,1.7,2.09,1.24,1.34,1.52,1.78,1.97,2.66,3.02,2.7,2.77,3.05,3.01,2.78,2.4,2.48,2.7,2.45,2.65,3.13,3.44,3.48,3.27,3.93,3.67,2.72,1.44,0.74,0.93,0.48,0.84,0.64,0.03,0.19,-0.1,-0.13,-0.27,-0.62,-0.9,-1.18,-1.25,-1.22,-1.03,-0.98,-1.13,-1.34,-0.93,-0.99,-1.18,-1.15,-0.9
2.6,1.73,1.53,1.29,1.0,1.01,1.7,2.21,2.29,1.87,1.93,3.26,3.44,1.88,2.16,3.79,4.32,4.83,5.2,5.53,6.12,2.36,2.26,2.3,2.17,0.8,1.63,1.15,1.28,0.55,0.25,0.07,0.12,0.05,0.59,1.23,1.37,1.36,1.59,1.36,1.69,2.1,2.3,2.06,2.76,3.17,3.28,3.65,3.56,3.91,4.04,4.02,4.43,4.63,3.63,3.09,1.84,1.36,0.84,1.44,2.35,0.7,0.47,0.21,0.09,-0.31,-0.91,-1.19,-1.52,-1.32,-1.08,-1.27,-1.56,-1.43,-1.08,-1.0,-1.01,-1.55,-1.7,-1.78
